1.000000000000000000e+00 1.243449435824273586e+00 0.000000000000000000e+00
9.922911893760835156e-01 1.224404436784749972e+00 1.895205447248556399e-02
9.846418045134024410e-01 1.205359259747472045e+00 3.732346617312248815e-02
9.770513873100171720e-01 1.186322898638026535e+00 5.512303866452671758e-02
9.695194831954093706e-01 1.167304072399222958e+00 7.235958394295850804e-02
9.620456411032586308e-01 1.148311229052652704e+00 8.904191786127164943e-02
9.546294134444293089e-01 1.129352549773033232e+00 1.051788556913519357e-01
9.472703560801656320e-01 1.110435952972705698e+00 1.207792078239657424e-01
9.399680282954937516e-01 1.091569098393796011e+00 1.358517756039333557e-01
9.327219927728276350e-01 1.072759391205563961e+00 1.504053472985325823e-01
9.255318155657799029e-01 1.054013986104606282e+00 1.644486941970348115e-01
9.183970660731736180e-01 1.035339791415610611e+00 1.779905668392694484e-01
9.113173170132550238e-01 1.016743473190465430e+00 1.910396913711133460e-01
9.042921443981042362e-01 9.982314593035749306e-01 2.036047660247965185e-01
8.973211275082438876e-01 9.798099435413472058e-01 2.156944577219198078e-01
8.904038488674436147e-01 9.614848896838393832e-01 2.273173987970789345e-01
8.835398942177181691e-01 9.432620355766647702e-01 2.384821838399917848e-01
8.767288524945184847e-01 9.251468971913071604e-01 2.491973666540324706e-01
8.699703158021147020e-01 9.071447726720622828e-01 2.594714573290765602e-01
8.632638793891673767e-01 8.892607463678988688e-01 2.693129194265703186e-01
8.566091416244887569e-01 8.714996928475938764e-01 2.787301672747444781e-01
8.500057039729899122e-01 8.538662808965530315e-01 2.877315633718973698e-01
8.434531709718132708e-01 8.363649774938083370e-01 2.963254158956872830e-01
8.369511502066497854e-01 8.190000517677196168e-01 3.045199763163748408e-01
8.304992522882376216e-01 8.017755789289986446e-01 3.123234371119767427e-01
8.240970908290433661e-01 7.846954441797044932e-01 3.197439295832955608e-01
8.177442824201217597e-01 7.677633465969355697e-01 3.267895217668084218e-01
8.114404466081545086e-01 7.509828029899890955e-01 3.334682164434050744e-01
8.051852058726660655e-01 7.343571517298168594e-01 3.397879492409836000e-01
7.989781856034144925e-01 7.178895565496691278e-01 3.457565868289260713e-01
7.928190140779572959e-01 7.015830103158499087e-01 3.513819252024873996e-01
7.867073224393902331e-01 6.854403387675837012e-01 3.566716880551526470e-01
7.806427446742565390e-01 6.694642042250176228e-01 3.616335252370270759e-01
7.746249175906282369e-01 6.536571092644620773e-01 3.662750112973482963e-01
7.686534807963552041e-01 6.380214003599844474e-01 3.706036441092162570e-01
7.627280766774818810e-01 6.225592714905532343e-01 3.746268435746673009e-01
7.568483503768311804e-01 6.072727677119508227e-01 3.783519504082249463e-01
7.510139497727524871e-01 5.921637886927215710e-01 3.817862249970854216e-01
7.452245254580348588e-01 5.772340922134829855e-01 3.849368463361164117e-01
7.394797307189808766e-01 5.624852976289336226e-01 3.878109110358566869e-01
7.337792215146434760e-01 5.479188892919798493e-01 3.904154324017395372e-01
7.281226564562222059e-01 5.335362199393943738e-01 3.927573395827670955e-01
7.225096967866181386e-01 5.193385140384997323e-01 3.948434767878952756e-01
7.169400063601468753e-01 5.053268710943815689e-01 3.966806025684037063e-01
7.114132516224069835e-01 4.915022689171797410e-01 3.982753891645440247e-01
7.059291015903051969e-01 4.778655668490525699e-01 3.996344219147892618e-01
7.004872278322340495e-01 4.644175089504282705e-01 4.007641987260198158e-01
6.950873044484030538e-01 4.511587271451948378e-01 4.016711296030050504e-01
6.897290080513217569e-01 4.380897443245291289e-01 4.023615362355674741e-01
6.844120177464323440e-01 4.252109774090689909e-01 4.028416516418285021e-01
6.791360151128924549e-01 4.125227403691907324e-01 4.031176198659628396e-01
6.739006841845059936e-01 4.000252472031699535e-01 4.031954957289168306e-01
6.687057114307998207e-01 3.877186148730272230e-01 4.030812446305437891e-01
6.635507857382484387e-01 3.756028661979154415e-01 4.027807424016715543e-01
6.584355983916413413e-01 3.636779327048935695e-01 4.022997752045975872e-01
6.533598430555950243e-01 3.519436574369942394e-01 4.016440394805615988e-01
6.483232157562076603e-01 3.403997977184977652e-01 4.008191419427489244e-01
6.433254148628545499e-01 3.290460278773555403e-01 3.998305996134106088e-01
6.383661410701242378e-01 3.178819419247330691e-01 3.986838399037048175e-01
6.334450973798942952e-01 3.069070561916599771e-01 3.973842007348855065e-01
6.285619890835443258e-01 2.961208119228029290e-01 3.959369306994885429e-01
6.237165237443069721e-01 2.855225778273962622e-01 3.943471892611914442e-01
6.189084111797547028e-01 2.751116525873851804e-01 3.926200469920371194e-01
6.141373634444208252e-01 2.648872673228601093e-01 3.907604858457404129e-01
6.094030948125565006e-01 2.548485880148789184e-01 3.887733994658207903e-01
6.047053217610178777e-01 2.449947178857885821e-01 3.866635935273172175e-01
6.000437629522876737e-01 2.353246997371851168e-01 3.844357861108755881e-01
5.954181392176263188e-01 2.258375182456576757e-01 3.820946081080096035e-01
5.908281735403528856e-01 2.165321022164902742e-01 3.796446036563694837e-01
5.862735910392558036e-01 2.074073267954990862e-01 3.770902306038629304e-01
5.817541189521306944e-01 1.984620156392124246e-01 3.744358610005061316e-01
5.772694866194453267e-01 1.896949430436005446e-01 3.716857816168939732e-01
5.728194254681305830e-01 1.811048360315907491e-01 3.688441944882078771e-01
5.684036689954961030e-01 1.726903763996088803e-01 3.659152174826982851e-01
5.640219527532704946e-01 1.644502027234018282e-01 3.629028848935975660e-01
5.596740143317640026e-01 1.563829123234126428e-01 3.598111480534455509e-01
5.553595933441533017e-01 1.484870631899859184e-01 3.566438759698254413e-01
5.510784314108878590e-01 1.407611758687015713e-01 3.534048559815342605e-01
5.468302721442164227e-01 1.332037353061338025e-01 3.500977944342250070e-01
5.426148611328319715e-01 1.258131926563539615e-01 3.467263173745879778e-01
5.384319459266362351e-01 1.185879670485012055e-01 3.432939712621507211e-01
5.342812760216208989e-01 1.115264473157506070e-01 3.398042236977990016e-01
5.301626028448657157e-01 1.046269936860270144e-01 3.362604641681427031e-01
5.260756797396520801e-01 9.788793943481086113e-02 3.326660048048692975e-01
5.220202619506909558e-01 9.130759250039674479e-02 3.290240811582429425e-01
5.179961066094658229e-01 8.488423706197373297e-02 3.253378529839374145e-01
5.140029727196874232e-01 7.861613508089719538e-02 3.216104050423949090e-01
5.100406211428610836e-01 7.250152780553595355e-02 3.178447479099361650e-01
5.061088145839661712e-01 6.653863724008225733e-02 3.140438188008580211e-01
5.022073175772434617e-01 6.072566757771294399e-02 3.102104823997703376e-01
4.983358964720954187e-01 5.506080659850743492e-02 3.063475317034571876e-01
4.944943194190923874e-01 4.954222703251928012e-02 3.024576888715426737e-01
4.906823563560881452e-01 4.416808788841534300e-02 2.985436060852820761e-01
4.868997789944419230e-01 3.893653574809059770e-02 2.946078664138004899e-01
4.831463608053470082e-01 3.384570602768038200e-02 2.906529846871275802e-01
4.794218770062641521e-01 2.889372420538570060e-02 2.866814083753886910e-01
4.757261045474602823e-01 2.407870701654069370e-02 2.826955184735356896e-01
4.720588220986504102e-01 1.939876361634414181e-02 2.786976303910093100e-01
4.684198100357427896e-01 1.485199671069013794e-02 2.746899948457504070e-01
4.648088504276863264e-01 1.043650365552552077e-02 2.706747987619859130e-01
4.612257270234189632e-01 6.150377525170862801e-03 2.666541661712358291e-01
4.576702252389172609e-01 1.991708150041388622e-03 2.626301591160040694e-01
4.541421321443452341e-01 -2.041416875795602163e-03 2.586047785556253586e-01
4.506412364513028290e-01 -5.950911216786830375e-03 2.545799652737651964e-01
4.471673285001721010e-01 -9.738688847344025359e-03 2.505576007870752853e-01
4.437202002475616469e-01 -1.340666313213572172e-02 2.465395082545299155e-01
4.402996452538469052e-01 -1.695674593478358264e-02 2.425274533869763438e-01
4.369054586708073784e-01 -2.039084675451617243e-02 2.385231453564533033e-01
4.335374372293587797e-01 -2.371087189034223885e-02 2.345282377048397704e-01
4.301953792273794930e-01 -2.691872363230147364e-02 2.305443292514147424e-01
4.268790845176317350e-01 -3.001629947934945572e-02 2.265729649989207117e-01
4.235883544957744773e-01 -3.300549138343947253e-02 2.226156370377343485e-01
4.203229920884701820e-01 -3.588818501935897576e-02 2.186737854477679155e-01
4.170828017415821876e-01 -3.866625907988342076e-02 2.147487991977289068e-01
4.138675894084638540e-01 -4.134158459580951350e-02 2.108420170413882189e-01
4.106771625383371371e-01 -4.391602428043206441e-02 2.069547284105094087e-01
4.075113300647617565e-01 -4.639143189802904382e-02 2.030881743041124121e-01
4.043699023941921822e-01 -4.876965165592378471e-02 1.992435481737523939e-01
4.012526913946237173e-01 -5.105251761969146346e-02 1.954219968045079747e-01
3.981595103843257877e-01 -5.324185315108181243e-02 1.916246211913844588e-01
3.950901741206616635e-01 -5.533947036823232135e-02 1.878524774108483453e-01
3.920444987889953325e-01 -5.734716962774514398e-02 1.841065774872225891e-01
3.890223019916826952e-01 -5.926673902820844830e-02 1.803878902536799889e-01
3.860234027371488019e-01 -6.109995393474117187e-02 1.766973422075864553e-01
3.830476214290482462e-01 -6.284857652414546636e-02 1.730358183599535471e-01
3.800947798555101009e-01 -6.451435535025226709e-02 1.694041630787714026e-01
3.771647011784646786e-01 -6.609902492905053717e-02 1.658031809260022693e-01
3.742572099230538907e-01 -6.760430534319139539e-02 1.622336374880271881e-01
3.713721319671217103e-01 -6.903190186546305507e-02 1.586962601993440747e-01
3.685092945307870127e-01 -7.038350460083522830e-02 1.551917391593291007e-01
3.656685261660961306e-01 -7.166078814667556363e-02 1.517207279418804067e-01
3.628496567467550116e-01 -7.286541127074347424e-02 1.482838443977704534e-01
3.600525174579412013e-01 -7.399901660657033642e-02 1.448816714495481106e-01
3.572769407861935420e-01 -7.506323036583927022e-02 1.415147578788323590e-01
3.545227605093805856e-01 -7.605966206738146163e-02 1.381836191058556651e-01
3.517898116867456682e-01 -7.698990428240774786e-02 1.348887379611162229e-01
3.490779306490293110e-01 -7.785553239560190353e-02 1.316305654490139421e-01
3.463869549886672283e-01 -7.865810438170228736e-02 1.284095215033445869e-01
3.437167235500645512e-01 -7.939916059720372732e-02 1.252259957345423225e-01
3.410670764199440486e-01 -8.008022358681747555e-02 1.220803481685622111e-01
3.384378549177698425e-01 -8.070279790432736966e-02 1.189729099773046972e-01
3.358289015862442328e-01 -8.126836994748813658e-02 1.159039842004917220e-01
3.332400601818779617e-01 -8.177840780661360665e-02 1.128738464589076895e-01
3.306711756656333101e-01 -8.223436112650793495e-02 1.098827456589295121e-01
3.281220941936391911e-01 -8.263766098139681271e-02 1.069309046882741809e-01
3.255926631079775202e-01 -8.298971976251998117e-02 1.040185211028984980e-01
3.230827309275414727e-01 -8.329193107805067664e-02 1.011457678049937220e-01
3.205921473389632959e-01 -8.354566966501199288e-02 9.831279371202247819e-02
3.181207631876124542e-01 -8.375229131286532347e-02 9.551972441675118941e-02
3.156684304686633857e-01 -8.391313279844819784e-02 9.276666283823860326e-02
3.132350023182315368e-01 -8.402951183194631857e-02 9.005368986374466533e-02
3.108203330045782309e-01 -8.410272701358655068e-02 8.738086498153080361e-02
3.084242779193832606e-01 -8.413405780074346973e-02 8.474822690452810114e-02
3.060466935690845380e-01 -8.412476448515582295e-02 8.215579418485302599e-02
3.036874375662846903e-01 -8.407608817995415595e-02 7.960356581915861707e-02
3.013463686212237702e-01 -8.398925081620506328e-02 7.709152184481055103e-02
2.990233465333178020e-01 -8.386545514868241902e-02 7.461962392688505086e-02
2.967182321827626645e-01 -8.370588477058013566e-02 7.218781593598815050e-02
2.944308875222025335e-01 -8.351170413688444039e-02 6.979602451690122833e-02
2.921611755684621614e-01 -8.328405859613108309e-02 6.744415964806134423e-02
2.899089603943441062e-01 -8.302407443027426392e-02 6.513211519189099352e-02
2.876741071204875766e-01 -8.273285890239961970e-02 6.285976943599193290e-02
2.854564819072914483e-01 -8.241150031201900650e-02 6.062698562522662177e-02
2.832559519468987319e-01 -8.206106805768788315e-02 5.843361248471036495e-02
2.810723854552428791e-01 -8.168261270669147089e-02 5.627948473374289745e-02
2.789056516641559291e-01 -8.127716607154975015e-02 5.416442359071198948e-02
2.767556208135369955e-01 -8.084574129309649027e-02 5.208823726900304457e-02
2.746221641435809824e-01 -8.038933292988999224e-02 5.005072146395422861e-02
2.725051538870679746e-01 -7.990891705372116238e-02 4.805165983089827036e-02
2.704044632617113586e-01 -7.940545135098471541e-02 4.609082445433566183e-02
2.683199664625650072e-01 -7.887987522968678555e-02 4.416797630828626919e-02
2.662515386544895279e-01 -7.833310993186481941e-02 4.228286570787061216e-02
2.641990559646756886e-01 -7.776605865120100880e-02 4.043523275217264512e-02
2.621623954752264618e-01 -7.717960665561364453e-02 3.862480775844034236e-02
2.601414352157955800e-01 -7.657462141461574001e-02 3.685131168768190218e-02
2.581360541562832678e-01 -7.595195273123481194e-02 3.511445656171741786e-02
2.561461321995873730e-01 -7.531243287829036959e-02 3.341394587174864594e-02
2.541715501744121197e-01 -7.465687673883210362e-02 3.174947497851292322e-02
2.522121898281302621e-01 -7.398608195054312553e-02 3.012073150408538930e-02
2.502679338197019709e-01 -7.330082905391931136e-02 2.852739571540094041e-02
2.483386657126470110e-01 -7.260188164403798272e-02 2.696914089956420693e-02
2.464242699680720683e-01 -7.188998652573409809e-02 2.544563373102189108e-02
2.445246319377513688e-01 -7.116587387200537518e-02 2.395653463066973674e-02
2.426396378572603096e-01 -7.043025738547291359e-02 2.250149811697063629e-02
2.407691748391631026e-01 -6.968383446272639892e-02 2.108017314916136448e-02
2.389131308662513220e-01 -6.892728636138696630e-02 1.969220346262485696e-02
2.370713947848363812e-01 -6.816127836972672716e-02 1.833722789651030111e-02
2.352438562980923298e-01 -6.738645997868382420e-02 1.701488071367976418e-02
2.334304059594505543e-01 -6.660346505611995649e-02 1.572479191306517740e-02
2.316309351660452154e-01 -6.581291202316701117e-02 1.446658753451863198e-02
2.298453361522094507e-01 -6.501540403251677980e-02 1.323988995624040925e-02
2.280735019830216204e-01 -6.421152914850819515e-02 1.204431818487024936e-02
2.263153265479011245e-01 -6.340186052887218648e-02 1.087948813832801884e-02
2.245707045542535141e-01 -6.258695660799634686e-02 9.745012921490690122e-03
2.228395315211652850e-01 -6.176736128157685191e-02 8.640503094794443895e-03
2.211217037731463275e-01 -6.094360409252632532e-02 7.565566935848914119e-03
2.194171184339213376e-01 -6.011620041801162689e-02 6.519810694154243649e-03
2.177256734202688560e-01 -5.928565165749762056e-02 5.502838839009636419e-03
2.160472674359072698e-01 -5.845244542167674778e-02 4.514254300703900678e-03
2.143817999654292483e-01 -5.761705572216866550e-02 3.553658705079345941e-03
2.127291712682813918e-01 -5.677994316187400664e-02 2.620652601558727535e-03
2.110892823727915646e-01 -5.594155512587429407e-02 1.714835684728044938e-03
2.094620350702412481e-01 -5.510232597276888689e-02 8.358070095655725524e-04
2.078473319089845783e-01 -5.426267722634545154e-02 -1.683479958972550431e-05
2.062450761886119310e-01 -5.342301776748248354e-02 -8.434913462395404347e-04
2.046551719541586656e-01 -5.258374402618570809e-02 -1.644564265004481085e-03
2.030775239903590546e-01 -5.174524017366313733e-02 -2.420455030886931643e-03
2.015120378159434844e-01 -5.090787831434593486e-02 -3.171564774426924044e-03
1.999586196779808422e-01 -5.007201867776657489e-02 -3.898294102657752155e-03
1.984171765462635628e-01 -4.923800981020624162e-02 -4.601042925770151143e-03
1.968876161077362241e-01 -4.840618876602847259e-02 -5.280210289392367300e-03
1.953698467609673306e-01 -4.757688129861743082e-02 -5.936194212394242491e-03
1.938637776106634236e-01 -4.675040205084241701e-02 -6.569391530123734786e-03
1.923693184622257413e-01 -4.592705474497262713e-02 -7.180197742984163918e-03
1.908863798163485670e-01 -4.510713237196854047e-02 -7.769006870261056102e-03
1.894148728636593504e-01 -4.429091738007972373e-02 -8.336211309107595044e-03
1.879547094794002116e-01 -4.347868186268014079e-02 -8.882201698597819509e-03
1.865058022181502462e-01 -4.267068774527565944e-02 -9.407366788757597770e-03
1.850680643085888810e-01 -4.186718697161998654e-02 -9.912093314483229681e-03
1.836414096482992253e-01 -4.106842168887803873e-02 -1.039676587425839883e-02
1.822257527986113901e-01 -4.027462443177794865e-02 -1.086176681358046008e-02
1.808210089794862752e-01 -3.948601830569575116e-02 -1.130747611300719942e-02
1.794270940644378809e-01 -3.870281716861739135e-02 -1.173427128073665539e-02
1.780439245754955324e-01 -3.792522581192762227e-02 -1.214252724963192122e-02
1.766714176782041568e-01 -3.715344013997413930e-02 -1.253261627860457333e-02
1.753094911766640007e-01 -3.638764734836086312e-02 -1.290490785826977314e-02
1.739580635086079574e-01 -3.562802610092348499e-02 -1.325976862078799903e-02
1.726170537405168348e-01 -3.487474670534389254e-02 -1.359756225380785721e-02
1.712863815627728159e-01 -3.412797128736237695e-02 -1.391864941842563957e-02
1.699659672848494729e-01 -3.338785396354676527e-02 -1.422338767107812069e-02
1.686557318305397790e-01 -3.265454101258192382e-02 -1.451213138928510518e-02
1.673555967332201189e-01 -3.192817104504241249e-02 -1.478523170115978412e-02
1.660654841311511865e-01 -3.120887517161500049e-02 -1.504303641860507516e-02
1.647853167628151594e-01 -3.049677716973829208e-02 -1.528588997411507028e-02
1.635150179622884836e-01 -2.979199364862888944e-02 -1.551413336110158379e-02
1.622545116546508792e-01 -2.909463421266518524e-02 -1.572810407766630364e-02
1.610037223514291516e-01 -2.840480162310140416e-02 -1.592813607374019350e-02
1.597625751460763632e-01 -2.772259195808638929e-02 -1.611455970151225506e-02
1.585309957094860334e-01 -2.704809477096311449e-02 -1.628770166907079348e-02
1.573089102855406707e-01 -2.638139324682611808e-02 -1.644788499718103161e-02
1.560962456866947512e-01 -2.572256435731641935e-02 -1.659542897912388501e-02
1.548929292895917242e-01 -2.507167901363379844e-02 -1.673064914352143107e-02
1.536988890307145472e-01 -2.442880221774866925e-02 -1.685385722007551323e-02
1.525140534020704430e-01 -2.379399321179720070e-02 -1.696536110814681961e-02
1.513383514469079649e-01 -2.316730562564366797e-02 -1.706546484810261138e-02
1.501717127554680897e-01 -2.254878762259685671e-02 -1.715446859536215451e-02
1.490140674607669802e-01 -2.193848204326721493e-02 -1.723266859706982373e-02
1.478653462344123870e-01 -2.133642654755405973e-02 -1.730035717132672943e-02
1.467254802824514703e-01 -2.074265375475194129e-02 -1.735782268891259209e-02
1.455944013412508453e-01 -2.015719138176782707e-02 -1.740534955743058484e-02
1.444720416734086854e-01 -1.958006237944115088e-02 -1.744321820780856194e-02
1.433583340636977732e-01 -1.901128506695984322e-02 -1.747170508309138157e-02
1.422532118150405533e-01 -1.845087326436737826e-02 -1.749108262945949649e-02
1.411566087445145501e-01 -1.789883642315581030e-02 -1.750161928941023487e-02
1.400684591793888156e-01 -1.735517975494157636e-02 -1.750357949703894300e-02
1.389886979531911315e-01 -1.681990435822198343e-02 -1.749722367535827897e-02
1.379172604018052417e-01 -1.629300734321051033e-02 -1.748280823559455327e-02
1.368540823595983391e-01 -1.577448195475079570e-02 -1.746058557840123385e-02
1.357991001555783339e-01 -1.526431769330951690e-02 -1.743080409693048907e-02
1.347522506095807093e-01 -1.476250043404983212e-02 -1.739370818170476313e-02
1.337134710284849370e-01 -1.426901254398729203e-02 -1.734953822723086375e-02
1.326826992024598140e-01 -1.378383299723158484e-02 -1.729853064030057591e-02
1.316598734012379146e-01 -1.330693748831781979e-02 -1.724091784992226595e-02
1.306449323704190202e-01 -1.283829854363215117e-02 -1.717692831882898508e-02
1.296378153278010537e-01 -1.237788563093675416e-02 -1.710678655650957683e-02
1.286384619597407963e-01 -1.192566526700136395e-02 -1.703071313371027490e-02
1.276468124175412777e-01 -1.148160112334679211e-02 -1.694892469835478088e-02
1.266628073138678090e-01 -1.104565413010926041e-02 -1.686163399283229988e-02
1.256863877191916334e-01 -1.061778257803316743e-02 -1.676904987260352531e-02
1.247174951582601943e-01 -1.019794221860094614e-02 -1.667137732607541084e-02
1.237560716065959632e-01 -9.786086362310340847e-03 -1.656881749569693446e-02
1.228020594870208732e-01 -9.382165975107992217e-03 -1.646156770022833699e-02
1.218554016662085071e-01 -8.986129772991000020e-03 -1.634982145813766372e-02
1.209160414512624460e-01 -8.597924314786956762e-03 -1.623376851207912475e-02
1.199839225863209846e-01 -8.217494093124467006e-03 -1.611359485440865338e-02
1.190589892491883822e-01 -7.844781623606267643e-03 -1.598948275369303437e-02
1.181411860479914949e-01 -7.479727532197479913e-03 -1.586161078216967446e-02
1.172304580178626515e-01 -7.122270640842327111e-03 -1.573015384411510786e-02
1.163267506176479671e-01 -6.772348051322772504e-03 -1.559528320508104041e-02
1.154300097266409142e-01 -6.429895227373074937e-03 -1.545716652195765900e-02
1.145401816413414153e-01 -6.094846075064654263e-03 -1.531596787382492539e-02
1.136572130722393187e-01 -5.767133021475922411e-03 -1.517184779355275695e-02
1.127810511406233118e-01 -5.446687091662423714e-03 -1.502496330011305996e-02
1.119116433754140105e-01 -5.133437983942541402e-03 -1.487546793156583821e-02
1.110489377100216252e-01 -4.827314143514624747e-03 -1.472351177868380656e-02
1.101928824792280381e-01 -4.528242834421765221e-03 -1.456924151917986937e-02
1.093434264160921404e-01 -4.236150209880205388e-03 -1.441280045250288751e-02
1.085005186488803425e-01 -3.950961380988747725e-03 -1.425432853516817207e-02
1.076641086980194145e-01 -3.672600483835239057e-03 -1.409396241658934790e-02
1.068341464730735851e-01 -3.400990745017956184e-03 -1.393183547537970093e-02
1.060105822697449685e-01 -3.136054545599060821e-03 -1.376807785609136629e-02
1.051933667668963346e-01 -2.877713483507408649e-03 -1.360281650636154839e-02
1.043824510235981523e-01 -2.625888434409251893e-03 -1.343617521443610935e-02
1.035777864761970035e-01 -2.380499611063882984e-03 -1.326827464704089833e-02
1.027793249354075483e-01 -2.141466621183182872e-03 -1.309923238757261001e-02
1.019870185834265280e-01 -1.908708523812844941e-03 -1.292916297458130206e-02
1.012008199710690004e-01 -1.682143884253951621e-03 -1.275817794051738348e-02
1.004206820149269735e-01 -1.461690827543427528e-03 -1.258638585071686182e-02
9.964655799454937013e-02 -1.247267090511976206e-03 -1.241389234259905952e-02
9.887840154964429307e-02 -1.038790072438397017e-03 -1.224080016505180689e-02
9.811616667730252428e-02 -8.361768843191044872e-04 -1.206720921797982404e-02
9.735980772924253401e-02 -6.393443967717461242e-04 -1.189321659199258849e-02
9.660927940907688971e-02 -4.482092865921110227e-04 -1.171891660820877090e-02
9.586453676959928727e-02 -2.626880819831418088e-04 -1.154440085815469121e-02
9.512553521009298185e-02 -8.269720647544341651e-05 -1.136975824373526872e-02
9.439223047365967456e-02 9.184697844171397683e-05 -1.119507501725632362e-02
9.366457864456911864e-02 2.610281319596703046e-04 -1.102043482147766276e-02
9.294253614562925092e-02 4.249298938407125971e-04 -1.084591872967724524e-02
9.222605973557605752e-02 5.836358455403685072e-04 -1.067160528570694142e-02
9.151510650648449208e-02 7.372294725422069142e-04 -1.049757054402153042e-02
9.080963388119846214e-02 8.857941278863403758e-04 -1.032388810966251499e-02
9.010959961078107705e-02 1.029412996872072902e-03 -1.015062917817947247e-02
8.941496177198468565e-02 1.168169062915797073e-03 -9.977862575471950143e-03
8.872567876473969051e-02 1.302145074545029216e-03 -9.805654797535300407e-03
8.804170930966385977e-02 1.431423513509336642e-03 -9.634070050095054627e-03
8.736301244558976331e-02 1.556086563989444267e-03 -9.463170288113989179e-03
8.668954752711185985e-02 1.676216082885334351e-03 -9.293015255157490578e-03
8.602127422215236074e-02 1.791893571164582125e-03 -9.123662522602781627e-03
8.535815250954575939e-02 1.903200146252153908e-03 -8.955167528678295574e-03
8.470014267664230379e-02 2.010216515442819936e-03 -8.787583617319957158e-03
8.404720531692937147e-02 2.113022950317767611e-03 -8.620962076831455503e-03
8.339930132767173210e-02 2.211699262146640897e-03 -8.455352178336501129e-03
8.275639190756978181e-02 2.306324778256748330e-03 -8.290801214011002049e-03
8.211843855443567985e-02 2.396978319351042701e-03 -8.127354535083902362e-03
8.148540306288781787e-02 2.483738177756631121e-03 -7.965055589595886401e-03
8.085724752206251142e-02 2.566682096585769148e-03 -7.803945959905241730e-03
8.023393431334380210e-02 2.645887249791336032e-03 -7.644065399931236800e-03
7.961542610811048193e-02 2.721430223098886096e-03 -7.485451872125081091e-03
7.900168586550061767e-02 2.793386995797643695e-03 -7.328141584159571231e-03
7.839267683019336685e-02 2.861832923372761416e-03 -7.172169025328572513e-03
7.778836253020750269e-02 2.926842720961478263e-03 -7.017567002647868632e-03
7.718870677471757757e-02 2.988490447615751219e-03 -6.864366676649790236e-03
7.659367365188626819e-02 3.046849491354346011e-03 -6.712597596863631270e-03
7.600322752671377635e-02 3.101992554987261907e-03 -6.562287736974993166e-03
7.541733303890395257e-02 3.153991642695650258e-03 -6.413463529657154397e-03
7.483595510074617096e-02 3.202918047350625935e-03 -6.266149901067842240e-03
7.425905889501460688e-02 3.248842338554250222e-03 -6.120370305005737657e-03
7.368660987288268294e-02 3.291834351386517532e-03 -5.976146756720446609e-03
7.311857375185422392e-02 3.331963175841976682e-03 -5.833499866370962621e-03
7.255491651371030748e-02 3.369297146939995158e-03 -5.692448872127289783e-03
7.199560440247201876e-02 3.403903835492863052e-03 -5.553011672910597961e-03
7.144060392237895629e-02 3.435850039515905580e-03 -5.415204860767445887e-03
7.088988183588312841e-02 3.465201776264229764e-03 -5.279043752873871509e-03
7.034340516165848989e-02 3.492024274880630233e-03 -5.144542423165656374e-03
6.980114117262584128e-02 3.516381969639598495e-03 -5.011713733591134125e-03
6.926305739399278572e-02 3.538338493772362654e-03 -4.880569364983305264e-03
6.872912160130903447e-02 3.557956673858231941e-03 -4.751119847548357714e-03
6.819930181853642304e-02 3.575298524767573771e-03 -4.623374590967769052e-03
6.767356631613398454e-02 3.590425245142019918e-03 -4.497341914111686705e-03
6.715188360915788635e-02 3.603397213397636738e-03 -4.373029074361387339e-03
6.663422245537560518e-02 3.614273984237040271e-03 -4.250442296538745925e-03
6.612055185339520136e-02 3.623114285656539417e-03 -4.129586801441315416e-03
6.561084104080849855e-02 3.629976016434637975e-03 -4.010466833981275389e-03
6.510505949234902945e-02 3.634916244088443223e-03 -3.893085690927270380e-03
6.460317691806369278e-02 3.637991203284639697e-03 -3.777445748247989545e-03
6.410516326149894029e-02 3.639256294691924510e-03 -3.663548488056834942e-03
6.361098869790081378e-02 3.638766084262008704e-03 -3.551394525157086906e-03
6.312062363242861018e-02 3.636574302926427055e-03 -3.440983633187135425e-03
6.263403869838274352e-02 3.632733846696655899e-03 -3.332314770365781432e-03
6.215120475544582551e-02 3.627296777155170852e-03 -3.225386104837493079e-03
6.167209288793783911e-02 3.620314322325306981e-03 -3.120195039618008613e-03
6.119667440308414197e-02 3.611836877907949675e-03 -3.016738237140499657e-03
6.072492082929727142e-02 3.601914008873308669e-03 -2.915011643403074212e-03
6.025680391447189865e-02 3.590594451396175550e-03 -2.815010511718280765e-03
5.979229562429277250e-02 3.577926115123300152e-03 -2.716729426065513792e-03
5.933136814055584712e-02 3.563956085761666066e-03 -2.620162324047476884e-03
5.887399385950243397e-02 3.548730627976704865e-03 -2.525302519451919515e-03
5.842014539016594094e-02 3.532295188589566672e-03 -2.432142724419959334e-03
5.796979555273148316e-02 3.514694400062875253e-03 -2.340675071222608501e-03
5.752291737690830298e-02 3.495972084264521978e-03 -2.250891133647169376e-03
5.707948410031452730e-02 3.476171256499197872e-03 -2.162781947995225194e-03
5.663946916687435246e-02 3.455334129797670451e-03 -2.076338033694196360e-03
5.620284622522773998e-02 3.433502119453857564e-03 -1.991549413524544478e-03
5.576958912715236638e-02 3.410715847800053178e-03 -1.908405633464772128e-03
5.533967192599752172e-02 3.387015149210753293e-03 -1.826895782156454442e-03
5.491306887513031781e-02 3.362439075325769546e-03 -1.747008509991785112e-03
5.448975442639387989e-02 3.337025900483492867e-03 -1.668732047826102481e-03
5.406970322857709843e-02 3.310813127355295270e-03 -1.592054225317926942e-03
5.365289012589664203e-02 3.283837492772324635e-03 -1.516962488899353248e-03
5.323929015649028068e-02 3.256134973736050063e-03 -1.443443919379439533e-03
5.282887855092216478e-02 3.227740793604135742e-03 -1.371485249183586937e-03
5.242163073069922713e-02 3.198689428443340921e-03 -1.301072879231765424e-03
5.201752230679936723e-02 3.169014613541421607e-03 -1.232192895458731697e-03
5.161652907821089736e-02 3.138749350070058151e-03 -1.164831084979305563e-03
5.121862703048311871e-02 3.107925911891073600e-03 -1.098972951901870838e-03
5.082379233428811760e-02 3.076575852498367701e-03 -1.034603732793408894e-03
5.043200134399381668e-02 3.044730012088176646e-03 -9.717084117993918420e-04
5.004323059624787157e-02 3.012418524750356229e-03 -9.102717354218806600e-04
4.965745680857241301e-02 2.979670825773643710e-03 -8.502782269592812229e-04
4.927465687796980104e-02 2.946515659057978576e-03 -7.917122006112987031e-04
4.889480787953907198e-02 2.912981084627095946e-03 -7.345577752526100948e-04
4.851788706510292565e-02 2.879094486234809371e-03 -6.787988878788288240e-04
4.814387186184546780e-02 2.844882579058531993e-03 -6.244193067284646483e-04
4.777273987096042340e-02 2.810371417473746421e-03 -5.714026440845295686e-04
4.740446886630957091e-02 2.775586402903279775e-03 -5.197323687594817892e-04
4.703903679309184849e-02 2.740552291735418207e-03 -4.693918182673600037e-04
4.667642176652244540e-02 2.705293203304996643e-03 -4.203642106867980883e-04
4.631660207052227390e-02 2.669832627931817675e-03 -3.726326562188246876e-04
4.595955615641732217e-02 2.634193435010803372e-03 -3.261801684432322061e-04
4.560526264164822818e-02 2.598397881148546175e-03 -2.809896752774506995e-04
4.525370030848979014e-02 2.562467618340962764e-03 -2.370440296417963984e-04
4.490484810278017741e-02 2.526423702186949075e-03 -1.943260198349927071e-04
4.455868513266013353e-02 2.490286600133071251e-03 -1.528183796239477416e-04
4.421519066732171321e-02 2.454076199744447025e-03 -1.125037980516863025e-04
4.387434413576697667e-02 2.417811816997129416e-03 -7.336492896746054379e-05
4.353612512557580860e-02 2.381512204587396195e-03 -3.538440028293072186e-05
4.320051338168359734e-02 2.345195560253539313e-03 1.455177041525028817e-06
4.286748880516823290e-02 2.308879535105837037e-03 3.717120027642016361e-05
4.253703145204633385e-02 2.272581241960511603e-03 7.178106646471292041e-05
4.220912153207891787e-02 2.236317263673640900e-03 1.053021642212718782e-04
4.188373940758624570e-02 2.200103661471095907e-03 1.377518657862817817e-04
4.156086559227172017e-02 2.163955983270652791e-03 1.691475193286117156e-04
4.124048075005485453e-02 2.127889271992644115e-03 1.995064414951331873e-04
4.092256569391339305e-02 2.091918073855552652e-03 2.288459102020102610e-04
4.060710138473423714e-02 2.056056446653093967e-03 2.571831576639999322e-04
4.029406893017314223e-02 2.020317968009424561e-03 2.845353636577985213e-04
3.998344958352338663e-02 1.984715743609299313e-03 3.109196490154560654e-04
3.967522474259309317e-02 1.949262415400012348e-03 3.363530693439302391e-04
3.936937594859112044e-02 1.913970169762122409e-03 3.608526089668626070e-04
3.906588488502164835e-02 1.878850745646069680e-03 3.844351750846341023e-04
3.876473337658731255e-02 1.843915442671889169e-03 4.071175921488160636e-04
3.846590338810058907e-02 1.809175129189275920e-03 4.289165964471519741e-04
3.816937702340385957e-02 1.774640250295490135e-03 4.498488308951661269e-04
3.787513652429755351e-02 1.740320835808524882e-03 4.699308400306030425e-04
3.758316426947676953e-02 1.706226508193187542e-03 4.891790652068423806e-04
3.729344277347582809e-02 1.672366490437761583e-03 5.076098399815187059e-04
3.700595468562122015e-02 1.638749613879059456e-03 5.252393856965500464e-04
3.672068278899253552e-02 1.605384325973745674e-03 5.420838072458323068e-04
3.643760999939128775e-02 1.572278698013870966e-03 5.581590890268904809e-04
3.615671936431787137e-02 1.539440432784726451e-03 5.734810910727639478e-04
3.587799406195624208e-02 1.506876872163119378e-03 5.880655453604836892e-04
3.560141740016661838e-02 1.474595004654337014e-03 6.019280522924682622e-04
3.532697281548573265e-02 1.442601472866072640e-03 6.150840773472680302e-04
3.505464387213489547e-02 1.410902580917745017e-03 6.275489478960381536e-04
3.478441426103577594e-02 1.379504301783670249e-03 6.393378501812116942e-04
3.451626779883359281e-02 1.348412284568619541e-03 6.504658264538499364e-04
3.425018842692798687e-02 1.317631861714432980e-03 6.609477722661829136e-04
3.398616021051135971e-02 1.287168056136353371e-03 6.707984339158794751e-04
3.372416733761444269e-02 1.257025588287857603e-03 6.800324060386486779e-04
3.346419411815950568e-02 1.227208883152867492e-03 6.886641293457580271e-04
3.320622498302062270e-02 1.197722077164207121e-03 6.967078885031440742e-04
3.295024448309135517e-02 1.168569025047330040e-03 7.041778101487843793e-04
3.269623728835945736e-02 1.139753306588328803e-03 7.110878610450600172e-04
3.244418818698884682e-02 1.111278233325377948e-03 7.174518463628611151e-04
3.219408208440864561e-02 1.083146855162767531e-03 7.232834080942287863e-04
3.194590400240911870e-02 1.055361966906756153e-03 7.285960235903691075e-04
3.169963907824474569e-02 1.027926114722573642e-03 7.334030042219027599e-04
3.145527256374404390e-02 1.000841602511893169e-03 7.377174941582601399e-04
3.121278982442646927e-02 9.741104982102326542e-04 7.415524692631560340e-04
3.097217633862586056e-02 9.477346400036999827e-04 7.449207361031463630e-04
3.073341769662083292e-02 9.217156424646568130e-04 7.478349310662662499e-04
3.049649959977186395e-02 8.960549026058582970e-04 7.503075195878234748e-04
3.026140785966487806e-02 8.707536058526813266e-04 7.523507954804415461e-04
3.002812839726161365e-02 8.458127319331510633e-04 7.539768803654904204e-04
2.979664724205647805e-02 8.212330606854752971e-04 7.551977232030842105e-04
2.956695053123983494e-02 7.970151777828550456e-04 7.560250999178625168e-04
2.933902450886780380e-02 7.731594803754048614e-04 7.564706131178122435e-04
2.911285552503848489e-02 7.496661826490468895e-04 7.565456919034241638e-04
2.888843003507452628e-02 7.265353213012820709e-04 7.562615917645267461e-04
2.866573459871187696e-02 7.037667609337790783e-04 7.556293945621665340e-04
2.844475587929494800e-02 6.813601993617933450e-04 7.546600085929548946e-04
2.822548064297792855e-02 6.593151728404387374e-04 7.533641687333372718e-04
2.800789575793219410e-02 6.376310612078613105e-04 7.517524366612780536e-04
2.779198819355989045e-02 6.163070929454556599e-04 7.498352011529009964e-04
2.757774501971362729e-02 5.953423501552408551e-04 7.476226784516542103e-04
2.736515340592200404e-02 5.747357734545701854e-04 7.451249127076230248e-04
2.715420062062132850e-02 5.544861667884118340e-04 7.423517764846358476e-04
2.694487403039311224e-02 5.345922021594104890e-04 7.393129713328663519e-04
2.673716109920752995e-02 5.150524242760297832e-04 7.360180284246601538e-04
2.653104938767259294e-02 4.958652551190562618e-04 7.324763092513561025e-04
2.632652655228924152e-02 4.770289984268250493e-04 7.286970063789244539e-04
2.612358034471213772e-02 4.585418440995101506e-04 7.246891442602619799e-04
2.592219861101608541e-02 4.404018725228672575e-04 7.204615801020376265e-04
2.572236929096822361e-02 4.226070588118617673e-04 7.160230047840197365e-04
2.552408041730569802e-02 4.051552769746000269e-04 7.113819438288459954e-04
2.532732011501907451e-02 3.880443039970535909e-04 7.065467584202482151e-04
2.513207660064108173e-02 3.712718238490315330e-04 7.015256464677642381e-04
2.493833818154096715e-02 3.548354314119429669e-04 6.963266437160288728e-04
2.474609325522428641e-02 3.387326363288663440e-04 6.909576248967556162e-04
2.455533030863798691e-02 3.229608667774670327e-04 6.854263049215605962e-04
2.436603791748096978e-02 3.075174731663587319e-04 6.797402401138324295e-04
2.417820474551994267e-02 2.923997317554823160e-04 6.739068294778662168e-04
2.399181954391046284e-02 2.776048482011060658e-04 6.679333160035302039e-04
2.380687115052328162e-02 2.631299610260869645e-04 6.618267880047684409e-04
2.362334848927590686e-02 2.489721450160273177e-04 6.555941804902750813e-04
2.344124056946929671e-02 2.351284145419817986e-04 6.492422765647142338e-04
2.326053648512959107e-02 2.215957268103809180e-04 6.427777088588874704e-04
2.308122541435501940e-02 2.083709850408710406e-04 6.362069609873028091e-04
2.290329661866783231e-02 1.954510415727584967e-04 6.295363690316118938e-04
2.272673944237113552e-02 1.828327009007647418e-04 6.227721230484312056e-04
2.255154331191081343e-02 1.705127226408287918e-04 6.159202686000957768e-04
2.237769773524223710e-02 1.584878244266728603e-04 6.089867083069161035e-04
2.220519230120200985e-02 1.467546847378961019e-04 6.019772034195612111e-04
2.203401667888439663e-02 1.353099456603246392e-04 5.948973754102025377e-04
2.186416061702265226e-02 1.241502155794005314e-04 5.877527075811008958e-04
2.169561394337513396e-02 1.132720718073726928e-04 5.805485466893472871e-04
2.152836656411605265e-02 1.026720631450646121e-04 5.732901045864950175e-04
2.136240846323101891e-02 9.234671237901092395e-05 5.659824598718590479e-04
2.119772970191722422e-02 8.229251871475329707e-05 5.586305595582833445e-04
2.103432041798818444e-02 7.250596014708660445e-05 5.512392207492103867e-04
2.087217082528313589e-02 6.298349576806965325e-05 5.438131323259202737e-04
2.071127121308098673e-02 5.372156801360325077e-05 5.363568566438307265e-04
2.055161194551877180e-02 4.471660484938833822e-05 5.288748312367818043e-04
2.039318346101454821e-02 3.596502189707709323e-05 5.213713705282571305e-04
2.023597627169479440e-02 2.746322450144665631e-05 5.138506675485257288e-04
2.007998096282623268e-02 1.920760973941004906e-05 5.063167956567117762e-04
1.992518819225196081e-02 1.119456837168901988e-05 4.987737102668300410e-04
1.977158868983198634e-02 3.420486737980932095e-06 4.912252505768486318e-04
1.961917325688811164e-02 -4.118251403552337507e-06 4.836751412998830692e-04
1.946793276565295452e-02 -1.142526309165500693e-05 4.761269943966187058e-04
1.931785815872339926e-02 -1.850416443135829414e-05 4.685843108081302888e-04
1.916894044851811391e-02 -2.535856891655959410e-05 4.610504821882517958e-04
1.902117071673935580e-02 -3.199208580495831406e-05 4.535287926347022027e-04
1.887454011383882940e-02 -3.840831854452647913e-05 4.460224204181827633e-04
1.872903985848772476e-02 -4.461086325068014158e-05 4.385344397086952625e-04
1.858466123705086043e-02 -5.060330723332608392e-05 4.310678222983549890e-04
1.844139560306479533e-02 -5.638922757296172808e-05 4.236254393199812831e-04
1.829923437672005201e-02 -6.197218974499979136e-05 4.162100629607958934e-04
1.815816904434724641e-02 -6.735574629150207441e-05 4.088243681705610016e-04
1.801819115790732201e-02 -7.254343553949499943e-05 4.014709343635313333e-04
1.787929233448547900e-02 -7.753878036506700133e-05 3.941522471135847929e-04
1.774146425578928404e-02 -8.234528700241662254e-05 3.868706998419708747e-04
1.760469866765042996e-02 -8.696644389705761433e-05 3.796285954970760935e-04
1.746898737953039155e-02 -9.140572060237292116e-05 3.724281482256721937e-04
1.733432226402999848e-02 -9.566656671870722890e-05 3.652714850351223294e-04
1.720069525640266148e-02 -9.975241087421673287e-05 3.581606474460227924e-04
1.706809835407136280e-02 -1.036666597466746567e-04 3.510975931348015041e-04
1.693652361614943896e-02 -1.074126971254467594e-04 3.440841975658050591e-04
1.680596316296504786e-02 -1.109938830128559626e-04 3.371222556124220458e-04
1.667640917558924421e-02 -1.144135527641612974e-04 3.302134831668099920e-04
1.654785389536767709e-02 -1.176750162653781510e-04 3.233595187378149154e-04
1.642028962345604137e-02 -1.207815571481707194e-04 3.165619250366980995e-04
1.629370872035896742e-02 -1.237364320410648392e-04 3.098221905502795645e-04
1.616810360547245654e-02 -1.265428698562212552e-04 3.031417311011458133e-04
1.604346675663000446e-02 -1.292040711110224575e-04 2.965218913945894918e-04
1.591979070965205204e-02 -1.317232072837348127e-04 2.899639465519373237e-04
1.579706805789896779e-02 -1.341034202025101301e-04 2.834691036299708759e-04
1.567529145182749648e-02 -1.363478214669965993e-04 2.770385031261451427e-04
1.555445359855065629e-02 -1.384594919018400177e-04 2.706732204693273938e-04
1.543454726140094067e-02 -1.404414810413616302e-04 2.643742674957895705e-04
1.531556525949690634e-02 -1.422968066447045715e-04 2.581425939102116422e-04
1.519750046731320470e-02 -1.440284542407471594e-04 2.519790887314686187e-04
1.508034581425381389e-02 -1.456393767020935698e-04 2.458845817229717468e-04
1.496409428422856673e-02 -1.471324938474551309e-04 2.398598448073662695e-04
1.484873891523301286e-02 -1.485106920717435271e-04 2.339055934653973940e-04
1.473427279893149699e-02 -1.497768240032067426e-04 2.280224881187639750e-04
1.462068908024341703e-02 -1.509337081869457583e-04 2.222111354967940867e-04
1.450798095693265136e-02 -1.519841287941564112e-04 2.164720899867912901e-04
1.439614167920026666e-02 -1.529308353564482273e-04 2.108058549679200271e-04
1.428516454928024752e-02 -1.537765425246040711e-04 2.052128841284903626e-04
1.417504292103835550e-02 -1.545239298511477644e-04 1.996935827665330019e-04
1.406577019957417837e-02 -1.551756415960955243e-04 1.942483090735653531e-04
1.395733984082614051e-02 -1.557342865552777806e-04 1.888773754014438726e-04
1.384974535117957338e-02 -1.562024379106256551e-04 1.835810495122289145e-04
1.374298028707785814e-02 -1.565826331018187179e-04 1.783595558109884929e-04
1.363703825463655206e-02 -1.568773737187083869e-04 1.732130765614805948e-04
1.353191290926046043e-02 -1.570891254139313692e-04 1.681417530846573396e-04
1.342759795526363674e-02 -1.572203178351407092e-04 1.631456869399529027e-04
1.332408714549241681e-02 -1.572733445762868390e-04 1.582249410893269315e-04
1.322137428095126153e-02 -1.572505631473922172e-04 1.533795410440306052e-04
1.311945321043148441e-02 -1.571542949622702458e-04 1.486094759940861465e-04
1.301831783014294197e-02 -1.569868253436453606e-04 1.439146999204784052e-04
1.291796208334840962e-02 -1.567504035451448255e-04 1.392951326900484024e-04
1.281837996000094980e-02 -1.564472427896335463e-04 1.347506611331150195e-04
1.271956549638389097e-02 -1.560795203233795916e-04 1.302811401038273789e-04
1.262151277475376081e-02 -1.556493774855393546e-04 1.258863935232883038e-04
1.252421592298584747e-02 -1.551589197924642741e-04 1.215662154054714491e-04
1.242766911422250528e-02 -1.546102170363370754e-04 1.173203708659754978e-04
1.233186656652426362e-02 -1.540053033976537616e-04 1.131485971136686041e-04
1.223680254252352759e-02 -1.533461775710779100e-04 1.090506044252670333e-04
1.214247134908096049e-02 -1.526348029041972999e-04 1.050260771029139993e-04
1.204886733694455862e-02 -1.518731075487277777e-04 1.010746744148262734e-04
1.195598490041135595e-02 -1.510629846237108098e-04 9.719603151907838575e-05
1.186381847699168567e-02 -1.502062923902632377e-04 9.338976037060199554e-05
1.177236254707603180e-02 -1.493048544374448209e-04 8.965545061148471164e-05
1.168161163360453142e-02 -1.483604598788168267e-04 8.599267044466185031e-05
1.159156030173894014e-02 -1.473748635592730288e-04 8.240096749108766206e-05
1.150220315853712170e-02 -1.463497862717317959e-04 7.887986963048898646e-05
1.141353485263014132e-02 -1.452869149832883050e-04 7.542888582580860324e-05
1.132555007390175124e-02 -1.441879030704297092e-04 7.204750693143940844e-05
1.123824355317036561e-02 -1.430543705629269311e-04 6.873520648536613018e-05
1.115161006187351950e-02 -1.418879043960244251e-04 6.549144148533277544e-05
1.106564441175477212e-02 -1.406900586705547526e-04 6.231565314915451462e-05
1.098034145455296061e-02 -1.394623549206138683e-04 5.920726765929747404e-05
1.089569608169386680e-02 -1.382062823884407131e-04 5.616569689185603925e-05
1.081170322398433692e-02 -1.369232983061527593e-04 5.319033913006252363e-05
1.072835785130865985e-02 -1.356148281839933281e-04 5.028057976245760557e-05
1.064565497232730987e-02 -1.342822661047580470e-04 4.743579196586362578e-05
1.056358963417808848e-02 -1.329269750240736399e-04 4.465533737330418474e-05
1.048215692217943987e-02 -1.315502870762063931e-04 4.193856672700633110e-05
1.040135195953618800e-02 -1.301535038850908641e-04 3.928482051664124273e-05
1.032116990704741791e-02 -1.287378968802696208e-04 3.669342960294301161e-05
1.024160596281671956e-02 -1.273047076174489971e-04 3.416371582686581165e-05
1.016265536196459679e-02 -1.258551481033749894e-04 3.169499260442572855e-05
1.008431337634307749e-02 -1.243904011247470723e-04 2.928656550738603656e-05
1.000657531425261718e-02 -1.229116205808913518e-04 2.693773282994566231e-05
9.929436520161092836e-03 -1.214199318199206602e-04 2.464778614158548713e-05
9.852892374424975647e-03 -1.199164319781162772e-04 2.241601082623609717e-05
9.776938293012698081e-03 -1.184021903222751609e-04 2.024168660793055369e-05
9.701569727230142590e-03 -1.168782485947696760e-04 1.812408806310488496e-05
9.626782163448210222e-03 -1.153456213610725404e-04 1.606248511971070878e-05
9.552571122832486522e-03 -1.138052963595102818e-04 1.405614354330735105e-05
9.478932161075074095e-03 -1.122582348530126424e-04 1.210432541030332413e-05
9.405860868128399291e-03 -1.107053719826286373e-04 1.020628956851127276e-05
9.333352867941088413e-03 -1.091476171225897823e-04 8.361292085188157228e-06
9.261403818195946408e-03 -1.075858542367081922e-04 6.568586682732730787e-06
9.190009410049854166e-03 -1.060209422358960414e-04 4.827425162205752928e-06
9.119165367875773504e-03 -1.044537153366083184e-04 3.137057814850692625e-06
9.048867449006639530e-03 -1.028849834200076314e-04 1.496733821780151834e-06
8.979111443481320801e-03 -1.013155323916631594e-04 -9.429835799378992835e-08
8.909893173792487672e-03 -9.974612454159524763e-05 -1.636790611017876922e-06
8.841208494636390580e-03 -9.817749890448495013e-05 -3.131494804170095016e-06
8.773053292664674888e-03 -9.661037161987769096e-05 -4.579162430572150014e-06
8.705423486237999844e-03 -9.504543629220534842e-05 -5.980544266472618146e-06
8.638315025181600437e-03 -9.348336435046668020e-05 -7.336390038926446776e-06
8.571723890542740087e-03 -9.192480540740568151e-05 -8.647448104098066514e-06
8.505646094350042055e-03 -9.037038761803381124e-05 -9.914465136016741034e-06
8.440077679374647507e-03 -8.882071803734612728e-05 -1.113818582561301391e-05
8.375014718893200247e-03 -8.727638297708745750e-05 -1.231935258986418454e-05
8.310453316452736175e-03 -8.573794836143141412e-05 -1.345870529087679506e-05
8.246389605637307468e-03 -8.420596008143411049e-05 -1.455698096473805507e-05
8.182819749836414344e-03 -8.268094434813415662e-05 -1.561491355996511352e-05
8.119739942015279099e-03 -8.116340804417579522e-05 -1.663323368538200038e-05
8.057146404486835792e-03 -7.965383907383065745e-05 -1.761266836725797243e-05
7.995035388685482400e-03 -7.815270671130382309e-05 -1.855394081553837993e-05
7.933403174942591993e-03 -7.666046194721224099e-05 -1.945777019900064996e-05
7.872246072263779440e-03 -7.517753783312798425e-05 -2.032487142917024559e-05
7.811560418107830854e-03 -7.370434982408095555e-05 -2.115595495283153609e-05
7.751342578167353010e-03 -7.224129611892335606e-05 -2.195172655296952492e-05
7.691588946151157492e-03 -7.078875799846115870e-05 -2.271288715797801616e-05
7.632295943568272872e-03 -6.934710016125877506e-05 -2.344013265897436056e-05
7.573460019513616158e-03 -6.791667105703087109e-05 -2.413415373505872701e-05
7.515077650455386817e-03 -6.649780321753887794e-05 -2.479563568635744736e-05
7.457145340023996032e-03 -6.509081358490844326e-05 -2.542525827469404223e-05
7.399659618802734151e-03 -6.369600383729642843e-05 -2.602369557172801772e-05
7.342617044119938673e-03 -6.231366071182947025e-05 -2.659161581440800184e-05
7.286014199842874399e-03 -6.094405632474996317e-05 -2.712968126758213988e-05
7.229847696173122805e-03 -5.958744848869931409e-05 -2.763854809361416371e-05
7.174114169443563012e-03 -5.824408102707804576e-05 -2.811886622885237787e-05
7.118810281916963453e-03 -5.691418408542462889e-05 -2.857127926680052947e-05
7.063932721586080148e-03 -5.559797443975438068e-05 -2.899642434784239906e-05
7.009478201975289334e-03 -5.429565580180698454e-05 -2.939493205537163095e-05
6.955443461943789166e-03 -5.300741912115376048e-05 -2.976742631818080827e-05
6.901825265490303674e-03 -5.173344288411671710e-05 -3.011452431896486937e-05
6.848620401559280327e-03 -5.047389340945529186e-05 -3.043683640879599799e-05
6.795825683848566445e-03 -4.922892514078024427e-05 -3.073496602742817704e-05
6.743437950618627781e-03 -4.799868093565791340e-05 -3.100950962929090355e-05
6.691454064503180900e-03 -4.678329235136660148e-05 -3.126105661503421871e-05
6.639870912321287066e-03 -4.558287992727400072e-05 -3.149018926848793851e-05
6.588685404890953605e-03 -4.439755346380630188e-05 -3.169748269889913976e-05
6.537894476844084875e-03 -4.322741229797850488e-05 -3.188350478831561186e-05
6.487495086442947659e-03 -4.207254557546412555e-05 -3.204881614398168355e-05
6.437484215397967953e-03 -4.093303251917792521e-05 -3.219397005561744541e-05
6.387858868687010944e-03 -3.980894269435509506e-05 -3.231951245745179221e-05
6.338616074376000192e-03 -3.870033627010498119e-05 -3.242598189488267083e-05
6.289752883440921129e-03 -3.760726427742535689e-05 -3.251390949563925399e-05
6.241266369591240079e-03 -3.652976886366400170e-05 -3.258381894532208180e-05
6.193153629094645153e-03 -3.546788354341417012e-05 -3.263622646719982836e-05
6.145411780603136746e-03 -3.442163344583463254e-05 -3.267164080614191348e-05
6.098037964980479800e-03 -3.339103555838802723e-05 -3.269056321656876104e-05
6.051029345130990063e-03 -3.237609896699037440e-05 -3.269348745430298968e-05
6.004383105829617061e-03 -3.137682509256788983e-05 -3.268089977220627832e-05
5.958096453553330708e-03 -3.039320792401905503e-05 -3.265327891948868874e-05
5.912166616313857537e-03 -2.942523424758306208e-05 -3.261109614457889427e-05
5.866590843491655514e-03 -2.847288387261350141e-05 -3.255481520144515984e-05
5.821366405671174298e-03 -2.753612985376203940e-05 -3.248489235925941185e-05
5.776490594477423461e-03 -2.661493870957667998e-05 -3.240177641529715699e-05
5.731960722413765447e-03 -2.570927063752006527e-05 -3.230590871096952554e-05
5.687774122700953172e-03 -2.481907972541542830e-05 -3.219772315088349134e-05
5.643928149117436593e-03 -2.394431415933033844e-05 -3.207764622482947152e-05
5.600420175840896582e-03 -2.308491642790812289e-05 -3.194609703259672882e-05
5.557247597290980966e-03 -2.224082352315846339e-05 -3.180348731151838831e-05
5.514407827973247939e-03 -2.141196713772061566e-05 -3.165022146665003548e-05
5.471898302324357602e-03 -2.059827385861484050e-05 -3.148669660348758358e-05
5.429716474558411894e-03 -1.979966535749576832e-05 -3.131330256313113487e-05
5.387859818514479336e-03 -1.901605857742549844e-05 -3.113042195980397303e-05
5.346325827505345359e-03 -1.824736591618550489e-05 -3.093843022063743638e-05
5.305112014167351168e-03 -1.749349540614372026e-05 -3.073769562763311984e-05
5.264215910311472943e-03 -1.675435089070007738e-05 -3.052857936171712627e-05
5.223635066775472215e-03 -1.602983219732856751e-05 -3.031143554880101005e-05
5.183367053277248421e-03 -1.531983530724060280e-05 -3.008661130776725737e-05
5.143409458269288664e-03 -1.462425252169066721e-05 -2.985444680029735126e-05
5.103759888794228566e-03 -1.394297262494868449e-05 -2.961527528246301016e-05
5.064415970341571045e-03 -1.327588104396488506e-05 -2.936942315800295436e-05
5.025375346705471952e-03 -1.262286000475101759e-05 -2.911721003320784574e-05
4.986635679843623783e-03 -1.198378868550505088e-05 -2.885894877333906872e-05
4.948194649737241817e-03 -1.135854336650665249e-05 -2.859494556050793147e-05
4.910049954252138776e-03 -1.074699757681086239e-05 -2.832549995294345572e-05
4.872199309000842075e-03 -1.014902223776796987e-05 -2.805090494557814303e-05
4.834640447205776174e-03 -9.564485803398987173e-06 -2.777144703188331795e-05
4.797371119563537817e-03 -8.993254397656908356e-06 -2.748740626688692237e-05
4.760389094110179138e-03 -8.435191948602845368e-06 -2.719905633130754015e-05
4.723692156087524671e-03 -7.890160319528108967e-06 -2.690666459674043653e-05
4.687278107810564746e-03 -7.358019437054493649e-06 -2.661049219183348778e-05
4.651144768535825542e-03 -6.838627416242780371e-06 -2.631079406939059497e-05
4.615289974330760887e-03 -6.331840682742628584e-06 -2.600781907434320144e-05
4.579711577944183161e-03 -5.837514092016704647e-06 -2.570181001253167203e-05
4.544407448677656100e-03 -5.355501045670984023e-06 -2.539300372023871566e-05
4.509375472257886805e-03 -4.885653604925171228e-06 -2.508163113441945854e-05
4.474613550710119549e-03 -4.427822601257075682e-06 -2.476791736357411390e-05
4.440119602232482816e-03 -3.981857744254296202e-06 -2.445208175920960387e-05
4.405891561071332077e-03 -3.547607726708093707e-06 -2.413433798783912182e-05
4.371927377397523233e-03 -3.124920326983276262e-06 -2.381489410346862345e-05
4.338225017183647975e-03 -2.713642508699211494e-06 -2.349395262052164391e-05
4.304782462082241447e-03 -2.313620517757211413e-06 -2.317171058715474273e-05
4.271597709304894575e-03 -1.924699976748653765e-06 -2.284835965891672898e-05
4.238668771502305740e-03 -1.546725976779560574e-06 -2.252408617270651979e-05
4.205993676645284826e-03 -1.179543166747396656e-06 -2.219907122098611828e-05
4.173570467906637625e-03 -8.229958401049222310e-07 -2.187349072620519067e-05
4.141397203543973997e-03 -4.769280191470585088e-07 -2.154751551539608659e-05
4.109471956783434556e-03 -1.411835368570100290e-07 -2.122131139489917041e-05
4.077792815704297733e-03 1.843938836534726598e-07 -2.089503922517860552e-05
4.046357883124464608e-03 4.999605520732830957e-07 -2.056885499569092903e-05
4.015165276486864880e-03 8.056727361545780727e-07 -2.024290989976969989e-05
3.984213127746704178e-03 1.101686589273481662e-06 -1.991735040948990954e-05
3.953499583259581333e-03 1.388158080252786270e-06 -1.959231835047756256e-05
3.923022803670505980e-03 1.665242925410336135e-06 -1.926795097663147412e-05
3.892780963803702844e-03 1.933096522798399335e-06 -1.894438104472336582e-05
3.862772252553351490e-03 2.191873888596808265e-06 -1.862173688884643063e-05
3.832994872775100613e-03 2.441729595625646223e-06 -1.830014249468053900e-05
3.803447041178433224e-03 2.682817713941063504e-06 -1.797971757354494129e-05
3.774126988219891812e-03 2.915291753478719206e-06 -1.766057763621080249e-05
3.745032957997094115e-03 3.139304608709994815e-06 -1.734283406644494970e-05
3.716163208143567678e-03 3.355008505275410963e-06 -1.702659419425889612e-05
3.687516009724421413e-03 3.562554948559980301e-06 -1.671196136883782557e-05
3.659089647132797354e-03 3.762094674176023083e-06 -1.639903503112428572e-05
3.630882417987116046e-03 3.953777600318416845e-06 -1.608791078603310004e-05
3.602892633029144195e-03 4.137752781957453995e-06 -1.577868047427511664e-05
3.575118616022820387e-03 4.314168366835391267e-06 -1.547143224376708995e-05
3.547558703653861008e-03 4.483171553232198999e-06 -1.516625062060707696e-05
3.520211245430165427e-03 4.644908549466326132e-06 -1.486321657959517485e-05
3.493074603582964951e-03 4.799524535097131934e-06 -1.456240761427991516e-05
3.466147152968730282e-03 4.947163623795133237e-06 -1.426389780651169664e-05
3.439427280971871746e-03 5.087968827846678813e-06 -1.396775789548609247e-05
3.412913387408126470e-03 5.222082024260380002e-06 -1.367405534625881228e-05
3.386603884428766517e-03 5.349643922441842320e-06 -1.338285441771774305e-05
3.360497196425487037e-03 5.470794033404747123e-06 -1.309421622999486924e-05
3.334591759936039474e-03 5.585670640485718292e-06 -1.280819883130438227e-05
3.308886023550618952e-03 5.694410771530760439e-06 -1.252485726419287969e-05
3.283378447818945112e-03 5.797150172521952120e-06 -1.224424363118785751e-05
3.258067505158058520e-03 5.894023282612612543e-06 -1.196640715983209693e-05
3.232951679760857813e-03 5.985163210539879370e-06 -1.169139426709231055e-05
3.208029467505310334e-03 6.070701712383879171e-06 -1.141924862313015229e-05
3.183299375864367085e-03 6.150769170642981247e-06 -1.115001121442523700e-05
3.158759923816596270e-03 6.225494574594649268e-06 -1.088372040624041526e-05
3.134409641757478649e-03 6.295005501912311471e-06 -1.062041200441931002e-05
3.110247071411391135e-03 6.359428101508394915e-06 -1.036011931650763309e-05
3.086270765744289057e-03 6.418887077574301989e-06 -1.010287321219029707e-05
3.062479288877038072e-03 6.473505674788410624e-06 -9.848702183036149054e-06
3.038871215999417418e-03 6.523405664663478671e-06 -9.597632401543477015e-06
3.015445133284805779e-03 6.568707333005059879e-06 -9.349687779480093467e-06
2.992199637805506834e-03 6.609529468453130176e-06 -9.104890025511349114e-06
2.969133337448711871e-03 6.645989352079247451e-06 -8.863258702110833229e-06
2.946244850833164113e-03 6.678202748011905134e-06 -8.624811281749388410e-06
2.923532807226401128e-03 6.706283895063287108e-06 -8.389563202356666336e-06
2.900995846462684630e-03 6.730345499330793203e-06 -8.157527922052561461e-06
2.878632618861536995e-03 6.750498727747092520e-06 -7.928716973144007935e-06
2.856441785146903584e-03 6.766853202552887868e-06 -7.703140015384458075e-06
2.834422016366963410e-03 6.779516996666793107e-06 -7.480804888493515661e-06
2.812571993814532226e-03 6.788596629927289373e-06 -7.261717663934155035e-06
2.790890408948083594e-03 6.794197066181817576e-06 -7.045882695945857308e-06
2.769375963313397068e-03 6.796421711198646524e-06 -6.833302671832569355e-06
2.748027368465789239e-03 6.795372411377370289e-06 -6.623978661503946500e-06
2.726843345892945858e-03 6.791149453234376354e-06 -6.417910166269600239e-06
2.705822626938369363e-03 6.783851563639797145e-06 -6.215095166886225633e-06
2.684963952725394950e-03 6.773575910783014940e-06 -6.015530170857316147e-06
2.664266074081791252e-03 6.760418105844021352e-06 -5.819210258986156266e-06
2.643727751464968606e-03 6.744472205348358651e-06 -5.626129131183109166e-06
2.623347754887736354e-03 6.725830714183634491e-06 -5.436279151527874548e-06
2.603124863844629138e-03 6.704584589256063185e-06 -5.249651392588328513e-06
2.583057867238843820e-03 6.680823243765851810e-06 -5.066235678998149469e-06
2.563145563309681199e-03 6.654634552080422994e-06 -4.886020630294370183e-06
2.543386759560594020e-03 6.626104855185074479e-06 -4.708993703018115349e-06
2.523780272687766238e-03 6.595318966690849986e-06 -4.535141232080486407e-06
2.504324928509239160e-03 6.562360179379778784e-06 -4.364448471396739487e-06
2.485019561894607001e-03 6.527310272268099641e-06 -4.196899633791998933e-06
2.465863016695235034e-03 6.490249518168248250e-06 -4.032477930181596370e-06
2.446854145675011159e-03 6.451256691730912445e-06 -3.871165608029812235e-06
2.427991810441656496e-03 6.410409077948699202e-06 -3.712943989091026254e-06
2.409274881378542944e-03 6.367782481103335182e-06 -3.557793506437046557e-06
2.390702237577035927e-03 6.323451234138642800e-06 -3.405693740775030924e-06
2.372272766769380550e-03 6.277488208441961499e-06 -3.256623456060697789e-06
2.353985365262082144e-03 6.229964824016824561e-06 -3.110560634411133751e-06
2.335838937869805058e-03 6.180951060030313313e-06 -2.967482510322297141e-06
2.317832397849795781e-03 6.130515465718579223e-06 -2.827365604196363817e-06
2.299964666836794378e-03 6.078725171634533414e-06 -2.690185755183864791e-06
2.282234674778451603e-03 6.025645901221925089e-06 -2.555918153346184116e-06
2.264641359871249950e-03 5.971341982700464844e-06 -2.424537371143979054e-06
2.247183668496913027e-03 5.915876361246819987e-06 -2.296017394257110828e-06
2.229860555159311492e-03 5.859310611456795989e-06 -2.170331651742033406e-06
2.212670982421848214e-03 5.801704950074231672e-06 -2.047453045532493312e-06
2.195613920845322208e-03 5.743118248972374589e-06 -1.927353979289659848e-06
2.178688348926290010e-03 5.683608048374140875e-06 -1.810006386608096929e-06
2.161893253035885448e-03 5.623230570297514755e-06 -1.695381758583605703e-06
2.145227627359108224e-03 5.562040732212952781e-06 -1.583451170749537619e-06
2.128690473834602120e-03 5.500092160900019529e-06 -1.474185309388233711e-06
2.112280802094877296e-03 5.437437206490438316e-06 -1.367554497223979064e-06
2.095997629406992722e-03 5.374126956685352870e-06 -1.263528718504331299e-06
2.079839980613715656e-03 5.310211251134845786e-06 -1.162077643476740173e-06
2.063806888075115243e-03 5.245738695967845143e-06 -1.063170652267124221e-06
2.047897391610609304e-03 5.180756678461071576e-06 -9.667768581674803469e-07
2.032110538441469529e-03 5.115311381835882245e-06 -8.728651303396495938e-07
2.016445383133760351e-03 5.049447800172070569e-06 -7.814041159421306537e-07
2.000900987541711067e-03 4.983209753428007557e-06 -6.923622616871780670e-07
1.985476420751547226e-03 4.916639902556960348e-06 -6.057078348355096132e-07
1.970170759025721002e-03 4.849779764709241438e-06 -5.214089436355317177e-07
1.954983085747613418e-03 4.782669728510745889e-06 -4.394335572148265049e-07
1.939912491366626223e-03 4.715349069408009417e-06 -3.597495249307686086e-07
1.924958073343710063e-03 4.647855965070733429e-06 -2.823245951878792615e-07
1.910118936097323717e-03 4.580227510842723084e-06 -2.071264337293093771e-07
1.895394190949793419e-03 4.512499735232400416e-06 -1.341226414097030710e-07
1.880782956074089369e-03 4.444707615434428136e-06 -6.328077145694920729e-08
1.866284356441023787e-03 4.376885092874232125e-06 5.431653769674015976e-09
1.851897523766842966e-03 4.309065088767258909e-06 7.204712651766389819e-08
1.837621596461223947e-03 4.241279519685266893e-06 1.365981378682331072e-07
1.823455719575684496e-03 4.173559313122138181e-06 1.991171624445038069e-07
1.809399044752379266e-03 4.105934423051750303e-06 2.596366435936362246e-07
1.795450730173287152e-03 4.038433845470895271e-06 3.181889790353648113e-07
1.781609940509808025e-03 3.971085633920415494e-06 3.748065069694367624e-07
1.767875846872731579e-03 3.903916914977773498e-06 4.295214926346441042e-07
1.754247626762593226e-03 3.836953903714692553e-06 4.823661153119582506e-07
1.740724464020427902e-03 3.770221919113706464e-06 5.333724557642985568e-07
1.727305548778875150e-03 3.703745399437386474e-06 5.825724841057392181e-07
1.713990077413698153e-03 3.637547917544749731e-06 6.299980480925174017e-07
1.700777252495644723e-03 3.571652196148919677e-06 6.756808618287766071e-07
1.687666282742690364e-03 3.506080123010811723e-06 7.196524948795830565e-07
1.674656382972657120e-03 3.440852766063630735e-06 7.619443617839233242e-07
1.661746774056188907e-03 3.375990388463073569e-06 8.025877119605366828e-07
1.648936682870085066e-03 3.311512463558402208e-06 8.416136199993062596e-07
1.636225342251009917e-03 3.247437689779869430e-06 8.790529763310125041e-07
1.623611990949544708e-03 3.183784005437848497e-06 9.149364782683919132e-07
1.611095873584594091e-03 3.120568603429453286e-06 9.492946214113662422e-07
1.598676240598156462e-03 3.057807945848604292e-06 9.821576914093672547e-07
1.586352348210431484e-03 2.995517778495462458e-06 1.013555756073827327e-06
1.574123458375271522e-03 2.933713145281487369e-06 1.043518657833845136e-06
1.561988838735991515e-03 2.872408402526629610e-06 1.072076006528099916e-06
1.549947762581505191e-03 2.811617233145003618e-06 1.099257172526220565e-06
1.537999508802800853e-03 2.751352660715871422e-06 1.125091280172790654e-06
1.526143361849762814e-03 2.691627063436807488e-06 1.149607201547207788e-06
1.514378611688317871e-03 2.632452187955991967e-06 1.172833550532784109e-06
1.502704553757902486e-03 2.573839163080743527e-06 1.194798677188424964e-06
1.491120488929286673e-03 2.515798513359842593e-06 1.215530662416277835e-06
1.479625723462688449e-03 2.458340172536707886e-06 1.235057312918938196e-06
1.468219568966238698e-03 2.401473496871378156e-06 1.253406156439672599e-06
1.456901342354750481e-03 2.345207278328764768e-06 1.270604437279340941e-06
1.445670365808807535e-03 2.289549757631133807e-06 1.286679112083674930e-06
1.434525966734178683e-03 2.234508637172829285e-06 1.301656845894641295e-06
1.423467477721534948e-03 2.180091093795249882e-06 1.315564008459744539e-06
1.412494236506475027e-03 2.126303791420363568e-06 1.328426670793120394e-06
1.401605585929872758e-03 2.073152893541152427e-06 1.340270601982361369e-06
1.390800873898516464e-03 2.020644075567377905e-06 1.351121266235114884e-06
1.380079453346054691e-03 1.968782537025275221e-06 1.361003820159528767e-06
1.369440682194251373e-03 1.917573013609948752e-06 1.369943110272680766e-06
1.358883923314529616e-03 1.867019789089148921e-06 1.377963670731248530e-06
1.348408544489812771e-03 1.817126707057417967e-06 1.385089721278703238e-06
1.338013918376669293e-03 1.767897182539660139e-06 1.391345165403382460e-06
1.327699422467739938e-03 1.719334213443144888e-06 1.396753588701907301e-06
1.317464439054453562e-03 1.671440391857224745e-06 1.401338257442441311e-06
1.307308355190038920e-03 1.624217915200106586e-06 1.405122117322381350e-06
1.297230562652814875e-03 1.577668597212013681e-06 1.408127792415142422e-06
1.287230457909767064e-03 1.531793878794287272e-06 1.410377584300760943e-06
1.277307442080404063e-03 1.486594838693976423e-06 1.411893471375141274e-06
1.267460920900886565e-03 1.442072204033575006e-06 1.412697108332806586e-06
1.257690304688446458e-03 1.398226360685749746e-06 1.412809825818123511e-06
1.247995008306068080e-03 1.355057363492757157e-06 1.412252630240018136e-06
1.238374451127443113e-03 1.312564946330538557e-06 1.411046203745304413e-06
1.228828057002204557e-03 1.270748532017506942e-06 1.409210904345779973e-06
1.219355254221420048e-03 1.229607242068010245e-06 1.406766766194369244e-06
1.209955475483349063e-03 1.189139906290630658e-06 1.403733500005610933e-06
1.200628157859476601e-03 1.149345072231586612e-06 1.400130493615921615e-06
1.191372742760796882e-03 1.110221014463392638e-06 1.395976812679087926e-06
1.182188675904357472e-03 1.071765743719184743e-06 1.391291201492546564e-06
1.173075407280071850e-03 1.033977015873117244e-06 1.386092083950078878e-06
1.164032391117776578e-03 9.968523407672251332e-07 1.380397564616612037e-06
1.155059085854545642e-03 9.603889908853080647e-07 1.374225429920894783e-06
1.146154954102259361e-03 9.245840098744184974e-07 1.367593149461906833e-06
1.137319462615420931e-03 8.894342209145439608e-07 1.360517877424899980e-06
1.128552082259223852e-03 8.549362349371962181e-07 1.353016454103075628e-06
1.119852287977861349e-03 8.210864586936060231e-07 1.345105407520956041e-06
1.111219558763080172e-03 7.878811026733042254e-07 1.336800955155577112e-06
1.102653377622983110e-03 7.553161888739616655e-07 1.328119005751725701e-06
1.094153231551066134e-03 7.233875584232908487e-07 1.319075161227483191e-06
1.085718611495492319e-03 6.920908790539403925e-07 1.309684718666425380e-06
1.077349012328611671e-03 6.614216524323915921e-07 1.299962672392910586e-06
1.069043932816707548e-03 6.313752213427659723e-07 1.289923716126928925e-06
1.060802875589976187e-03 6.019467767266249555e-07 1.279582245215074654e-06
1.052625347112746707e-03 5.731313645798471200e-07 1.268952358934283291e-06
1.044510857653920769e-03 5.449238927076362272e-07 1.258047862865004702e-06
1.036458921257641655e-03 5.173191373388191832e-07 1.246882271330591280e-06
1.028469055714197316e-03 4.903117496006391555e-07 1.235468809899740531e-06
1.020540782531138965e-03 4.638962618551782352e-07 1.223820417948865882e-06
1.012673626904622357e-03 4.380670938986681230e-07 1.211949751281370945e-06
1.004867117690981526e-03 4.128185590249810934e-07 1.199869184800883589e-06
9.971207873785005015e-04 3.881448699544800432e-07 1.187590815235476960e-06
9.894341720594287438e-04 3.640401446296755735e-07 1.175126463910131127e-06
9.818068114021915281e-04 3.404984118788790746e-07 1.162487679564571150e-06
9.742382486238204166e-04 3.175136169492768420e-07 1.149685741213811262e-06
9.667280304626029580e-04 2.950796269108063614e-07 1.136731661048763718e-06
9.592757071509355662e-04 2.731902359321739250e-07 1.123636187374290949e-06
9.518808323883849992e-04 2.518391704304433674e-07 1.110409807582188287e-06
9.445429633149666788e-04 2.310200940956531910e-07 1.097062751156652740e-06
9.372616604846191425e-04 2.107266127918430865e-07 1.083604992709780991e-06
9.300364878388853607e-04 1.909522793359762615e-07 1.070046255044793323e-06
9.228670126808026552e-04 1.716905981562440378e-07 1.056396012244676792e-06
9.157528056489873391e-04 1.529350298311871167e-07 1.042663492784010846e-06
9.086934406919187435e-04 1.346789955111480865e-07 1.028857682661802537e-06
9.016884950424293487e-04 1.169158812235776465e-07 1.014987328553230047e-06
8.947375491923834599e-04 9.963904206365930696e-08 1.001060940978205754e-06
8.878401868675517977e-04 8.284180627179367486e-08 9.870867974847627870e-07
8.809959950026869909e-04 6.651747919949000002e-08 9.730729458453243295e-07
8.742045637167836008e-04 5.065934716515127986e-08 9.590272072639335194e-07
8.674654862885270139e-04 3.526068120130655313e-08 9.449571795925966873e-07
8.607783591319456218e-04 2.031474069487045978e-08 9.308702405549877335e-07
8.541427817722315949e-04 5.814776921897777302e-09 9.167735509756931587e-07
8.475583568217638598e-04 -8.245963521545291975e-09 9.026740580133826695e-07
8.410246899563074766e-04 -2.187423539089295334e-08 8.885784983962066335e-07
8.345413898913959204e-04 -3.507679156541145934e-08 8.744934016578440552e-07
8.281080683589028824e-04 -4.786037991977635328e-08 8.604250933726734502e-07
8.217243400837872169e-04 -6.023174029338792968e-08 8.463796983885310505e-07
8.153898227610181923e-04 -7.219760155584785284e-08 8.323631440556273997e-07
8.091041370326844048e-04 -8.376467876704763191e-08 8.183811634502228237e-07
8.028669064652724794e-04 -9.493967043034387267e-08 8.044392985916803765e-07
7.966777575271217354e-04 -1.057292558372692566e-07 7.905429036515845209e-07
7.905363195660583975e-04 -1.161400925022294150e-07 7.766971481536803019e-07
7.844422247871961221e-04 -1.261788136856759677e-07 7.629070201633606634e-07
7.783951082309076112e-04 -1.358520260042160332e-07 7.491773294655453895e-07
7.723946077509723012e-04 -1.451663071261247076e-07 7.355127107298050002e-07
7.664403639928868981e-04 -1.541282035507665615e-07 7.219176266616128950e-07
7.605320203723398443e-04 -1.627442284704069979e-07 7.083963711386547755e-07
7.546692230538653299e-04 -1.710208597128914079e-07 6.949530723312200967e-07
7.488516209296445375e-04 -1.789645377637395946e-07 6.815916958056086008e-07
7.430788655984848059e-04 -1.865816638661222024e-07 6.683160476096882792e-07
7.373506113449517733e-04 -1.938785981972769739e-07 6.551297773396306739e-07
7.316665151186641522e-04 -2.008616581198772833e-07 6.420363811869797686e-07
7.260262365137531938e-04 -2.075371165068922143e-07 6.290392049652241637e-07
7.204294377484742658e-04 -2.139112001384996540e-07 6.161414471150417037e-07
7.148757836449763994e-04 -2.199900881696051143e-07 6.033461616874660848e-07
7.093649416092331645e-04 -2.257799106665341357e-07 5.906562613042522881e-07
7.038965816111222981e-04 -2.312867472114870081e-07 5.780745200947111204e-07
6.984703761646597229e-04 -2.365166255733483062e-07 5.656035766083639285e-07
6.930860003083904501e-04 -2.414755204434462758e-07 5.532459367027838013e-07
6.877431315859256324e-04 -2.461693522348912015e-07 5.410039764060019604e-07
6.824414500266302126e-04 -2.506039859441166712e-07 5.288799447529096043e-07
6.771806381264637706e-04 -2.547852300732571022e-07 5.168759665951247512e-07
6.719603808289642674e-04 -2.587188356120293594e-07 5.049940453837842028e-07
6.667803655063793498e-04 -2.624104950777748043e-07 4.932360659247834328e-07
6.616402819409452143e-04 -2.658658416123451965e-07 4.816037971060139891e-07
6.565398223063075023e-04 -2.690904481345265337e-07 4.700988945961461481e-07
6.514786811490881277e-04 -2.720898265467047110e-07 4.587229035145714730e-07
6.464565553705913176e-04 -2.748694269945000678e-07 4.474772610721064303e-07
6.414731442086497306e-04 -2.774346371780988970e-07 4.363632991821077696e-07
6.365281492196168348e-04 -2.797907817140348714e-07 4.253822470416878511e-07
6.316212742604910158e-04 -2.819431215461811788e-07 4.145352336826929092e-07
6.267522254711798725e-04 -2.838968534047363904e-07 4.038232904921819361e-07
6.219207112569041579e-04 -2.856571093119884130e-07 3.932473537021512811e-07
6.171264422707335587e-04 -2.872289561336713115e-07 3.828082668482488444e-07
6.123691313962569167e-04 -2.886173951747334471e-07 3.725067831972761658e-07
6.076484937303906850e-04 -2.898273618183521513e-07 3.623435681432893078e-07
6.029642465663153207e-04 -2.908637252070529272e-07 3.523192015721115506e-07
5.983161093765428660e-04 -2.917312879647936506e-07 3.424341801941093513e-07
5.937038037961203793e-04 -2.924347859589001903e-07 3.326889198451125046e-07
5.891270536059575085e-04 -2.929788881007503967e-07 3.230837577553427177e-07
5.845855847162830833e-04 -2.933681961841187641e-07 3.136189547862652048e-07
5.800791251502346313e-04 -2.936072447601103749e-07 3.042946976352983467e-07
5.756074050275641202e-04 -2.937005010476270285e-07 2.951111010082854352e-07
5.711701565484823698e-04 -2.936523648783283115e-07 2.860682097597400956e-07
5.667671139776177388e-04 -2.934671686750565035e-07 2.771660010007816911e-07
5.623980136281003621e-04 -2.931491774627196270e-07 2.684043861747857481e-07
5.580625938457743239e-04 -2.927025889106374304e-07 2.597832131007518917e-07
5.537605949935259491e-04 -2.921315334053707101e-07 2.513022679843948493e-07
5.494917594357333086e-04 -2.914400741530696250e-07 2.429612773970006100e-07
5.452558315228402987e-04 -2.906322073103955027e-07 2.347599102221083543e-07
5.410525575760448879e-04 -2.897118621430814369e-07 2.266977795700598722e-07
5.368816858721053246e-04 -2.886829012112138095e-07 2.187744446605034214e-07
5.327429666282681000e-04 -2.875491205803361416e-07 2.109894126729492502e-07
5.286361519873075850e-04 -2.863142500574841414e-07 2.033421405654589994e-07
5.245609960026812423e-04 -2.849819534512843762e-07 1.958320368615935241e-07
5.205172546238034503e-04 -2.835558288552596352e-07 1.884584634057490753e-07
5.165046856814278558e-04 -2.820394089534976032e-07 1.812207370870019874e-07
5.125230488731440017e-04 -2.804361613478590001e-07 1.741181315316182825e-07
5.085721057489894217e-04 -2.787494889059170633e-07 1.671498787643915875e-07
5.046516196971638675e-04 -2.769827301288235330e-07 1.603151708389513508e-07
5.007613559298655084e-04 -2.751391595383330410e-07 1.536131614372553105e-07
4.969010814692267691e-04 -2.732219880822066841e-07 1.470429674384126742e-07
4.930705651333609730e-04 -2.712343635572512485e-07 1.406036704570558023e-07
4.892695775225203332e-04 -2.691793710492558926e-07 1.342943183514619353e-07
4.854978910053558039e-04 -2.670600333890999610e-07 1.281139267016239935e-07
4.817552797052844851e-04 -2.648793116243283074e-07 1.220614802574973454e-07
4.780415194869643632e-04 -2.626401055054981307e-07 1.161359343576519202e-07
4.743563879428703157e-04 -2.603452539866178467e-07 1.103362163185518122e-07
4.706996643799734952e-04 -2.579975357390107949e-07 1.046612267947082538e-07
4.670711298065270732e-04 -2.555996696779569152e-07 9.910984110995777827e-08
4.634705669189500502e-04 -2.531543155014688060e-07 9.368091056010566622e-08
4.598977600888124926e-04 -2.506640742405817663e-07 8.837326368719957157e-08
4.563524953499243112e-04 -2.481314888205454166e-07 8.318570752570159910e-08
4.528345603855202630e-04 -2.455590446323228101e-07 7.811702882081725731e-08
4.493437445155436141e-04 -2.429491701138069184e-07 7.316599521926017261e-08
4.458798386840316110e-04 -2.403042373401939139e-07 6.833135643273651912e-08
4.424426354465946253e-04 -2.376265626229461594e-07 6.361184537442172370e-08
4.390319289579901131e-04 -2.349184071168024358e-07 5.900617926871870766e-08
4.356475149598004401e-04 -2.321819774343138442e-07 5.451306073460214060e-08
4.322891907681953834e-04 -2.294194262673684194e-07 5.013117884281804302e-08
4.289567552617970904e-04 -2.266328530152148935e-07 4.585921014726134451e-08
4.256500088696344298e-04 -2.238243044184808865e-07 4.169581969081551128e-08
4.223687535591898797e-04 -2.209957751987062600e-07 3.763966198596385310e-08
4.191127928245423130e-04 -2.181492087029259782e-07 3.368938197048332455e-08
4.158819316745973865e-04 -2.152864975528386740e-07 2.984361593852065043e-08
4.126759766214091658e-04 -2.124094842981162254e-07 2.610099244736645711e-08
4.094947356685947745e-04 -2.095199620734247670e-07 2.246013320024420693e-08
4.063380182998350748e-04 -2.066196752587272648e-07 1.891965390542060442e-08
4.032056354674639818e-04 -2.037103201424593861e-07 1.547816511195807636e-08
4.000973995811492301e-04 -2.007935455871800557e-07 1.213427302243049190e-08
3.970131244966569497e-04 -1.978709536973039394e-07 8.886580282913638802e-09
3.939526255047027061e-04 -1.949441004885370724e-07 5.733686750574288003e-09
3.909157193198920964e-04 -1.920144965586538709e-07 2.674190239181663685e-09
3.879022240697431478e-04 -1.890836077592503484e-07 -2.933127571440564002e-10
3.849119592837936641e-04 -1.861528558681304364e-07 -3.170226361620459268e-09
3.819447458827944942e-04 -1.832236192619914937e-07 -5.957954633605516751e-09
3.790004061679839542e-04 -1.802972335890773362e-07 -8.657900908195257521e-09
3.760787638104474127e-04 -1.773749924414879014e-07 -1.127146715629093818e-08
3.731796438405562402e-04 -1.744581480268334417e-07 -1.380005336481681726e-08
3.703028726374886699e-04 -1.715479118389392993e-07 -1.624505693676529053e-08
3.674482779188338708e-04 -1.686454553273159459e-07 -1.860787211074537148e-08
3.646156887302735416e-04 -1.657519105651116944e-07 -2.088988939971902157e-08
