1.000000000000000000e+00 1.545084971874738144e+00 0.000000000000000000e+00
9.922911893760835156e-01 1.635453838339590016e+00 2.531451969648200115e-02
9.846418045134024410e-01 1.722355007537131444e+00 5.333203220705177300e-02
9.770513873100171720e-01 1.805759781325085633e+00 8.390545808321411836e-02
9.695194831954093706e-01 1.885645910108372902e+00 1.168886126120860097e-01
9.620456411032586308e-01 1.961997374447780551e+00 1.521364632162797437e-01
9.546294134444293089e-01 2.034804163816348765e+00 1.895053706207271149e-01
9.472703560801656320e-01 2.104062053208873184e+00 2.288533141589308983e-01
9.399680282954937516e-01 2.169772378270504731e+00 2.700401016098357143e-01
9.327219927728276350e-01 2.231941809572016044e+00 3.129275639727005509e-01
9.255318155657799029e-01 2.290582126621628412e+00 3.573797356011647053e-01
9.183970660731736180e-01 2.345709992166416402e+00 4.032630201292421446e-01
9.113173170132550238e-01 2.397346727300492919e+00 4.504463426314418983e-01
9.042921443981042362e-01 2.445518087862225798e+00 4.988012884666789826e-01
8.973211275082438876e-01 2.490254042568866399e+00 5.482022292612542813e-01
8.904038488674436147e-01 2.531588553304167100e+00 5.985264364901189404e-01
8.835398942177181691e-01 2.569559357942788225e+00 6.496541831178972437e-01
8.767288524945184847e-01 2.604207756064638613e+00 7.014688337619953140e-01
8.699703158021147020e-01 2.635578397882790025e+00 7.538569238395408378e-01
8.632638793891673767e-01 2.663719076680200359e+00 8.067082281580950642e-01
8.566091416244887569e-01 2.688680525023130041e+00 8.599158194070656291e-01
8.500057039729899122e-01 2.710516214993128781e+00 9.133761170027238085e-01
8.434531709718132708e-01 2.729282162654272703e+00 9.669889267346750694e-01
8.369511502066497854e-01 2.745036736948616163e+00 1.020657471655753268e+00
8.304992522882376216e-01 2.757840473189861363e+00 1.074288414650571122e+00
8.240970908290433661e-01 2.767755891303695481e+00 1.127791873110570497e+00
8.177442824201217597e-01 2.774847318942541552e+00 1.181081426135331736e+00
8.114404466081545086e-01 2.779180719582965420e+00 1.234074114671284583e+00
8.051852058726660655e-01 2.780823525695432341e+00 1.286690434989832488e+00
7.989781856034144925e-01 2.779844477058663887e+00 1.338854325897335773e+00
7.928190140779572959e-01 2.776313464274323461e+00 1.390493150059479932e+00
7.867073224393902331e-01 2.770301377522208952e+00 1.441537669812277711e+00
7.806427446742565390e-01 2.761879960581635540e+00 1.491922017821477375e+00
7.746249175906282369e-01 2.751121670130910690e+00 1.541583662941373500e+00
7.686534807963552041e-01 2.738099540324145043e+00 1.590463371613171528e+00
7.627280766774818810e-01 2.722887052632634308e+00 1.638505165132010388e+00
7.568483503768311804e-01 2.705558010927038293e+00 1.685656273100647695e+00
7.510139497727524871e-01 2.686186421766233678e+00 1.731867083376697813e+00
7.452245254580348588e-01 2.664846379849267866e+00 1.777091088809105379e+00
7.394797307189808766e-01 2.641611958578028219e+00 1.821284831048466168e+00
7.337792215146434760e-01 2.616557105670209271e+00 1.864407841704668334e+00
7.281226564562222059e-01 2.589755543754782341e+00 1.906422581114344705e+00
7.225096967866181386e-01 2.561280675875428070e+00 1.947294374969722019e+00
7.169400063601468753e-01 2.531205495821363449e+00 1.986991349049668898e+00
7.114132516224069835e-01 2.499602503199401138e+00 2.025484362283098250e+00
7.059291015903051969e-01 2.466543623156240983e+00 2.062746938364405036e+00
7.004872278322340495e-01 2.432100130655544756e+00 2.098755196130334788e+00
6.950873044484030538e-01 2.396342579210470447e+00 2.133487778897551923e+00
6.897290080513217569e-01 2.359340733968990467e+00 2.166925782950271273e+00
6.844120177464323440e-01 2.321163509046347162e+00 2.199052685357669734e+00
6.791360151128924549e-01 2.281878908996520128e+00 2.229854271291264567e+00
6.739006841845059936e-01 2.241553974312501030e+00 2.259318561003293535e+00
6.687057114307998207e-01 2.200254730843452133e+00 2.287435736618069537e+00
6.635507857382484387e-01 2.158046143015543983e+00 2.314198068879614656e+00
6.584355983916413413e-01 2.114992070742181873e+00 2.339599843990306738e+00
6.533598430555950243e-01 2.071155229908786755e+00 2.363637290667127022e+00
6.483232157562076603e-01 2.026597156316798376e+00 2.386308507534030454e+00
6.433254148628545499e-01 1.981378172971559160e+00 2.407613390961286903e+00
6.383661410701242378e-01 1.935557360598868071e+00 2.427553563455174146e+00
6.334450973798942952e-01 1.889192531275423192e+00 2.446132302694186134e+00
6.285619890835443258e-01 1.842340205058965452e+00 2.463354471300980286e+00
6.237165237443069721e-01 1.795055589504810589e+00 2.479226447432598679e+00
6.189084111797547028e-01 1.747392561956464530e+00 2.493756056265068910e+00
6.141373634444208252e-01 1.699403654499227700e+00 2.506952502442294506e+00
6.094030948125565006e-01 1.651140041467035191e+00 2.518826303553222345e+00
6.047053217610178777e-01 1.602651529394305108e+00 2.529389224695603122e+00
6.000437629522876737e-01 1.553986549306195730e+00 2.538654214179178137e+00
5.954181392176263188e-01 1.505192151242420895e+00 2.546635340415952964e+00
5.908281735403528856e-01 1.456314000911634654e+00 2.553347730040252728e+00
5.862735910392558036e-01 1.407396378375382895e+00 2.558807507296465555e+00
5.817541189521306944e-01 1.358482178662584028e+00 2.563031734727908795e+00
5.772694866194453267e-01 1.309612914217707980e+00 2.566038355195935150e+00
5.728194254681305830e-01 1.260828719087925487e+00 2.567846135254304940e+00
5.684036689954961030e-01 1.212168354756759658e+00 2.568474609899969341e+00
5.640219527532704946e-01 1.163669217534054168e+00 2.567944028717751515e+00
5.596740143317640026e-01 1.115367347414364607e+00 2.566275303432916211e+00
5.553595933441533017e-01 1.067297438318236091e+00 2.563489956882333942e+00
5.510784314108878590e-01 1.019492849633198750e+00 2.559610073411841213e+00
5.468302721442164227e-01 9.719856189736844065e-01 2.554658250704491707e+00
5.426148611328319715e-01 9.248064760814624918e-01 2.548657553041606683e+00
5.384319459266362351e-01 8.779848577905930984e-01 2.541631465995998429e+00
5.342812760216208989e-01 8.315489239832740687e-01 2.533603852554270119e+00
5.301626028448657157e-01 7.855255744653798500e-01 2.524598910662877227e+00
5.260756797396520801e-01 7.399404666928061092e-01 2.514641132190484907e+00
5.220202619506909558e-01 6.948180342821620448e-01 2.503755263297207101e+00
5.179961066094658229e-01 6.501815062416441693e-01 2.491966266199488800e+00
5.140029727196874232e-01 6.060529268602606878e-01 2.479299282317671604e+00
5.100406211428610836e-01 5.624531761958698750e-01 2.465779596791735084e+00
5.061088145839661712e-01 5.194019911047528248e-01 2.451432604349266686e+00
5.022073175772434617e-01 4.769179867576624487e-01 2.436283776508360699e+00
4.983358964720954187e-01 4.350186785895144848e-01 2.420358630096963282e+00
4.944943194190923874e-01 3.937205046320012003e-01 2.403682697069037477e+00
4.906823563560881452e-01 3.530388481805848966e-01 2.386281495596970892e+00
4.868997789944419230e-01 3.129880607493382705e-01 2.368180502418667288e+00
4.831463608053470082e-01 2.735814852692206589e-01 2.349405126417039469e+00
4.794218770062641521e-01 2.348314794872825018e-01 2.329980683408810815e+00
4.757261045474602823e-01 1.967494395263362505e-01 2.309932372118959076e+00
4.720588220986504102e-01 1.593458235664461375e-01 2.289285251316534264e+00
4.684198100357427896e-01 1.226301756115277253e-01 2.268064218087125994e+00
4.648088504276863264e-01 8.661114930610148976e-02 2.246293987216820387e+00
4.612257270234189632e-01 5.129653176904808848e-02 2.223999071662160265e+00
4.576702252389172609e-01 1.669326741291803431e-02 2.201203764080329695e+00
4.541421321443452341e-01 -1.719251828098350768e-02 2.177932119393591215e+00
4.506412364513028290e-01 -5.035549505988321656e-02 2.154207938361779817e+00
4.471673285001721010e-01 -8.279110429578821762e-02 2.130054752136640417e+00
4.437202002475616469e-01 -1.144955355057167279e-01 2.105495807771653016e+00
4.402996452538469052e-01 -1.454657030195224687e-01 2.080554054661027052e+00
4.369054586708073784e-01 -1.756992228173963333e-01 2.055252131881565969e+00
4.335374372293587797e-01 -2.051943895578416666e-01 2.029612356411172769e+00
4.301953792273794930e-01 -2.339501538155057958e-01 2.003656712197900536e+00
4.268790845176317350e-01 -2.619660995469814124e-01 1.977406840053568260e+00
4.235883544957744773e-01 -2.892424218014609805e-01 1.950884028346174359e+00
4.203229920884701820e-01 -3.157799046918915442e-01 1.924109204465548784e+00
4.170828017415821876e-01 -3.415798996411327226e-01 1.897102927036901532e+00
4.138675894084638540e-01 -3.666443039165149242e-01 1.869885378857236491e+00
4.106771625383371371e-01 -3.909755394650928362e-01 1.842476360529841983e+00
4.075113300647617565e-01 -4.145765320608815752e-01 1.814895284772441997e+00
4.043699023941921822e-01 -4.374506907743710982e-01 1.787161171374860968e+00
4.012526913946237173e-01 -4.596018877736366415e-01 1.759292642782467997e+00
3.981595103843257877e-01 -4.810344384654848815e-01 1.731307920281994761e+00
3.950901741206616635e-01 -5.017530819841871104e-01 1.703224820766725767e+00
3.920444987889953325e-01 -5.217629620345083374e-01 1.675060754058456558e+00
3.890223019916826952e-01 -5.410696080949572995e-01 1.646832720764005442e+00
3.860234027371488019e-01 -5.596789169864092583e-01 1.618557310644521907e+00
3.830476214290482462e-01 -5.775971348105255476e-01 1.590250701476212170e+00
3.800947798555101009e-01 -5.948308392617098761e-01 1.561928658381598112e+00
3.771647011784646786e-01 -6.113869223156632726e-01 1.533606533610808897e+00
3.742572099230538907e-01 -6.272725732969860468e-01 1.505299266752900378e+00
3.713721319671217103e-01 -6.424952623276707353e-01 1.477021385357624839e+00
3.685092945307870127e-01 -6.570627241577584599e-01 1.448787005948536377e+00
3.656685261660961306e-01 -6.709829423789006597e-01 1.420609835408771504e+00
3.628496567467550116e-01 -6.842641340210552370e-01 1.392503172721308635e+00
3.600525174579412013e-01 -6.969147345320604314e-01 1.364479911045978655e+00
3.572769407861935420e-01 -7.089433831393787688e-01 1.336552540115926835e+00
3.545227605093805856e-01 -7.203589085928756575e-01 1.308733148936732427e+00
3.517898116867456682e-01 -7.311703152870800970e-01 1.281033428771802374e+00
3.490779306490293110e-01 -7.413867697610082574e-01 1.253464676398157840e+00
3.463869549886672283e-01 -7.510175875732739703e-01 1.226037797617126168e+00
3.437167235500645512e-01 -7.600722205498503525e-01 1.198763311004974907e+00
3.410670764199440486e-01 -7.685602444015722234e-01 1.171651351888888692e+00
3.384378549177698425e-01 -7.764913467081395737e-01 1.144711676534203137e+00
3.358289015862442328e-01 -7.838753152651330991e-01 1.117953666529195811e+00
3.332400601818779617e-01 -7.907220267902873578e-01 1.091386333354183780e+00
3.306711756656333101e-01 -7.970414359850390706e-01 1.065018323122116195e+00
3.281220941936391911e-01 -8.028435649471442614e-01 1.038857921478239854e+00
3.255926631079775202e-01 -8.081384929299614273e-01 1.012913058646858655e+00
3.230827309275414727e-01 -8.129363464438150721e-01 9.871913146135984363e-01
3.205921473389632959e-01 -8.172472896946778587e-01 9.616999244319939244e-01
3.181207631876124542e-01 -8.210815153552720735e-01 9.364457836436095306e-01
3.156684304686633857e-01 -8.244492356635281238e-01 9.114354538012959805e-01
3.132350023182315368e-01 -8.273606738432411900e-01 8.866751680855540219e-01
3.108203330045782309e-01 -8.298260558416250543e-01 8.621708370043615899e-01
3.084242779193832606e-01 -8.318556023783870712e-01 8.379280541671852989e-01
3.060466935690845380e-01 -8.334595213008512138e-01 8.139521021242358545e-01
3.036874375662846903e-01 -8.346480002395653131e-01 7.902479582624127863e-01
3.013463686212237702e-01 -8.354311995587969664e-01 7.668203007496872115e-01
2.990233465333178020e-01 -8.358192455962265566e-01 7.436735145200368269e-01
2.967182321827626645e-01 -8.358222241861381629e-01 7.208116972913634068e-01
2.944308875222025335e-01 -8.354501744603366475e-01 6.982386656091350563e-01
2.921611755684621614e-01 -8.347130829210279712e-01 6.759579609088179897e-01
2.899089603943441062e-01 -8.336208777798491676e-01 6.539728555904726903e-01
2.876741071204875766e-01 -8.321834235572457272e-01 6.322863590991613103e-01
2.854564819072914483e-01 -8.304105159363742716e-01 6.109012240051303610e-01
2.832559519468987319e-01 -8.283118768657234954e-01 5.898199520779981997e-01
2.810723854552428791e-01 -8.258971499046471321e-01 5.690448003494461560e-01
2.789056516641559291e-01 -8.231758958060316766e-01 5.485777871592014687e-01
2.767556208135369955e-01 -8.201575883303234837e-01 5.284206981793261315e-01
2.746221641435809824e-01 -8.168516102851864913e-01 5.085750924121059668e-01
2.725051538870679746e-01 -8.132672497850883531e-01 4.890423081570648423e-01
2.704044632617113586e-01 -8.094136967251454040e-01 4.698234689428653077e-01
2.683199664625650072e-01 -8.053000394636027348e-01 4.509194894200854176e-01
2.662515386544895279e-01 -8.009352617073782765e-01 4.323310812111026413e-01
2.641990559646756886e-01 -7.963282395951373216e-01 4.140587587134966774e-01
2.621623954752264618e-01 -7.914877389724321866e-01 3.961028448536310642e-01
2.601414352157955800e-01 -7.864224128534813563e-01 3.784634767872450123e-01
2.581360541562832678e-01 -7.811407990642507126e-01 3.611406115441019304e-01
2.561461321995873730e-01 -7.756513180615242087e-01 3.441340316139128164e-01
2.541715501744121197e-01 -7.699622709227601502e-01 3.274433504709666209e-01
2.522121898281302621e-01 -7.640818375015636654e-01 3.110680180350305912e-01
2.502679338197019709e-01 -7.580180747436927602e-01 2.950073260662999797e-01
2.483386657126470110e-01 -7.517789151585880791e-01 2.792604134923057368e-01
2.464242699680720683e-01 -7.453721654414851017e-01 2.638262716648772654e-01
2.445246319377513688e-01 -7.388055052412503265e-01 2.487037495453819080e-01
2.426396378572603096e-01 -7.320864860691483900e-01 2.338915588166281534e-01
2.407691748391631026e-01 -7.252225303438526449e-01 2.193882789199658179e-01
2.389131308662513220e-01 -7.182209305680458122e-01 2.051923620162250106e-01
2.370713947848363812e-01 -7.110888486321009783e-01 1.913021378693111063e-01
2.352438562980923298e-01 -7.038333152403438708e-01 1.777158186513497773e-01
2.334304059594505543e-01 -6.964612294555472261e-01 1.644315036684372566e-01
2.316309351660452154e-01 -6.889793583573375901e-01 1.514471840061465679e-01
2.298453361522094507e-01 -6.813943368103131393e-01 1.387607470940564469e-01
2.280735019830216204e-01 -6.737126673377381580e-01 1.263699811886800084e-01
2.263153265479011245e-01 -6.659407200967646379e-01 1.142725797742649985e-01
2.245707045542535141e-01 -6.580847329512222732e-01 1.024661458810421921e-01
2.228395315211652850e-01 -6.501508116380988467e-01 9.094819632059729375e-02
2.211217037731463275e-01 -6.421449300239097102e-01 7.971616583810932355e-02
2.194171184339213376e-01 -6.340729304472525474e-01 6.876741118131451946e-02
2.177256734202688560e-01 -6.259405241439126577e-01 5.809921508611040619e-02
2.160472674359072698e-01 -6.177532917509769295e-01 4.770879017880520073e-02
2.143817999654292483e-01 -6.095166838864939374e-01 3.759328279509676490e-02
2.127291712682813918e-01 -6.012360218012968716e-01 2.774977671591571243e-02
2.110892823727915646e-01 -5.929164980996893819e-01 1.817529682036068267e-02
2.094620350702412481e-01 -5.845631775257790208e-01 8.866812655992477310e-03
2.078473319089845783e-01 -5.761809978123175746e-01 -1.787580731617306870e-04
2.062450761886119310e-01 -5.677747705889862884e-01 -8.964546100509788312e-03
2.046551719541586656e-01 -5.593491823471478108e-01 -1.749372727224423121e-02
2.030775239903590546e-01 -5.509087954581635138e-01 -2.576951930363751905e-02
2.015120378159434844e-01 -5.424580492424434519e-01 -3.379517861574003745e-02
1.999586196779808422e-01 -5.340012610864875997e-01 -4.157399725187412021e-02
1.984171765462635628e-01 -5.255426276052322931e-01 -4.910929987329604174e-02
1.968876161077362241e-01 -5.170862258471090600e-01 -5.640444083334062580e-02
1.953698467609673306e-01 -5.086360145392854193e-01 -6.346280132933221352e-02
1.938637776106634236e-01 -5.001958353706280613e-01 -7.028778663151105666e-02
1.923693184622257413e-01 -4.917694143100063697e-01 -7.688282338818755446e-02
1.908863798163485670e-01 -4.833603629576211924e-01 -8.325135700631000613e-02
1.894148728636593504e-01 -4.749721799271075517e-01 -8.939684910659924377e-02
1.879547094794002116e-01 -4.666082522562392532e-01 -9.532277505237711501e-02
1.865058022181502462e-01 -4.582718568441178086e-01 -1.010326215511945236e-01
1.850680643085888810e-01 -4.499661619128015322e-01 -1.065298843283375707e-01
1.836414096482992253e-01 -4.416942284913904504e-01 -1.118180658712729647e-01
1.822257527986113901e-01 -4.334590119206489511e-01 -1.169006732440741742e-01
1.808210089794862752e-01 -4.252633633763113208e-01 -1.217812159708467346e-01
1.794270940644378809e-01 -4.171100314092681671e-01 -1.264632039871682601e-01
1.780439245754955324e-01 -4.090016635009031676e-01 -1.309501456585283885e-01
1.766714176782041568e-01 -4.009408076318972669e-01 -1.352455458647571218e-01
1.753094911766640007e-01 -3.929299138628861709e-01 -1.393529041494034060e-01
1.739580635086079574e-01 -3.849713359253995604e-01 -1.432757129330310131e-01
1.726170537405168348e-01 -3.770673328215776166e-01 -1.470174557893790535e-01
1.712863815627728159e-01 -3.692200704312113557e-01 -1.505816057833313515e-01
1.699659672848494729e-01 -3.614316231246981204e-01 -1.539716238696367812e-01
1.686557318305397790e-01 -3.537039753805696352e-01 -1.571909573513077252e-01
1.673555967332201189e-01 -3.460390234062878378e-01 -1.602430383966337302e-01
1.660654841311511865e-01 -3.384385767610570972e-01 -1.631312826137333027e-01
1.647853167628151594e-01 -3.309043599794558865e-01 -1.658590876815701221e-01
1.635150179622884836e-01 -3.234380141947292842e-01 -1.684298320363609991e-01
1.622545116546508792e-01 -3.160410987606336319e-01 -1.708468736122983889e-01
1.610037223514291516e-01 -3.087150928707714237e-01 -1.731135486355173392e-01
1.597625751460763632e-01 -3.014613971743931309e-01 -1.752331704702327075e-01
1.585309957094860334e-01 -2.942813353876956306e-01 -1.772090285159807488e-01
1.573089102855406707e-01 -2.871761558996752117e-01 -1.790443871548995647e-01
1.560962456866947512e-01 -2.801470333716453709e-01 -1.807424847479874863e-01
1.548929292895917242e-01 -2.731950703295622507e-01 -1.823065326792847052e-01
1.536988890307145472e-01 -2.663212987483442040e-01 -1.837397144469298527e-01
1.525140534020704430e-01 -2.595266816274076627e-01 -1.850451848000447264e-01
1.513383514469079649e-01 -2.528121145566737948e-01 -1.862260689204137953e-01
1.501717127554680897e-01 -2.461784272723473443e-01 -1.872854616479276424e-01
1.490140674607669802e-01 -2.396263852017899709e-01 -1.882264267487699927e-01
1.478653462344123870e-01 -2.331566909968584567e-01 -1.890519962253341679e-01
1.467254802824514703e-01 -2.267699860550963509e-01 -1.897651696668653520e-01
1.455944013412508453e-01 -2.204668520282132838e-01 -1.903689136398345194e-01
1.444720416734086854e-01 -2.142478123173091609e-01 -1.908661611170568428e-01
1.433583340636977732e-01 -2.081133335543297325e-01 -1.912598109445809991e-01
1.422532118150405533e-01 -2.020638270692803884e-01 -1.915527273453838664e-01
1.411566087445145501e-01 -1.960996503427348547e-01 -1.917477394589145456e-01
1.400684591793888156e-01 -1.902211084432220145e-01 -1.918476409155470408e-01
1.389886979531911315e-01 -1.844284554490903671e-01 -1.918551894450074013e-01
1.379172604018052417e-01 -1.787218958544753156e-01 -1.917731065178543415e-01
1.368540823595983391e-01 -1.731015859590262218e-01 -1.916040770191050902e-01
1.357991001555783339e-01 -1.675676352410687686e-01 -1.913507489531093286e-01
1.347522506095807093e-01 -1.621201077139021451e-01 -1.910157331787847579e-01
1.337134710284849370e-01 -1.567590232649592186e-01 -1.906016031743425487e-01
1.326826992024598140e-01 -1.514843589775712041e-01 -1.901108948306405033e-01
1.316598734012379146e-01 -1.462960504351085156e-01 -1.895461062723186318e-01
1.306449323704190202e-01 -1.411939930072847460e-01 -1.889096977058785654e-01
1.296378153278010537e-01 -1.361780431184274609e-01 -1.882040912938857113e-01
1.286384619597407963e-01 -1.312480194975561565e-01 -1.874316710544846054e-01
1.276468124175412777e-01 -1.264037044100979890e-01 -1.865947827854302632e-01
1.266628073138678090e-01 -1.216448448711182906e-01 -1.856957340118499111e-01
1.256863877191916334e-01 -1.169711538399436507e-01 -1.847367939569676265e-01
1.247174951582601943e-01 -1.123823113960717712e-01 -1.837201935350297188e-01
1.237560716065959632e-01 -1.078779658962951971e-01 -1.826481253656905002e-01
1.228020594870208732e-01 -1.034577351129546546e-01 -1.815227438091223944e-01
1.218554016662085071e-01 -9.912120735328021348e-02 -1.803461650211354850e-01
1.209160414512624460e-01 -9.486794255977337720e-02 -1.791204670275980126e-01
1.199839225863209846e-01 -9.069747339160721955e-02 -1.778476898174670973e-01
1.190589892491883822e-01 -8.660930628703231160e-02 -1.765298354537505054e-01
1.181411860479914949e-01 -8.260292250678530346e-02 -1.751688682017300269e-01
1.172304580178626515e-01 -7.867777915851884019e-02 -1.737667146737977009e-01
1.163267506176479671e-01 -7.483331020227226849e-02 -1.723252639902594086e-01
1.154300097266409142e-01 -7.106892743702211690e-02 -1.708463679554818315e-01
1.145401816413414153e-01 -6.738402146835875683e-02 -1.693318412487659075e-01
1.136572130722393187e-01 -6.377796265734488046e-02 -1.677834616293440162e-01
1.127810511406233118e-01 -6.025010205062588525e-02 -1.662029701549131155e-01
1.119116433754140105e-01 -5.679977229186757709e-02 -1.645920714131247353e-01
1.110489377100216252e-01 -5.342628851460699130e-02 -1.629524337654682797e-01
1.101928824792280381e-01 -5.012894921661287945e-02 -1.612856896029950804e-01
1.093434264160921404e-01 -4.690703711585469254e-02 -1.595934356133416054e-01
1.085005186488803425e-01 -4.375981998819866020e-02 -1.578772330585275774e-01
1.076641086980194145e-01 -4.068655148694001050e-02 -1.561386080630069173e-01
1.068341464730735851e-01 -3.768647194430500835e-02 -1.543790519114740523e-01
1.060105822697449685e-01 -3.475880915505184104e-02 -1.526000213559290941e-01
1.051933667668963346e-01 -3.190277914230709583e-02 -1.508029389315206914e-01
1.043824510235981523e-01 -2.911758690578966635e-02 -1.489891932807023422e-01
1.035777864761970035e-01 -2.640242715256442899e-02 -1.471601394852377065e-01
1.027793249354075483e-01 -2.375648501048899935e-02 -1.453170994056140475e-01
1.019870185834265280e-01 -2.117893672451107850e-02 -1.434613620274260148e-01
1.012008199710690004e-01 -1.866895033598372014e-02 -1.415941838143044695e-01
1.004206820149269735e-01 -1.622568634517061389e-02 -1.397167890669805124e-01
9.964655799454937013e-02 -1.384829835711346054e-02 -1.378303702880773751e-01
9.887840154964429307e-02 -1.153593371104414539e-02 -1.359360885522421236e-01
9.811616667730252428e-02 -9.287734093521623352e-03 -1.340350738812323694e-01
9.735980772924253401e-02 -7.102836135481595085e-03 -1.321284256235892574e-01
9.660927940907688971e-02 -4.980371993387958628e-03 -1.302172128385333805e-01
9.586453676959928727e-02 -2.919469914677552940e-03 -1.283024746837327368e-01
9.512553521009298185e-02 -9.192547876949759686e-04 -1.263852208066026384e-01
9.439223047365967456e-02 1.021151323685597512e-03 -1.244664317388041314e-01
9.366457864456911864e-02 2.902628660551852778e-03 -1.225470592936201281e-01
9.294253614562925092e-02 4.726059264355028655e-03 -1.206280269658956544e-01
9.222605973557605752e-02 6.492326487019706334e-03 -1.187102303342377901e-01
9.151510650648449208e-02 8.202314515552972321e-03 -1.167945374651847279e-01
9.080963388119846214e-02 9.856907910949754686e-03 -1.148817893190529765e-01
9.010959961078107705e-02 1.145699116118240046e-02 -1.129728001571896900e-01
8.941496177198468565e-02 1.300344824806673807e-02 -1.110683579503628365e-01
8.872567876473969051e-02 1.449716222779494530e-02 -1.091692247880244881e-01
8.804170930966385977e-02 1.593901482492084479e-02 -1.072761372882039266e-01
8.736301244558976331e-02 1.732988603958968837e-02 -1.053898070077795707e-01
8.668954752711185985e-02 1.867065376779716498e-02 -1.035109208529004649e-01
8.602127422215236074e-02 1.996219343446601138e-02 -1.016401414893275262e-01
8.535815250954575939e-02 2.120537763912755391e-02 -9.977810775247629438e-02
8.470014267664230379e-02 2.240107581399475994e-02 -9.792543505694922823e-02
8.404720531692937147e-02 2.355015389421473426e-02 -9.608271580535264478e-02
8.339930132767173210e-02 2.465347400008706391e-02 -9.425051979620260867e-02
8.275639190756978181e-02 2.571189413103684013e-02 -9.242939463072941120e-02
8.211843855443567985e-02 2.672626787112964211e-02 -9.061986611839729922e-02
8.148540306288781787e-02 2.769744410591788025e-02 -8.882243868096534323e-02
8.085724752206251142e-02 2.862626675040801788e-02 -8.703759575491752665e-02
8.023393431334380210e-02 2.951357448793806224e-02 -8.526580019210286410e-02
7.961542610811048193e-02 3.036020051975740069e-02 -8.350749465842660646e-02
7.900168586550061767e-02 3.116697232510069054e-02 -8.176310203044495628e-02
7.839267683019336685e-02 3.193471143154843345e-02 -8.003302578971858983e-02
7.778836253020750269e-02 3.266423319546986337e-02 -7.831765041478679079e-02
7.718870677471757757e-02 3.335634659234153199e-02 -7.661734177063365958e-02
7.659367365188626819e-02 3.401185401674072795e-02 -7.493244749551641881e-02
7.600322752671377635e-02 3.463155109181030589e-02 -7.326329738503935263e-02
7.541733303890395257e-02 3.521622648799459243e-02 -7.161020377335672316e-02
7.483595510074617096e-02 3.576666175084911026e-02 -6.997346191139547367e-02
7.425905889501460688e-02 3.628363113772418991e-02 -6.835335034199614690e-02
7.368660987288268294e-02 3.676790146312938767e-02 -6.675013127186896211e-02
7.311857375185422392e-02 3.722023195258324091e-02 -6.516405094027608036e-02
7.255491651371030748e-02 3.764137410475624362e-02 -6.359533998434753477e-02
7.199560440247201876e-02 3.803207156171747177e-02 -6.204421380094864852e-02
7.144060392237895629e-02 3.839305998709496848e-02 -6.051087290501937221e-02
7.088988183588312841e-02 3.872506695196474558e-02 -5.899550328430962221e-02
7.034340516165848989e-02 3.902881182828211309e-02 -5.749827675044166114e-02
6.980114117262584128e-02 3.930500568967354447e-02 -5.601935128623244942e-02
6.926305739399278572e-02 3.955435121940798632e-02 -5.455887138921431539e-02
6.872912160130903447e-02 3.977754262536852686e-02 -5.311696841129651819e-02
6.819930181853642304e-02 3.997526556184861912e-02 -5.169376089451292733e-02
6.767356631613398454e-02 4.014819705799699268e-02 -5.028935490280714987e-02
6.715188360915788635e-02 4.029700545273997431e-02 -4.890384434980837164e-02
6.663422245537560518e-02 4.042235033601019462e-02 -4.753731132255430147e-02
6.612055185339520136e-02 4.052488249611378018e-02 -4.618982640112504617e-02
6.561084104080849855e-02 4.060524387307002520e-02 -4.486144897414944682e-02
6.510505949234902945e-02 4.066406751775982625e-02 -4.355222755015404623e-02
6.460317691806369278e-02 4.070197755672125273e-02 -4.226220006472410085e-02
6.410516326149894029e-02 4.071958916243324095e-02 -4.099139418345257996e-02
6.361098869790081378e-02 4.071750852892995487e-02 -3.973982760065393471e-02
6.312062363242861018e-02 4.069633285259149913e-02 -3.850750833382226429e-02
6.263403869838274352e-02 4.065665031795813456e-02 -3.729443501381883574e-02
6.215120475544582551e-02 4.059904008841800499e-02 -3.610059717077349767e-02
6.167209288793783911e-02 4.052407230162035495e-02 -3.492597551569051606e-02
6.119667440308414197e-02 4.043230806946855604e-02 -3.377054221774818121e-02
6.072492082929727142e-02 4.032429948254970947e-02 -3.263426117728826514e-02
6.025680391447189865e-02 4.020058961885973614e-02 -3.151708829449106214e-02
5.979229562429277250e-02 4.006171255668496828e-02 -3.041897173373398974e-02
5.933136814055584712e-02 3.990819339150422640e-02 -2.933985218363674083e-02
5.887399385950243397e-02 3.974054825677680175e-02 -2.827966311279510661e-02
5.842014539016594094e-02 3.955928434848453995e-02 -2.723833102120915700e-02
5.796979555273148316e-02 3.936489995329853914e-02 -2.621577568741384826e-02
5.752291737690830298e-02 3.915788448024312696e-02 -2.521191041132189378e-02
5.707948410031452730e-02 3.893871849573174448e-02 -2.422664225278967770e-02
5.663946916687435246e-02 3.870787376185231415e-02 -2.325987226591998136e-02
5.620284622522773998e-02 3.846581327778126475e-02 -2.231149572911729495e-02
5.576958912715236638e-02 3.821299132420818284e-02 -2.138140237091204834e-02
5.533967192599752172e-02 3.794985351065439938e-02 -2.046947659157217006e-02
5.491306887513031781e-02 3.767683682557252528e-02 -1.957559768052300961e-02
5.448975442639387989e-02 3.739436968911442200e-02 -1.869964002959674521e-02
5.406970322857709843e-02 3.710287200845863165e-02 -1.784147334213400868e-02
5.365289012589664203e-02 3.680275523558985962e-02 -1.700096283796367208e-02
5.323929015649028068e-02 3.649442242742517023e-02 -1.617796945428518277e-02
5.282887855092216478e-02 3.617826830818439421e-02 -1.537235004248185301e-02
5.242163073069922713e-02 3.585467933390307921e-02 -1.458395756089243475e-02
5.201752230679936723e-02 3.552403375899020055e-02 -1.381264126357166673e-02
5.161652907821089736e-02 3.518670170473321701e-02 -1.305824688506992265e-02
5.121862703048311871e-02 3.484304522965629702e-02 -1.232061682126347514e-02
5.082379233428811760e-02 3.449341840163894918e-02 -1.159959030626872729e-02
5.043200134399381668e-02 3.413816737170494858e-02 -1.089500358547408447e-02
5.004323059624787157e-02 3.377763044939282450e-02 -1.020669008472380353e-02
4.965745680857241301e-02 3.341213817962129795e-02 -9.534480575689301476e-03
4.927465687796980104e-02 3.304201342096579203e-02 -8.878203337464817685e-03
4.889480787953907198e-02 3.266757142526287294e-02 -8.237684314424136359e-03
4.851788706510292565e-02 3.228911991846261653e-02 -7.612747270375972916e-03
4.814387186184546780e-02 3.190695918264953995e-02 -7.003213939057108435e-03
4.777273987096042340e-02 3.152138213915638143e-02 -6.408904171002184624e-03
4.740446886630957091e-02 3.113267443269468471e-02 -5.829636076829421316e-03
4.703903679309184849e-02 3.074111451643016246e-02 -5.265226166983633972e-03
4.667642176652244540e-02 3.034697373793102809e-02 -4.715489487976272029e-03
4.631660207052227390e-02 2.995051642592031979e-02 -4.180239755164624933e-03
4.595955615641732217e-02 2.955199997776401799e-02 -3.659289482111221636e-03
4.560526264164822818e-02 2.915167494763006018e-02 -3.152450106566292900e-03
4.525370030848979014e-02 2.874978513525330501e-02 -2.659532113115452810e-03
4.490484810278017741e-02 2.834656767524443635e-02 -2.180345152535265868e-03
4.455868513266013353e-02 2.794225312688218901e-02 -1.714698157900438344e-03
4.421519066732171321e-02 2.753706556432954783e-02 -1.262399457485463127e-03
4.387434413576697667e-02 2.713122266721722242e-02 -8.232568845051308880e-04
4.353612512557580860e-02 2.672493581153767214e-02 -3.970778837368648491e-04
4.320051338168359734e-02 2.631841016079637316e-02 1.633038493015462304e-05
4.286748880516823290e-02 2.591184475736751577e-02 4.171609459752367529e-04
4.253703145204633385e-02 2.550543261400265924e-02 8.056069107116189086e-04
4.220912153207891787e-02 2.509936080544361570e-02 1.181861382692205595e-03
4.188373940758624570e-02 2.469381056009099795e-02 1.546117366011307047e-03
4.156086559227172017e-02 2.428895735168203410e-02 1.898567676457959185e-03
4.124048075005485453e-02 2.388497099093265727e-02 2.239404855475925302e-03
4.092256569391339305e-02 2.348201571710029772e-02 2.568821086885826870e-03
4.060710138473423714e-02 2.308025028942512630e-02 2.887008116324989940e-03
4.029406893017314223e-02 2.267982807840846285e-02 3.194157173360444042e-03
3.998344958352338663e-02 2.228089715688982841e-02 3.490458896230422877e-03
3.967522474259309317e-02 2.188360039088344672e-02 3.776103259170054179e-03
3.936937594859112044e-02 2.148807553013810934e-02 4.051279502277218593e-03
3.906588488502164835e-02 2.109445529838444022e-02 4.316176063874014278e-03
3.876473337658731255e-02 2.070286748323570125e-02 4.570980515320044110e-03
3.846590338810058907e-02 2.031343502570837067e-02 4.815879498233843412e-03
3.816937702340385957e-02 1.992627610933174476e-02 5.051058664078325079e-03
3.787513652429755351e-02 1.954150424881482412e-02 5.276702616067227916e-03
3.758316426947676953e-02 1.915922837824207345e-02 5.492994853349029635e-03
3.729344277347582809e-02 1.877955293876878290e-02 5.700117717425435236e-03
3.700595468562122015e-02 1.840257796578972579e-02 5.898252340761557522e-03
3.672068278899253552e-02 1.802839917555470323e-02 6.087578597545210100e-03
3.643760999939128775e-02 1.765710805120564858e-02 6.268275056553218941e-03
3.615671936431787137e-02 1.728879192821222016e-02 6.440518936082543187e-03
3.587799406195624208e-02 1.692353407918216132e-02 6.604486060904696774e-03
3.560141740016661838e-02 1.656141379802528873e-02 6.760350821201768952e-03
3.532697281548573265e-02 1.620250648344973357e-02 6.908286133443463338e-03
3.505464387213489547e-02 1.584688372177081236e-02 7.048463403163834386e-03
3.478441426103577594e-02 1.549461336901375441e-02 7.181052489597669099e-03
3.451626779883359281e-02 1.514575963229192711e-02 7.306221672136342139e-03
3.425018842692798687e-02 1.480038315044384864e-02 7.424137618563370587e-03
3.398616021051135971e-02 1.445854107391275449e-02 7.534965355030278852e-03
3.372416733761444269e-02 1.412028714385309830e-02 7.638868237734006139e-03
3.346419411815950568e-02 1.378567177045014747e-02 7.736007926256885034e-03
3.320622498302062270e-02 1.345474211043845743e-02 7.826544358531297915e-03
3.295024448309135517e-02 1.312754214380693063e-02 7.910635727390969568e-03
3.269623728835945736e-02 1.280411274967796671e-02 7.988438458671563019e-03
3.244418818698884682e-02 1.248449178135002148e-02 8.060107190823522297e-03
3.219408208440864561e-02 1.216871414049274305e-02 8.125794756000476182e-03
3.194590400240911870e-02 1.185681185048494297e-02 8.185652162587131117e-03
3.169963907824474569e-02 1.154881412888677031e-02 8.239828579130768771e-03
3.145527256374404390e-02 1.124474745903721040e-02 8.288471319641027568e-03
3.121278982442646927e-02 1.094463566077000238e-02 8.331725830222994414e-03
3.097217633862586056e-02 1.064849996024018648e-02 8.369735677009205316e-03
3.073341769662083292e-02 1.035635905885576823e-02 8.402642535356431158e-03
3.049649959977186395e-02 1.006822920130832390e-02 8.430586180273582850e-03
3.026140785966487806e-02 9.784124242697552973e-03 8.453704478047678952e-03
3.002812839726161365e-02 9.504055714745562183e-03 8.472133379035049622e-03
2.979664724205647805e-02 9.228032891096775089e-03 8.486006911585502327e-03
2.956695053123983494e-02 8.956062851700096611e-03 8.495457177067670951e-03
2.933902450886780380e-02 8.688150546270758182e-03 8.500614345964075183e-03
2.911285552503848489e-02 8.424298856829553692e-03 8.501606655005012128e-03
2.888843003507452628e-02 8.164508659317689862e-03 8.498560405310828791e-03
2.866573459871187696e-02 7.908778884285892763e-03 8.491599961512417277e-03
2.844475587929494800e-02 7.657106576657420061e-03 8.480847751820537808e-03
2.822548064297792855e-02 7.409486954564377045e-03 8.466424269014677026e-03
2.800789575793219410e-02 7.165913467257600117e-03 8.448448072322910576e-03
2.779198819355989045e-02 6.926377852090891823e-03 8.427035790164464496e-03
2.757774501971362729e-02 6.690870190580556348e-03 8.402302123727271865e-03
2.736515340592200404e-02 6.459378963541585923e-03 8.374359851353199366e-03
2.715420062062132850e-02 6.231891105302780204e-03 8.343319833704107569e-03
2.694487403039311224e-02 6.008392057002576690e-03 8.309291019682290419e-03
2.673716109920752995e-02 5.788865818968652252e-03 8.272380453079448276e-03
2.653104938767259294e-02 5.573295002183937738e-03 8.232693279928565699e-03
2.632652655228924152e-02 5.361660878842756245e-03 8.190332756533743458e-03
2.612358034471213772e-02 5.153943432000517196e-03 8.145400258153327397e-03
2.592219861101608541e-02 4.950121404321011602e-03 8.097995288312167736e-03
2.572236929096822361e-02 4.750172345925781497e-03 8.048215488719296859e-03
2.552408041730569802e-02 4.554072661349959326e-03 7.996156649767745608e-03
2.532732011501907451e-02 4.361797655609818761e-03 7.941912721593656979e-03
2.513207660064108173e-02 4.173321579386752786e-03 7.885575825672230810e-03
2.493833818154096715e-02 3.988617673333600538e-03 7.827236266928615932e-03
2.474609325522428641e-02 3.807658211508805918e-03 7.766982546342109973e-03
2.455533030863798691e-02 3.630414543944283489e-03 7.704901374022559563e-03
2.436603791748096978e-02 3.456857138353394091e-03 7.641077682738342883e-03
2.417820474551994267e-02 3.286955620985323751e-03 7.575594641875514276e-03
2.399181954391046284e-02 3.120678816632397549e-03 7.508533671808348062e-03
2.380687115052328162e-02 2.957994787797346269e-03 7.439974458661813631e-03
2.362334848927590686e-02 2.798870873027442616e-03 7.369994969446905068e-03
2.344124056946929671e-02 2.643273724422712159e-03 7.298671467550259424e-03
2.326053648512959107e-02 2.491169344325557325e-03 7.226078528559717190e-03
2.308122541435501940e-02 2.342523121199471033e-03 7.152289056408144691e-03
2.290329661866783231e-02 2.197299864704453654e-03 7.077374299817967319e-03
2.272673944237113552e-02 2.055463839976920046e-03 7.001403869029389042e-03
2.255154331191081343e-02 1.916978801122280014e-03 6.924445752795734162e-03
2.237769773524223710e-02 1.781808023928084083e-03 6.846566335629483517e-03
2.220519230120200985e-02 1.649914337806244720e-03 6.767830415283266829e-03
2.203401667888439663e-02 1.521260156972408569e-03 6.688301220450186546e-03
2.186416061702265226e-02 1.395807510871183892e-03 6.608040428668404513e-03
2.169561394337513396e-02 1.273518073855733554e-03 6.527108184415152635e-03
2.152836656411605265e-02 1.154353194130286605e-03 6.445563117375795355e-03
2.136240846323101891e-02 1.038273921964524621e-03 6.363462360873896155e-03
2.119772970191722422e-02 9.252410371885262793e-04 6.280861570448562949e-03
2.103432041798818444e-02 8.152150759772120369e-04 6.197814942565706316e-03
2.087217082528313589e-02 7.081563569332907995e-04 6.114375233450269551e-03
2.071127121308098673e-02 6.040250064777493311e-04 6.030593778026729739e-03
2.055161194551877180e-02 5.027809835569560211e-04 5.946520508955534245e-03
2.039318346101454821e-02 4.043841036754442430e-04 5.862203975753507365e-03
2.023597627169479440e-02 3.087940622637172787e-04 5.777691363986530750e-03
2.007998096282623268e-02 2.159704573901500408e-04 5.693028514523221922e-03
1.992518819225196081e-02 1.258728118262763596e-04 5.608259942838494765e-03
1.977158868983198634e-02 3.846059447474184069e-05 5.523428858356373324e-03
1.961917325688811164e-02 -4.630675883074659109e-05 5.438577183821661012e-03
1.946793276565295452e-02 -1.284698251443113100e-04 5.353745574690247679e-03
1.931785815872339926e-02 -2.080691748361009085e-04 5.268973438528504021e-03
1.916894044851811391e-02 -2.851453526206821059e-04 5.184298954411993392e-03
1.902117071673935580e-02 -3.597388591761461530e-04 5.099759092314529001e-03
1.887454011383882940e-02 -4.318901333447325947e-04 5.015389632478484822e-03
1.872903985848772476e-02 -5.016395349055654922e-04 4.931225184757845326e-03
1.858466123705086043e-02 -5.690273279102359095e-04 4.847299207925601441e-03
1.844139560306479533e-02 -6.340936645719959198e-04 4.763644028937356022e-03
1.829923437672005201e-02 -6.968785696992175474e-04 4.680290862143418433e-03
1.815816904434724641e-02 -7.574219256639622404e-04 4.597269828441741604e-03
1.801819115790732201e-02 -8.157634578963574978e-04 4.514609974364546668e-03
1.787929233448547900e-02 -8.719427208957421975e-04 4.432339291091362370e-03
1.774146425578928404e-02 -9.259990847492698260e-04 4.350484733382022594e-03
1.760469866765042996e-02 -9.779717221489949049e-04 4.269072238422762927e-03
1.746898737953039155e-02 -1.027899595898357872e-03 4.188126744579312617e-03
1.733432226402999848e-02 -1.075821446898953850e-03 4.107672210050906936e-03
1.720069525640266148e-02 -1.121775782608745806e-03 4.027731631419301933e-03
1.706809835407136280e-02 -1.165800865962743826e-03 3.948327062087255215e-03
1.693652361614943896e-02 -1.207934704747248324e-03 3.869479630601126326e-03
1.680596316296504786e-02 -1.248215041418874842e-03 3.791209558852395162e-03
1.667640917558924421e-02 -1.286679343359655369e-03 3.713536180153162707e-03
1.654785389536767709e-02 -1.323364793559445203e-03 3.636477957180885706e-03
1.642028962345604137e-02 -1.358308281717010525e-03 3.560052499787952091e-03
1.629370872035896742e-02 -1.391546395751312162e-03 3.484276582671596428e-03
1.616810360547245654e-02 -1.423115413714390841e-03 3.409166162900124312e-03
1.604346675663000446e-02 -1.453051296097461345e-03 3.334736397291603299e-03
1.591979070965205204e-02 -1.481389678521881966e-03 3.261001659641120723e-03
1.579706805789896779e-02 -1.508165864806677121e-03 3.187975557793165833e-03
1.567529145182749648e-02 -1.533414820404411811e-03 3.115670950555763513e-03
1.555445359855065629e-02 -1.557171166197284223e-03 3.044099964453183746e-03
1.543454726140094067e-02 -1.579469172645387798e-03 2.973274010314130335e-03
1.531556525949690634e-02 -1.600342754279156536e-03 2.903203799692630725e-03
1.519750046731320470e-02 -1.619825464528084052e-03 2.833899361119027443e-03
1.508034581425381389e-02 -1.637950490877916870e-03 2.765370056178380592e-03
1.496409428422856673e-02 -1.654750650348591574e-03 2.697624595414052726e-03
1.484873891523301286e-02 -1.670258385285250521e-03 2.630671054054270833e-03
1.473427279893149699e-02 -1.684505759454770759e-03 2.564516887559594588e-03
1.462068908024341703e-02 -1.697524454440360727e-03 2.499168946989358420e-03
1.450798095693265136e-02 -1.709345766326801196e-03 2.434633494185368258e-03
1.439614167920026666e-02 -1.720000602669030090e-03 2.370916216771284772e-03
1.428516454928024752e-02 -1.729519479736875334e-03 2.308022242966111925e-03
1.417504292103835550e-02 -1.737932520028815341e-03 2.245956156210491498e-03
1.406577019957417837e-02 -1.745269450047692936e-03 2.184722009604669109e-03
1.395733984082614051e-02 -1.751559598331487409e-03 2.124323340156893548e-03
1.384974535117957338e-02 -1.756831893732271931e-03 2.064763182841382935e-03
1.374298028707785814e-02 -1.761114863936588323e-03 2.006044084465014640e-03
1.363703825463655206e-02 -1.764436634220583255e-03 1.948168117341984341e-03
1.353191290926046043e-02 -1.766824926433329746e-03 1.891136892775804315e-03
1.342759795526363674e-02 -1.768307058201844381e-03 1.834951574348144595e-03
1.332408714549241681e-02 -1.768909942351411246e-03 1.779612891014190892e-03
1.322137428095126153e-02 -1.768660086534929203e-03 1.725121150004107692e-03
1.311945321043148441e-02 -1.767583593065052885e-03 1.671476249530475140e-03
1.301831783014294197e-02 -1.765706158943043972e-03 1.618677691301658719e-03
1.291796208334840962e-02 -1.763053076078302615e-03 1.566724592840972735e-03
1.281837996000094980e-02 -1.759649231692659264e-03 1.515615699611903454e-03
1.271956549638389097e-02 -1.755519108903590446e-03 1.465349396949393182e-03
1.262151277475376081e-02 -1.750686787480636901e-03 1.415923721797628316e-03
1.252421592298584747e-02 -1.745175944769366758e-03 1.367336374254545786e-03
1.242766911422250528e-02 -1.739009856777339741e-03 1.319584728923539532e-03
1.233186656652426362e-02 -1.732211399416617179e-03 1.272665846072940738e-03
1.223680254252352759e-02 -1.724803049897447949e-03 1.226576482603736543e-03
1.214247134908096049e-02 -1.716806888267859849e-03 1.181313102826274213e-03
1.204886733694455862e-02 -1.708244599093974555e-03 1.136871889046660962e-03
1.195598490041135595e-02 -1.699137473275971668e-03 1.093248751963668206e-03
1.186381847699168567e-02 -1.689506409994674403e-03 1.050439340876951249e-03
1.177236254707603180e-02 -1.679371918783869981e-03 1.008439053707558446e-03
1.168161163360453142e-02 -1.668754121723560425e-03 9.672430468317421608e-04
1.159156030173894014e-02 -1.657672755749382788e-03 9.268462447290379746e-04
1.150220315853712170e-02 -1.646147175073589455e-03 8.872433494457602132e-04
1.141353485263014132e-02 -1.634196353713034643e-03 8.484288498751031563e-04
1.132555007390175124e-02 -1.621838888119691733e-03 8.103970308549771290e-04
1.123824355317036561e-02 -1.609092999909351399e-03 7.731419820848819263e-04
1.115161006187351950e-02 -1.595976538684192123e-03 7.366576068631282628e-04
1.106564441175477212e-02 -1.582506984945051317e-03 7.009376306457491650e-04
1.098034145455296061e-02 -1.568701453089253002e-03 6.659756094284616538e-04
1.089569608169386680e-02 -1.554576694489978768e-03 6.317649379531418497e-04
1.081170322398433692e-02 -1.540149100653258069e-03 5.982988577403149013e-04
1.072835785130865985e-02 -1.525434706448667351e-03 5.655704649490993436e-04
1.064565497232730987e-02 -1.510449193410014213e-03 5.335727180661958662e-04
1.056358963417808848e-02 -1.495207893102283234e-03 5.022984454255252206e-04
1.048215692217943987e-02 -1.479725790551225705e-03 4.717403525600451838e-04
1.040135195953618800e-02 -1.464017527732086295e-03 4.418910293874927933e-04
1.032116990704741791e-02 -1.448097407113980301e-03 4.127429572316146248e-04
1.024160596281671956e-02 -1.431979395256583430e-03 3.842885156806851018e-04
1.016265536196459679e-02 -1.415677126455804763e-03 3.565199892849528051e-04
1.008431337634307749e-02 -1.399203906435241441e-03 3.294295740947950925e-04
1.000657531425261718e-02 -1.382572716080289563e-03 3.030093840413756036e-04
9.929436520161092836e-03 -1.365796215211806776e-03 2.772514571615370392e-04
9.852892374424975647e-03 -1.348886746396364082e-03 2.521477616687695426e-04
9.776938293012698081e-03 -1.331856338790167980e-03 2.276902018720892594e-04
9.701569727230142590e-03 -1.314716712013809519e-03 2.038706239446533069e-04
9.626782163448210222e-03 -1.297479280055045163e-03 1.806808215439599074e-04
9.552571122832486522e-03 -1.280155155196936517e-03 1.581125412855123363e-04
9.478932161075074095e-03 -1.262755151968721198e-03 1.361574880718537431e-04
9.405860868128399291e-03 -1.245289791116831234e-03 1.148073302788202304e-04
9.333352867941088413e-03 -1.227769303593575492e-03 9.405370480093868280e-05
9.261403818195946408e-03 -1.210203634561085942e-03 7.388822195790489041e-05
9.190009410049854166e-03 -1.192602447408128846e-03 5.430247026400149616e-05
9.119165367875773504e-03 -1.174975127777534625e-03 3.528802106245300878e-05
9.048867449006639530e-03 -1.157330787601970872e-03 1.683643302657590322e-05
8.979111443481320801e-03 -1.139678269145953009e-03 -1.060743470272788862e-06
8.909893173792487672e-03 -1.122026149051944107e-03 -1.841196211406606652e-05
8.841208494636390580e-03 -1.104382742388518605e-03 -3.522567653683405739e-05
8.773053292664674888e-03 -1.086756106698651136e-03 -5.151033632879033859e-05
8.705423486237999844e-03 -1.069154046046154631e-03 -6.727438317395268406e-05
8.638315025181600437e-03 -1.051584115058454673e-03 -8.252624710729738154e-05
8.571723890542740087e-03 -1.034053622963887996e-03 -9.727434289150448728e-05
8.505646094350042055e-03 -1.016569637621792324e-03 -1.115270665113665823e-04
8.440077679374647507e-03 -9.991389895436862505e-04 -1.252927917839348503e-04
8.375014718893200247e-03 -9.817682759039184689e-04 -1.385798670824688972e-04
8.310453316452736175e-03 -9.644638645382350942e-04 -1.513966121722522197e-04
8.246389605637307468e-03 -9.472318979287123802e-04 -1.637513151563859174e-04
8.182819749836414344e-03 -9.300782971735924642e-04 -1.756522295296320544e-04
8.119739942015279099e-03 -9.130087659406380465e-04 -1.871075713383948307e-04
8.057146404486835792e-03 -8.960287944026043474e-04 -1.981255164449677146e-04
7.995035388685482400e-03 -8.791436631535281664e-04 -2.087141978941453872e-04
7.933403174942591993e-03 -8.623584471045755030e-04 -2.188817033803183254e-04
7.872246072263779440e-03 -8.456780193582333219e-04 -2.286360728131905874e-04
7.811560418107830854e-03 -8.291070550596530602e-04 -2.379852959802641887e-04
7.751342578167353010e-03 -8.126500352240405289e-04 -2.469373103042417990e-04
7.691588946151157492e-03 -7.963112505390300194e-04 -2.554999986935005255e-04
7.632295943568272872e-03 -7.800948051409740220e-04 -2.636811874838353533e-04
7.573460019513616158e-03 -7.640046203641815597e-04 -2.714886444696487764e-04
7.515077650455386817e-03 -7.480444384621723949e-04 -2.789300770227810984e-04
7.457145340023996032e-03 -7.322178263000010375e-04 -2.860131302972216891e-04
7.399659618802734151e-03 -7.165281790168447724e-04 -2.927453855179003349e-04
7.342617044119938673e-03 -7.009787236579721921e-04 -2.991343583518319858e-04
7.286014199842874399e-03 -6.855725227753712387e-04 -3.051874973598473753e-04
7.229847696173122805e-03 -6.703124779962395426e-04 -3.109121825272023851e-04
7.174114169443563012e-03 -6.552013335586610561e-04 -3.163157238713486144e-04
7.118810281916963453e-03 -6.402416798138019834e-04 -3.214053601251611676e-04
7.063932721586080148e-03 -6.254359566939741814e-04 -3.261882574939608745e-04
7.009478201975289334e-03 -6.107864571459773123e-04 -3.306715084846555781e-04
6.955443461943789166e-03 -5.962953305291691887e-04 -3.348621308053597147e-04
6.901825265490303674e-03 -5.819645859777188490e-04 -3.387670663338563401e-04
6.848620401559280327e-03 -5.677960957265552324e-04 -3.423931801533028926e-04
6.795825683848566445e-03 -5.537915984005358123e-04 -3.457472596535721707e-04
6.743437950618627781e-03 -5.399527022664322995e-04 -3.488360136966557807e-04
6.691454064503180900e-03 -5.262808884472969153e-04 -3.516660718445753639e-04
6.639870912321287066e-03 -5.127775140988549175e-04 -3.542439836482563428e-04
6.588685404890953605e-03 -4.994438155475958412e-04 -3.565762179958385531e-04
6.537894476844084875e-03 -4.862809113902115225e-04 -3.586691625189264215e-04
6.487495086442947659e-03 -4.732898055541423813e-04 -3.605291230552840650e-04
6.437484215397967953e-03 -4.604713903189276269e-04 -3.621623231665175463e-04
6.387858868687010944e-03 -4.478264492981699220e-04 -3.635749037092852738e-04
6.338616074376000192e-03 -4.353556603818732715e-04 -3.647729224586144007e-04
6.289752883440921129e-03 -4.230595986389859195e-04 -3.657623537819105044e-04
6.241266369591240079e-03 -4.109387391800082873e-04 -3.665490883622657230e-04
6.193153629094645153e-03 -3.989934599794999577e-04 -3.671389329696981684e-04
6.145411780603136746e-03 -3.872240446583951777e-04 -3.675376102789644907e-04
6.098037964980479800e-03 -3.756306852260412796e-04 -3.677507587326156024e-04
6.051029345130990063e-03 -3.642134847818861336e-04 -3.677839324479757646e-04
6.004383105829617061e-03 -3.529724601767682810e-04 -3.676426011667571639e-04
5.958096453553330708e-03 -3.419075446337836743e-04 -3.673321502460257437e-04
5.912166616313857537e-03 -3.310185903287420875e-04 -3.668578806892677704e-04
5.866590843491655514e-03 -3.203053709302000791e-04 -3.662250092163171333e-04
5.821366405671174298e-03 -3.097675840991188619e-04 -3.654386683709266313e-04
5.776490594477423461e-03 -2.994048539482054645e-04 -3.645039066647829274e-04
5.731960722413765447e-03 -2.892167334609880344e-04 -3.634256887567914661e-04
5.687774122700953172e-03 -2.792027068707158112e-04 -3.622088956664612849e-04
5.643928149117436593e-03 -2.693621919991979943e-04 -3.608583250202610101e-04
5.600420175840896582e-03 -2.596945425556872644e-04 -3.593786913298165683e-04
5.557247597290980966e-03 -2.501990503959399654e-04 -3.577746263008523193e-04
5.514407827973247939e-03 -2.408749477416016402e-04 -3.560506791717886954e-04
5.471898302324357602e-03 -2.317214093600941075e-04 -3.542113170809387088e-04
5.429716474558411894e-03 -2.227375547051561086e-04 -3.522609254612508924e-04
5.387859818514479336e-03 -2.139224500182389710e-04 -3.502038084615773008e-04
5.346325827505345359e-03 -2.052751103909680025e-04 -3.480441893934586427e-04
5.305112014167351168e-03 -1.967945017888584030e-04 -3.457862112024345010e-04
5.264215910311472943e-03 -1.884795430365410228e-04 -3.434339369629133194e-04
5.223635066775472215e-03 -1.803291077647053769e-04 -3.409913503956451858e-04
5.183367053277248421e-03 -1.723420263190349752e-04 -3.384623564068686848e-04
5.143409458269288664e-03 -1.645170876313729804e-04 -3.358507816482144206e-04
5.103759888794228566e-03 -1.568530410533909764e-04 -3.331603750964648902e-04
5.064415970341571045e-03 -1.493485981530509555e-04 -3.303948086523012299e-04
5.025375346705471952e-03 -1.420024344741283463e-04 -3.275576777571639984e-04
4.986635679843623783e-03 -1.348131912591007725e-04 -3.246525020273907766e-04
4.948194649737241817e-03 -1.277794771357103744e-04 -3.216827259048056129e-04
4.910049954252138776e-03 -1.208998697675059110e-04 -3.186517193229500364e-04
4.872199309000842075e-03 -1.141729174686802829e-04 -3.155627783881608103e-04
4.834640447205776174e-03 -1.075971407835345765e-04 -3.124191260747245856e-04
4.797371119563537817e-03 -1.011710340309067928e-04 -3.092239129333556116e-04
4.760389094110179138e-03 -9.489306681389292027e-05 -3.059802178122461797e-04
4.723692156087524671e-03 -8.876168549520926086e-05 -3.026910485899721669e-04
4.687278107810564746e-03 -8.277531463855837773e-05 -2.993593429195509550e-04
4.651144768535825542e-03 -7.693235841633791071e-05 -2.959879689829493228e-04
4.615289974330760887e-03 -7.123120198406225731e-05 -2.925797262553753966e-04
4.579711577944183161e-03 -6.567021282186878391e-05 -2.891373462786945951e-04
4.544407448677656100e-03 -6.024774204346706514e-05 -2.856634934433228425e-04
4.509375472257886805e-03 -5.496212567291212670e-05 -2.821607657779707070e-04
4.474613550710119549e-03 -4.981168588958356786e-05 -2.786316957466309307e-04
4.440119602232482816e-03 -4.479473224174377992e-05 -2.750787510522050179e-04
4.405891561071332077e-03 -3.990956282906967315e-05 -2.715043354461955548e-04
4.371927377397523233e-03 -3.515446545453645446e-05 -2.679107895438875733e-04
4.338225017183647975e-03 -3.052771874604954210e-05 -2.643003916444752331e-04
4.304782462082241447e-03 -2.602759324822010375e-05 -2.606753585555935619e-04
4.271597709304894575e-03 -2.165235248467202366e-05 -2.570378464217289291e-04
4.238668771502305740e-03 -1.740025399128046081e-05 -2.533899515560018227e-04
4.205993676645284826e-03 -1.326955032074567547e-05 -2.497337112748287242e-04
4.173570467906637625e-03 -9.258490018892457163e-06 -2.460711047349754626e-04
4.141397203543973997e-03 -5.365318573101820602e-06 -2.424040537725378466e-04
4.109471956783434556e-03 -1.588279333279724155e-06 -2.387344237433978685e-04
4.077792815704297733e-03 2.074385594241539955e-06 -2.350640243647071897e-04
4.046357883124464608e-03 5.624434479463382206e-06 -2.313946105569725752e-04
4.015165276486864880e-03 9.063625127733074103e-06 -2.277278832863314974e-04
3.984213127746704178e-03 1.239371406461422404e-05 -2.240654904066077552e-04
3.953499583259581333e-03 1.561645574620728727e-05 -2.204090275007593162e-04
3.923022803670505980e-03 1.873360179451179767e-05 -2.167600387213444951e-04
3.892780963803702844e-03 2.174690025744165111e-05 -2.131200176296278660e-04
3.862772252553351490e-03 2.465809489307228862e-05 -2.094904080329890986e-04
3.832994872775100613e-03 2.746892447773691557e-05 -2.058726048202727326e-04
3.803447041178433224e-03 3.018112213756082211e-05 -2.022679547947585626e-04
3.774126988219891812e-03 3.279641470303501678e-05 -1.986777575044321143e-04
3.745032957997094115e-03 3.531652208623651238e-05 -1.951032660692402811e-04
3.716163208143567678e-03 3.774315668029561718e-05 -1.915456880050358602e-04
3.687516009724421413e-03 4.007802278071326090e-05 -1.880061860439275802e-04
3.659089647132797354e-03 4.232281602814041098e-05 -1.844858789507510693e-04
3.630882417987116046e-03 4.447922287222567846e-05 -1.809858423353963015e-04
3.602892633029144195e-03 4.654892005613936391e-05 -1.775071094607392260e-04
3.575118616022820387e-03 4.853357412139180298e-05 -1.740506720459228742e-04
3.547558703653861008e-03 5.043484093255859891e-05 -1.706174810647534043e-04
3.520211245430165427e-03 5.225436522152818918e-05 -1.672084475389884418e-04
3.493074603582964951e-03 5.399378015089571770e-05 -1.638244433262901702e-04
3.466147152968730282e-03 5.565470689612330823e-05 -1.604663019026392862e-04
3.439427280971871746e-03 5.723875424609056154e-05 -1.571348191390121172e-04
3.412913387408126470e-03 5.874751822166759610e-05 -1.538307540721188028e-04
3.386603884428766517e-03 6.018258171193472609e-05 -1.505548296690360376e-04
3.360497196425487037e-03 6.154551412768911954e-05 -1.473077335855431727e-04
3.334591759936039474e-03 6.283787107187125808e-05 -1.440901189180051473e-04
3.308886023550618952e-03 6.406119402655032847e-05 -1.409026049486450925e-04
3.283378447818945112e-03 6.521701005611430294e-05 -1.377457778840501866e-04
3.258067505158058520e-03 6.630683152630932750e-05 -1.346201915867726055e-04
3.232951679760857813e-03 6.733215583877633006e-05 -1.315263682998926188e-04
3.208029467505310334e-03 6.829446518074081766e-05 -1.284647993644114777e-04
3.183299375864367085e-03 6.919522628950988024e-05 -1.254359459293566750e-04
3.158759923816596270e-03 7.003589023143623254e-05 -1.224402396544900463e-04
3.134409641757478649e-03 7.081789219501378779e-05 -1.194780834055057925e-04
3.110247071411391135e-03 7.154265129777059851e-05 -1.165498519416234877e-04
3.086270765744289057e-03 7.221157040663021744e-05 -1.136558925954860174e-04
3.062479288877038072e-03 7.282603597141476797e-05 -1.107965259452691896e-04
3.038871215999417418e-03 7.338741787116966737e-05 -1.079720464789282524e-04
3.015445133284805779e-03 7.389706927298911982e-05 -1.051827232505090265e-04
2.992199637805506834e-03 7.435632650303006122e-05 -1.024288005284508903e-04
2.969133337448711871e-03 7.476650892940291527e-05 -9.971049843582052306e-05
2.946244850833164113e-03 7.512891885663187106e-05 -9.702801358242888960e-05
2.923532807226401128e-03 7.544484143138358544e-05 -9.438151968876588751e-05
2.900995846462684630e-03 7.571554455916284794e-05 -9.177116820172152552e-05
2.878632618861536995e-03 7.594227883168278524e-05 -8.919708890204491218e-05
2.856441785146903584e-03 7.612627746461655899e-05 -8.665939050350852880e-05
2.834422016366963410e-03 7.626875624544386667e-05 -8.415816124375133194e-05
2.812571993814532226e-03 7.637091349111016340e-05 -8.169346946676986712e-05
2.790890408948083594e-03 7.643393001521833828e-05 -7.926536419704018207e-05
2.769375963313397068e-03 7.645896910447806780e-05 -7.687387570525687844e-05
2.748027368465789239e-03 7.644717650414197202e-05 -7.451901606567312036e-05
2.726843345892945858e-03 7.639968041216137185e-05 -7.220077970503718172e-05
2.705822626938369363e-03 7.631759148179857928e-05 -6.991914394312489513e-05
2.684963952725394950e-03 7.620200283243678608e-05 -6.767406952486466876e-05
2.664266074081791252e-03 7.605399006833242460e-05 -6.546550114406228082e-05
2.643727751464968606e-03 7.587461130505933305e-05 -6.329336795873718839e-05
2.623347754887736354e-03 7.566490720339755444e-05 -6.115758409807800760e-05
2.603124863844629138e-03 7.542590101042371794e-05 -5.905804916103471578e-05
2.583057867238843820e-03 7.515859860756462748e-05 -5.699464870657336597e-05
2.563145563309681199e-03 7.486398856537855519e-05 -5.496725473560474547e-05
2.543386759560594020e-03 7.454304220483365699e-05 -5.297572616462477621e-05
2.523780272687766238e-03 7.419671366485646488e-05 -5.101990929108811087e-05
2.504324928509239160e-03 7.382593997592723229e-05 -4.909963825055022881e-05
2.485019561894607001e-03 7.343164113950382827e-05 -4.721473546561490847e-05
2.465863016695235034e-03 7.301472021305805847e-05 -4.536501208672145204e-05
2.446854145675011159e-03 7.257606340051367107e-05 -4.355026842481414290e-05
2.427991810441656496e-03 7.211654014787927678e-05 -4.177029437593919451e-05
2.409274881378542944e-03 7.163700324387155326e-05 -4.002486983781125768e-05
2.390702237577035927e-03 7.113828892532998618e-05 -3.831376511839959683e-05
2.372272766769380550e-03 7.062121698722755687e-05 -3.663674133658611235e-05
2.353985365262082144e-03 7.008659089708415809e-05 -3.499355081494420153e-05
2.335838937869805058e-03 6.953519791359609264e-05 -3.338393746469558873e-05
2.317832397849795781e-03 6.896780920929612062e-05 -3.180763716290286523e-05
2.299964666836794378e-03 6.838517999706379322e-05 -3.026437812195373117e-05
2.282234674778451603e-03 6.778804966030852136e-05 -2.875388125139913205e-05
2.264641359871249950e-03 6.717714188665290973e-05 -2.727586051220834971e-05
2.247183668496913027e-03 6.655316480494572991e-05 -2.583002326350345375e-05
2.229860555159311492e-03 6.591681112543871742e-05 -2.441607060184027985e-05
2.212670982421848214e-03 6.526875828296496891e-05 -2.303369769310156624e-05
2.195613920845322208e-03 6.460966858295877574e-05 -2.168259409707144788e-05
2.178688348926290010e-03 6.394018935016311349e-05 -2.036244408476279753e-05
2.161893253035885448e-03 6.326095307987139973e-05 -1.907292694856595595e-05
2.145227627359108224e-03 6.257257759155455089e-05 -1.781371730529244808e-05
2.128690473834602120e-03 6.187566618473037245e-05 -1.658448539218903715e-05
2.112280802094877296e-03 6.117080779693063639e-05 -1.538489735599363032e-05
2.095997629406992722e-03 6.045857716362895864e-05 -1.421461553511041874e-05
2.079839980613715656e-03 5.973953497999443901e-05 -1.307329873498197430e-05
2.063806888075115243e-03 5.901422806433812712e-05 -1.196060249673324343e-05
2.047897391610609304e-03 5.828318952312389024e-05 -1.087617935916712164e-05
2.032110538441469529e-03 5.754693891741912885e-05 -9.819679114191702638e-06
2.016445383133760351e-03 5.680598243066149674e-05 -8.790749055756674998e-06
2.000900987541711067e-03 5.606081303762281071e-05 -7.789034222380403485e-06
1.985476420751547226e-03 5.531191067445525157e-05 -6.814177633349925813e-06
1.970170759025721002e-03 5.455974240970375182e-05 -5.865820518671714827e-06
1.954983085747613418e-03 5.380476261617833872e-05 -4.943602542860270901e-06
1.939912491366626223e-03 5.304741314357529507e-05 -4.047162022641794813e-06
1.924958073343710063e-03 5.228812349174501270e-05 -3.176136138658524895e-06
1.910118936097323717e-03 5.152731098450550468e-05 -2.330161141256936127e-06
1.895394190949793419e-03 5.076538094390103657e-05 -1.508872550441302283e-06
1.880782956074089369e-03 5.000272686481144983e-05 -7.119053500771425134e-07
1.866284356441023787e-03 4.923973058981943705e-05 6.110582357104864686e-08
1.851897523766842966e-03 4.847676248424397815e-05 8.105264988856873963e-07
1.837621596461223947e-03 4.771418161125341782e-05 1.536722191440842499e-06
1.823455719575684496e-03 4.695233590697304077e-05 2.240058231961219498e-06
1.809399044752379266e-03 4.619156235550449447e-05 2.920899599613061467e-06
1.795450730173287152e-03 4.543218716377639491e-05 3.579610760542245572e-06
1.781609940509808025e-03 4.467452593615098006e-05 4.216555511575207026e-06
1.767875846872731579e-03 4.391888384870924994e-05 4.832096829000410079e-06
1.754247626762593226e-03 4.316555582314361196e-05 5.426596722346110819e-06
1.740724464020427902e-03 4.241482670018854097e-05 6.000416093070413857e-06
1.727305548778875150e-03 4.166697141251909253e-05 6.553914598082629610e-06
1.713990077413698153e-03 4.092225515705550374e-05 7.087450518010051508e-06
1.700777252495644723e-03 4.018093356660723721e-05 7.601380630130648915e-06
1.687666282742690364e-03 3.944325288079728411e-05 8.096060085887700085e-06
1.674656382972657120e-03 3.870945011620873519e-05 8.571842292904387588e-06
1.661746774056188907e-03 3.797975323569528278e-05 9.029078801417884711e-06
1.648936682870085066e-03 3.725438131680225694e-05 9.468119195051162795e-06
1.636225342251009917e-03 3.653354471924644532e-05 9.889310985841473714e-06
1.623611990949544708e-03 3.581744525140284489e-05 1.029299951344616676e-05
1.611095873584594091e-03 3.510627633575120289e-05 1.067952784844557342e-05
1.598676240598156462e-03 3.440022317323603149e-05 1.104923669966332193e-05
1.586352348210431484e-03 3.369946290649495919e-05 1.140246432542618184e-05
1.574123458375271522e-03 3.300416478191310821e-05 1.173954644868474052e-05
1.561988838735991515e-03 3.231449031046387691e-05 1.206081617591700181e-05
1.549947762581505191e-03 3.163059342729553742e-05 1.236660391973850921e-05
1.537999508802800853e-03 3.095262065002753795e-05 1.265723732514220360e-05
1.526143361849762814e-03 3.028071123572173711e-05 1.293304119929184323e-05
1.514378611688317871e-03 2.961499733649353716e-05 1.319433744479439146e-05
1.502704553757902486e-03 2.895560415373146752e-05 1.344144499637668902e-05
1.491120488929286673e-03 2.830265009089634137e-05 1.367467976089173678e-05
1.479625723462688449e-03 2.765624690486822858e-05 1.389435456058277204e-05
1.468219568966238698e-03 2.701649985581720259e-05 1.410077907953130118e-05
1.456901342354750481e-03 2.638350785556997367e-05 1.429425981321814264e-05
1.445670365808807535e-03 2.575736361444909138e-05 1.447510002112611271e-05
1.434525966734178683e-03 2.513815378656249002e-05 1.464359968231374543e-05
1.423467477721534948e-03 2.452595911352100543e-05 1.480005545389095590e-05
1.412494236506475027e-03 2.392085456656445905e-05 1.494476063232744765e-05
1.401605585929872758e-03 2.332290948707848113e-05 1.507800511752574417e-05
1.390800873898516464e-03 2.273218772548342802e-05 1.520007537959168481e-05
1.380079453346054691e-03 2.214874777848049606e-05 1.531125442823593564e-05
1.369440682194251373e-03 2.157264292464042911e-05 1.541182178474026170e-05
1.358883923314529616e-03 2.100392135832059642e-05 1.550205345642426263e-05
1.348408544489812771e-03 2.044262632189865688e-05 1.558222191354793613e-05
1.338013918376669293e-03 1.988879623631229973e-05 1.565259606858687567e-05
1.327699422467739938e-03 1.934246482989400949e-05 1.571344125781759795e-05
1.317464439054453562e-03 1.880366126549262213e-05 1.576501922515117379e-05
1.307308355190038920e-03 1.827241026587422866e-05 1.580758810815432487e-05
1.297230562652814875e-03 1.774873223739516199e-05 1.584140242619796237e-05
1.287230457909767064e-03 1.723264339194174768e-05 1.586671307067368536e-05
1.277307442080404063e-03 1.672415586713180426e-05 1.588376729722016306e-05
1.267460920900886565e-03 1.622327784477429130e-05 1.589280871990147057e-05
1.257690304688446458e-03 1.573001366758486257e-05 1.589407730728085405e-05
1.247995008306068080e-03 1.524436395415446451e-05 1.588780938033390917e-05
1.238374451127443113e-03 1.476632571217040235e-05 1.587423761214607173e-05
1.228828057002204557e-03 1.429589244989040763e-05 1.585359102934026806e-05
1.219355254221420048e-03 1.383305428586914118e-05 1.582609501518123985e-05
1.209955475483349063e-03 1.337779805693931866e-05 1.579197131430391593e-05
1.200628157859476601e-03 1.293010742445012678e-05 1.575143803901430056e-05
1.191372742760796882e-03 1.248996297876491566e-05 1.570470967711173806e-05
1.182188675904357472e-03 1.205734234202258213e-05 1.565199710118265312e-05
1.173075407280071850e-03 1.163222026916731096e-05 1.559350757931645949e-05
1.164032391117776578e-03 1.121456874725109570e-05 1.552944478719526128e-05
1.155059085854545642e-03 1.080435709301519868e-05 1.546000882150971639e-05
1.146154954102259361e-03 1.040155204875724002e-05 1.538539621465440086e-05
1.137319462615420931e-03 1.000611787649047003e-05 1.530579995065665307e-05
1.128552082259223852e-03 9.618016450403268390e-06 1.522140948229390344e-05
1.119852287977861349e-03 9.237207347626661145e-06 1.513241074935496788e-05
1.111219558763080172e-03 8.863647937318759539e-06 1.503898619800208417e-05
1.102653377622983110e-03 8.497293468075893693e-06 1.494131480119084521e-05
1.094153231551066134e-03 8.138097153679319792e-06 1.483957208010620917e-05
1.085718611495492319e-03 7.786010257188271617e-06 1.473393012657339884e-05
1.077349012328611671e-03 7.440982173390414443e-06 1.462455762640361876e-05
1.069043932816707548e-03 7.102960509620153701e-06 1.451161988363487949e-05
1.060802875589976187e-03 6.771891164956741547e-06 1.439527884562921617e-05
1.052625347112746707e-03 6.447718407814642910e-06 1.427569312898860182e-05
1.044510857653920769e-03 6.130384951937758580e-06 1.415301804625203326e-05
1.036458921257641655e-03 5.819832030810783425e-06 1.402740563333755888e-05
1.028469055714197316e-03 5.515999470501023572e-06 1.389900467769375912e-05
1.020540782531138965e-03 5.218825760943585563e-06 1.376796074712537544e-05
1.012673626904622357e-03 4.928248125684134611e-06 1.363441621925926400e-05
1.004867117690981526e-03 4.644202590093547815e-06 1.349851031161728060e-05
9.971207873785005015e-04 4.366624048067948805e-06 1.336037911226294407e-05
9.894341720594287438e-04 4.095446327230313148e-06 1.322015561099075134e-05
9.818068114021915281e-04 3.830602252646990367e-06 1.307796973102604327e-05
9.742382486238204166e-04 3.572023709075240018e-06 1.293394836120532962e-05
9.667280304626029580e-04 3.319641701757287605e-06 1.278821538860740832e-05
9.592757071509355662e-04 3.073386415775950405e-06 1.264089173160569900e-05
9.518808323883849992e-04 2.833187273987966241e-06 1.249209537331362862e-05
9.445429633149666788e-04 2.598972993551362746e-06 1.234194139539546938e-05
9.372616604846191425e-04 2.370671641062424590e-06 1.219054201221503619e-05
9.300364878388853607e-04 2.148210686319026957e-06 1.203800660529637504e-05
9.228670126808026552e-04 1.931517054726965479e-06 1.188444175807038775e-05
9.157528056489873391e-04 1.720517178365488719e-06 1.172995129088229371e-05
9.086934406919187435e-04 1.515137045729083531e-06 1.157463629623550190e-05
9.016884950424293487e-04 1.315302250162535076e-06 1.141859517424820850e-05
8.947375491923834599e-04 1.120938037005893818e-06 1.126192366829921820e-05
8.878401868675517977e-04 9.319693494665894962e-07 1.110471490084056501e-05
8.809959950026869909e-04 7.483208732360633281e-07 1.094705940935511794e-05
8.742045637167836008e-04 5.699170798677672046e-07 1.078904518243743000e-05
8.674654862885270139e-04 3.966822689339222727e-07 1.063075769597724424e-05
8.607783591319456218e-04 2.285406089787942316e-07 1.047227994942570403e-05
8.541427817722315949e-04 6.541617728508416027e-08 1.031369250212404559e-05
8.475583568217638598e-04 -9.276700152842733059e-08 1.015507350967634471e-05
8.410246899563074766e-04 -2.460849180610151084e-07 9.996498760347435631e-06
8.345413898913959204e-04 -3.946135418183642618e-07 9.838041711468105857e-06
8.281080683589028824e-04 -5.384287860174950698e-07 9.679773525830443433e-06
8.217243400837872169e-04 -6.776064734911963729e-07 9.521763108056072360e-06
8.153898227610181923e-04 -8.122223036743082578e-07 9.364077140921196114e-06
8.091041370326844048e-04 -9.423518206543736115e-07 9.206780121622660571e-06
8.028669064652724794e-04 -1.068070382269544430e-06 9.049934397969522067e-06
7.966777575271217354e-04 -1.189453130236250220e-06 8.893600204485434756e-06
7.905363195660583975e-04 -1.306574961289230228e-06 8.737835698407683008e-06
7.844422247871961221e-04 -1.419510499316923088e-06 8.582696995568728636e-06
7.783951082309076112e-04 -1.528334068474881783e-06 8.428238206147113464e-06
7.723946077509723012e-04 -1.633119667260019380e-06 8.274511470274935495e-06
7.664403639928868981e-04 -1.733940943528775359e-06 8.121566993489203352e-06
7.605320203723398443e-04 -1.830871170442243252e-06 7.969453082015180047e-06
7.546692230538653299e-04 -1.923983223321018226e-06 7.818216177870589443e-06
7.488516209296445375e-04 -2.013349557393475544e-06 7.667900893778810005e-06
7.430788655984848059e-04 -2.099042186420264366e-06 7.518550047881215022e-06
7.373506113449517733e-04 -2.181132662178711106e-06 7.370204698237829133e-06
7.316665151186641522e-04 -2.259692054790469271e-06 7.222904177106714428e-06
7.260262365137531938e-04 -2.334790933875939754e-06 7.076686124992781486e-06
7.204294377484742658e-04 -2.406499350519310110e-06 6.931586524456661379e-06
7.148757836449763994e-04 -2.474886820027901113e-06 6.787639733675245409e-06
7.093649416092331645e-04 -2.540022305469712539e-06 6.644878519745663653e-06
7.038965816111222981e-04 -2.601974201973333333e-06 6.503334091724599581e-06
6.984703761646597229e-04 -2.660810321774307189e-06 6.363036133395545323e-06
6.930860003083904501e-04 -2.716597879992233025e-06 6.224012835756952806e-06
6.877431315859256324e-04 -2.769403481123087371e-06 6.086290929224196163e-06
6.824414500266302126e-04 -2.819293106231374282e-06 5.949895715539051141e-06
6.771806381264637706e-04 -2.866332100826676164e-06 5.814851099380615707e-06
6.719603808289642674e-04 -2.910585163409605435e-06 5.681179619671643548e-06
6.667803655063793498e-04 -2.952116334672119198e-06 5.548902480574958375e-06
6.616402819409452143e-04 -2.990988987337274757e-06 5.418039582174805003e-06
6.565398223063075023e-04 -3.027265816623834569e-06 5.288609550838110073e-06
6.514786811490881277e-04 -3.061008831321068639e-06 5.160629769251298659e-06
6.464565553705913176e-04 -3.092279345459485681e-06 5.034116406128151229e-06
6.414731442086497306e-04 -3.121137970563128205e-06 4.909084445584824945e-06
6.365281492196168348e-04 -3.147644608469472432e-06 4.785547716178502923e-06
6.316212742604910158e-04 -3.171858444702920557e-06 4.663518919605852203e-06
6.267522254711798725e-04 -3.193837942388247308e-06 4.543009659058392706e-06
6.219207112569041579e-04 -3.213640836690283503e-06 4.424030467231867643e-06
6.171264422707335587e-04 -3.231324129766554708e-06 4.306590833986782031e-06
6.123691313962569167e-04 -3.246944086219514341e-06 4.190699233657746106e-06
6.076484937303906850e-04 -3.260556229035340439e-06 4.076363152009629713e-06
6.029642465663153207e-04 -3.272215335996379282e-06 3.963589112838289813e-06
5.983161093765428660e-04 -3.281975436554471498e-06 3.852382704214307487e-06
5.937038037961203793e-04 -3.289889809152607202e-06 3.742748604368326658e-06
5.891270536059575085e-04 -3.296010978982494359e-06 3.634690607216494874e-06
5.845855847162830833e-04 -3.300390716165821501e-06 3.528211647525037136e-06
5.800791251502346313e-04 -3.303080034347144991e-06 3.423313825713234748e-06
5.756074050275641202e-04 -3.304129189686544930e-06 3.319998432293749127e-06
5.711701565484823698e-04 -3.303587680240294147e-06 3.218265971950355801e-06
5.667671139776177388e-04 -3.301504245718069332e-06 3.118116187252247904e-06
5.623980136281003621e-04 -3.297926867605263018e-06 3.019548082005089596e-06
5.580625938457743239e-04 -3.292902769639294773e-06 2.922559944238923160e-06
5.537605949935259491e-04 -3.286478418628826735e-06 2.827149368832936140e-06
5.494917594357333086e-04 -3.278699525605116018e-06 2.733313279777618324e-06
5.452558315228402987e-04 -3.269611047294777153e-06 2.641047952074926083e-06
5.410525575760448879e-04 -3.259257187903509812e-06 2.550349033276985547e-06
5.368816858721053246e-04 -3.247681401200441905e-06 2.461211564664268923e-06
5.327429666282681000e-04 -3.234926392892947385e-06 2.373630002064350166e-06
5.286361519873075850e-04 -3.221034123281991627e-06 2.287598236312185299e-06
5.245609960026812423e-04 -3.206045810188141939e-06 2.203109613353281095e-06
5.205172546238034503e-04 -3.190001932138689123e-06 2.120156953991236984e-06
5.165046856814278558e-04 -3.172942231806355171e-06 2.038732573281029394e-06
5.125230488731440017e-04 -3.154905719690316348e-06 1.958828299569744478e-06
5.085721057489894217e-04 -3.135930678030447891e-06 1.880435493186652741e-06
5.046516196971638675e-04 -3.116054664945766057e-06 1.803545064784193017e-06
5.007613559298655084e-04 -3.095314518788382452e-06 1.728147493332277934e-06
4.969010814692267691e-04 -3.073746362704240282e-06 1.654232843767574904e-06
4.930705651333609730e-04 -3.051385609392251126e-06 1.581790784300202098e-06
4.892695775225203332e-04 -3.028266966053520733e-06 1.510810603380118559e-06
4.854978910053558039e-04 -3.004424439522514099e-06 1.441281226325440805e-06
4.817552797052844851e-04 -2.979891341572232885e-06 1.373191231615232741e-06
4.780415194869643632e-04 -2.954700294385553161e-06 1.306528866849362079e-06
4.743563879428703157e-04 -2.928883236185131536e-06 1.241282064377919239e-06
4.706996643799734952e-04 -2.902471427014318203e-06 1.177438456602953308e-06
4.670711298065270732e-04 -2.875495454661834342e-06 1.114985390955370433e-06
4.634705669189500502e-04 -2.847985240722958203e-06 1.053909944549692461e-06
4.598977600888124926e-04 -2.819970046790248361e-06 9.941989385196580030e-07
4.563524953499243112e-04 -2.791478480766916493e-06 9.358389520376721653e-07
4.528345603855202630e-04 -2.762538503296147953e-06 8.788163360210304787e-07
4.493437445155436141e-04 -2.733177434299753554e-06 8.231172265280394101e-07
4.458798386840316110e-04 -2.703421959619833256e-06 7.687275578472358721e-07
4.424426354465946253e-04 -2.673298137757074033e-06 7.156330752827692379e-07
4.390319289579901131e-04 -2.642831406699596831e-06 6.638193476392027046e-07
4.356475149598004401e-04 -2.612046590836433983e-06 6.132717794091509335e-07
4.322891907681953834e-04 -2.580967907949664634e-06 5.639756226667977818e-07
4.289567552617970904e-04 -2.549618976279657590e-06 5.159159886709123330e-07
4.256500088696344298e-04 -2.518022821657730355e-06 4.690778591805609328e-07
4.223687535591898797e-04 -2.486201884700893155e-06 4.234460974870063310e-07
4.191127928245423130e-04 -2.454178028063377616e-06 3.790054591652786757e-07
4.158819316745973865e-04 -2.421972543739741707e-06 3.357406025487997676e-07
4.126759766214091658e-04 -2.389606160414602578e-06 2.936360989306118135e-07
4.094947356685947745e-04 -2.357099050854088730e-06 2.526764424947696999e-07
4.063380182998350748e-04 -2.324470839334227906e-06 2.128460599813500069e-07
4.032056354674639818e-04 -2.291740609101645904e-06 1.741293200886842236e-07
4.000973995811492301e-04 -2.258926909862128956e-06 1.365105426164273838e-07
3.970131244966569497e-04 -2.226047765292587517e-06 9.997400735296810992e-08
3.939526255047027061e-04 -2.193120680572192638e-06 6.450396271082155342e-08
3.909157193198920964e-04 -2.160162649928600542e-06 3.008463411365027862e-08
3.879022240697431478e-04 -2.127190164195157282e-06 -3.299767861549466504e-09
3.849119592837936641e-04 -2.094219218375234157e-06 -3.566503958342972751e-08
3.819447458827944942e-04 -2.061265319209919481e-06 -6.702697670280488949e-08
3.790004061679839542e-04 -2.028343492745359273e-06 -9.740136672311017816e-08
3.760787638104474127e-04 -1.995468291896218941e-06 -1.268039818011424350e-07
3.731796438405562402e-04 -1.962653804001784272e-06 -1.552505717744948693e-07
3.703028726374886699e-04 -1.929913658371381314e-06 -1.827568574120507551e-07
3.674482779188338708e-04 -1.897261033815897312e-06 -2.093385238838895572e-07
3.646156887302735416e-04 -1.864708666162239001e-06 -2.350112144470562815e-07
