1.000000000000000000e+00 -4.045084971874736368e+00 0.000000000000000000e+00
9.922796420431261311e-01 -4.130156474702368463e+00 -6.402514860934606367e-02
9.846188880132343835e-01 -4.204855605315803935e+00 -1.303975852166655292e-01
9.770172777466731295e-01 -4.269324121405355221e+00 -1.986748473810447668e-01
9.694743546324182670e-01 -4.323730690668067922e+00 -2.684262305711505037e-01
9.619896655846466027e-01 -4.368268972128588779e+00 -3.392340726324988287e-01
9.545627610155197340e-01 -4.403155704934842873e+00 -4.106948950975001789e-01
9.471931948081779851e-01 -4.428628812836088002e+00 -4.824204059522003707e-01
9.398805242899438417e-01 -4.444945531865543309e+00 -5.540383688463551559e-01
9.326243102057312218e-01 -4.452380568078444512e+00 -6.251933440452039914e-01
9.254241166916603589e-01 -4.451224291542771105e+00 -6.955473066758816048e-01
9.182795112488768563e-01 -4.441780972145642714e+00 -7.647801480225696613e-01
9.111900647175722456e-01 -4.424367062165845965e+00 -8.325900657760004764e-01
9.041553512512054969e-01 -4.399309529973929322e+00 -8.986938492485493368e-01
8.971749482909231466e-01 -4.366944248656919214e+00 -9.628270656294223295e-01
8.902484365401772681e-01 -4.327614442825980845e+00 -1.024744153379010259e+00
8.833753999395398404e-01 -4.281669196353682594e+00 -1.084218428850724170e+00
8.765554256417098511e-01 -4.229462023302568596e+00 -1.141042012185894849e+00
8.697881039867159103e-01 -4.171349503849712370e+00 -1.195025678455795326e+00
8.630730284773077132e-01 -4.107689986582399477e+00 -1.245998639927622609e+00
8.564097957545396822e-01 -4.038842358138177602e+00 -1.293808265211231712e+00
8.497980055735413485e-01 -3.965164880788329071e+00 -1.338319740903397337e+00
8.432372607794760277e-01 -3.887014098216266866e+00 -1.379415681188869147e+00
8.367271672836846808e-01 -3.804743809421848422e+00 -1.416995690685181719e+00
8.302673340400135160e-01 -3.718704110387835993e+00 -1.450975885633156492e+00
8.238573730213252233e-01 -3.629240502875372254e+00 -1.481288378339621126e+00
8.174968991961907294e-01 -3.536693069470593365e+00 -1.507880729575104217e+00
8.111855305057616983e-01 -3.441395713783292010e+00 -1.530715373418809921e+00
8.049228878408205556e-01 -3.343675464500337924e+00 -1.549769018828129230e+00
7.987085950190087047e-01 -3.243851841819954895e+00 -1.565032031991404393e+00
7.925422787622300458e-01 -3.142236284637576205e+00 -1.576507803302679589e+00
7.864235686742291342e-01 -3.039131636718089169e+00 -1.584212102576469716e+00
7.803520972183418669e-01 -2.934831689972398294e+00 -1.588172425900756579e+00
7.743274996954189193e-01 -2.829620782857349415e+00 -1.588427337308545129e+00
7.683494142219191581e-01 -2.723773451835423742e+00 -1.585025808232991107e+00
7.624174817081715849e-01 -2.617554133764273594e+00 -1.578026557499708549e+00
7.565313458368060351e-01 -2.511216917034154061e+00 -1.567497394402725508e+00
7.506906530413504086e-01 -2.405005339233205142e+00 -1.553514567208572172e+00
7.448950524849916599e-01 -2.299152229095036137e+00 -1.536162119236577084e+00
7.391441960395032096e-01 -2.193879590469371088e+00 -1.515531254473251765e+00
7.334377382643324506e-01 -2.089398526053686922e+00 -1.491719714494917914e+00
7.277753363858517899e-01 -1.985909198630815720e+00 -1.464831168295930075e+00
7.221566502767686746e-01 -1.883600827573427283e+00 -1.434974616450035878e+00
7.165813424356949346e-01 -1.782651718400824370e+00 -1.402263810870173044e+00
7.110490779668741101e-01 -1.683229323204947780e+00 -1.366816691276986129e+00
7.055595245600647658e-01 -1.585490329800838039e+00 -1.328754839338987415e+00
7.001123524705792356e-01 -1.489580777501074316e+00 -1.288202951307642508e+00
6.947072344994773552e-01 -1.395636197462953199e+00 -1.245288329838399211e+00
6.893438459739114066e-01 -1.303781775611115412e+00 -1.200140395564129880e+00
6.840218647276246067e-01 -1.214132536196195211e+00 -1.152890218870417094e+00
6.787409710815990316e-01 -1.126793544111157841e+00 -1.103670072212341591e+00
6.735008478248527553e-01 -1.041860124150895350e+00 -1.052613003209978970e+00
6.683011801953868680e-01 -9.594180954669196959e-01 -9.998524286645210646e-01
6.631416558612771572e-01 -8.795440195368738889e-01 -9.455217495483994039e-01
6.580219649019140027e-01 -8.023054600379688761e-01 -8.897539869411414948e-01
6.529417997893857128e-01 -7.277612530837148652e-01 -8.326814388074748052e-01
6.479008553700061901e-01 -6.559617863541294946e-01 -7.744353574452887967e-01
6.428988288459849265e-01 -5.869492857206192182e-01 -7.151456473681793158e-01
6.379354197572388863e-01 -5.207581080377641225e-01 -6.549405833303634239e-01
6.330103299633443870e-01 -4.574150388446932558e-01 -5.939465481502301802e-01
6.281232636256284252e-01 -3.969395937886822101e-01 -5.322877899426839976e-01
6.232739271893987798e-01 -3.393443226527000367e-01 -4.700861983294800095e-01
6.184620293663100066e-01 -2.846351149364086397e-01 -4.074610991603713206e-01
6.136872811168674335e-01 -2.328115060070055919e-01 -3.445290672464549897e-01
6.089493956330644941e-01 -1.838669829012800072e-01 -2.814037565795723395e-01
6.042480883211551745e-01 -1.377892889240749652e-01 -2.181957474885020676e-01
5.995830767845590215e-01 -9.456072625018867306e-02 -1.550124101632436857e-01
5.949540808068984887e-01 -5.415845579688995104e-02 -9.195778396282827671e-02
5.903608223351662909e-01 -1.655479369242247520e-02 -2.913247190965171859e-02
5.858030254630243183e-01 1.828249627783619727e-02 3.336645023598441839e-02
5.812804164142301167e-01 5.038991481175170151e-02 9.544551093392208974e-02
5.767927235261914864e-01 7.980794432931932747e-02 1.570149064712464126e-01
5.723396772336490912e-01 1.065807717720590186e-01 2.179885518361804331e-01
5.679210100524836324e-01 1.307560173769814205e-01 2.782841194754468450e-01
5.635364565636491463e-01 1.523844697933959269e-01 3.378230665486030015e-01
5.591857533972293126e-01 1.715198278672508403e-01 3.965306512878565282e-01
5.548686392166185533e-01 1.882184493760844513e-01 4.543359390649180929e-01
5.505848547028227014e-01 2.025391069583822867e-01 5.111717987582909961e-01
5.463341425388834605e-01 2.145427514436772654e-01 5.669748900043454221e-01
5.421162473944215465e-01 2.242922827545878461e-01 6.216856419047117610e-01
5.379309159102994009e-01 2.318523285186417371e-01 6.752482237501683526e-01
5.337778966834028083e-01 2.372890304965179775e-01 7.276105083081761959e-01
5.296569402515396430e-01 2.406698389039742814e-01 7.787240282071115072e-01
5.255677990784551890e-01 2.420633146772715738e-01 8.285439259355570352e-01
5.215102275389631448e-01 2.415389397062908949e-01 8.770288979596135848e-01
5.174839819041915367e-01 2.391669350356707135e-01 9.241411334453070170e-01
5.134888203269427631e-01 2.350180870121782173e-01 9.698462480568769140e-01
5.095245028271657706e-01 2.291635813360455021e-01 1.014113213285072312e+00
5.055907912775418067e-01 2.216748449551466382e-01 1.056914281742720840e+00
5.016874493891801956e-01 2.126233957235386107e-01 1.098224908847770687e+00
4.978142426974245804e-01 2.020806997300738095e-01 1.138023671296913619e+00
4.939709385477703552e-01 1.901180361883170744e-01 1.176292182715659829e+00
4.901573060818885663e-01 1.768063697659564004e-01 1.213015006853704003e+00
4.863731162237593941e-01 1.622162302200850226e-01 1.248179568677309614e+00
4.826181416659117707e-01 1.464175991941836230e-01 1.281776063693580658e+00
4.788921568557695796e-01 1.294798040232591763e-01 1.313797365824800778e+00
4.751949379821036601e-01 1.114714183853003776e-01 1.344238934134492469e+00
4.715262629615872836e-01 9.246016963000457112e-02 1.373098718690729303e+00
4.678859114254568241e-01 7.251285260950539324e-02 1.400377065836216461e+00
4.642736647062740696e-01 5.169524983051727862e-02 1.426076623119180820e+00
4.606893058247920059e-01 3.007205774295008266e-02 1.450202244123816042e+00
4.571326194769207985e-01 7.706818976417816221e-03 1.472760893424199802e+00
4.536033920207954706e-01 -1.533813966668388928e-02 1.493761551871161330e+00
4.501014114639427799e-01 -3.900176365496934444e-02 1.513215122407519875e+00
4.466264674505469601e-01 -6.322432180353677877e-02 1.531134336593500400e+00
4.431783512488146060e-01 -8.794745217668818726e-02 1.547533662010923017e+00
4.397568557384365362e-01 -1.131142030136798732e-01 1.562429210702091842e+00
4.363617753981465230e-01 -1.386690688728729193e-01 1.575838648786922258e+00
4.329929062933757788e-01 -1.645580221888303940e-01 1.587781107390091151e+00
4.296500460640037544e-01 -1.907285404355592295e-01 1.598277094998557413e+00
4.263329939122022516e-01 -2.171296290873646062e-01 1.607348411358885620e+00
4.230415505903742379e-01 -2.437118405666493515e-01 1.615018063013351046e+00
4.197755183891856423e-01 -2.704272893655104149e-01 1.621310180563743097e+00
4.165347011256887999e-01 -2.972296635252024144e-01 1.626249937742249241e+00
4.133189041315389889e-01 -3.240742326544304164e-01 1.629863472359637910e+00
4.101279342413006179e-01 -3.509178526641443807e-01 1.632177809192290052e+00
4.069615997808445629e-01 -3.777189673928951774e-01 1.633220784861326491e+00
4.038197105558343769e-01 -4.044376072931059052e-01 1.633020974749284315e+00
4.007020778403021510e-01 -4.310353853446257655e-01 1.631607621992312573e+00
3.976085143653118048e-01 -4.574754903579021925e-01 1.629010568578876939e+00
3.945388343077107507e-01 -4.837226778248485126e-01 1.625260188579270793e+00
3.914928532789674342e-01 -5.097432584712090486e-01 1.620387323524071554e+00
3.884703883140959157e-01 -5.355050846597808611e-01 1.614423219943696974e+00
3.854712578606652729e-01 -5.609775347894069286e-01 1.607399469075793119e+00
3.824952817678944905e-01 -5.861314958301189204e-01 1.599347948741975722e+00
3.795422812758310060e-01 -6.109393441302405359e-01 1.590300767390632419e+00
3.766120790046130207e-01 -6.353749246267075268e-01 1.580290210298014975e+00
3.737044989438149667e-01 -6.594135285852336104e-01 1.569348687915650187e+00
3.708193664418744651e-01 -6.830318699924186054e-01 1.557508686348249904e+00
3.679565081956019945e-01 -7.062080607172789293e-01 1.544802719942697689e+00
3.651157522397705524e-01 -7.289215845551912931e-01 1.531263285965424048e+00
3.622969279367861950e-01 -7.511532702627178315e-01 1.516922821342411520e+00
3.594998659664384588e-01 -7.728852636873215776e-01 1.501813661433353708e+00
3.567243983157293852e-01 -7.941009990916196859e-01 1.485968000808936207e+00
3.539703582687814820e-01 -8.147851697674473037e-01 1.469417855997926958e+00
3.512375803968235677e-01 -8.349236980307706002e-01 1.452195030168731638e+00
3.485259005482538308e-01 -8.545037046842816064e-01 1.434331079708188961e+00
3.458351558387794400e-01 -8.735134780303955848e-01 1.415857282658770755e+00
3.431651846416327589e-01 -8.919424425133619660e-01 1.396804608973884587e+00
3.405158265778626681e-01 -9.097811270652418347e-01 1.377203692549739067e+00
3.378869225067007709e-01 -9.270211332266695692e-01 1.357084804991103733e+00
3.352783145160025402e-01 -9.436551031095629094e-01 1.336477831067421462e+00
3.326898459127615726e-01 -9.596766872653003100e-01 1.315412245814921111e+00
3.301213612136978948e-01 -9.750805125183056310e-01 1.293917093239777882e+00
3.275727061359176018e-01 -9.898621498215630643e-01 1.272020966576862477e+00
3.250437275876464915e-01 -1.004018082187190020e+00 1.249751990058304507e+00
3.225342736590332549e-01 -1.017545672741994256e+00 1.227137802145798595e+00
3.200441936130251075e-01 -1.030443132954746321e+00 1.204205540180516065e+00
3.175733378763135883e-01 -1.042709491078900097e+00 1.180981826404440493e+00
3.151215580303490804e-01 -1.054344560851525170e+00 1.157492755307008903e+00
3.126887068024269967e-01 -1.065348910486391576e+00 1.133763882251170196e+00
3.102746380568403017e-01 -1.075723831996418189e+00 1.109820213333149397e+00
3.078792067861019777e-01 -1.085471310878047380e+00 1.085686196430612149e+00
3.055022691022348802e-01 -1.094593996187600782e+00 1.061385713394286778e+00
3.031436822281283749e-01 -1.103095171037217215e+00 1.036942073338588344e+00
3.008033044889624197e-01 -1.110978723535656965e+00 1.012378006987327383e+00
2.984809953036970387e-01 -1.118249118197006231e+00 9.877156620311488000e-01
2.961766151766285216e-01 -1.124911367838182574e+00 9.629765994540304686e-01
2.938900256890096818e-01 -1.130971005984097166e+00 9.381817907867978645e-01
2.916210894907355633e-01 -1.136434059797350127e+00 9.133516162463800603e-01
2.893696702920935948e-01 -1.141307023547495136e+00 8.885058637202790655e-01
2.871356328555760284e-01 -1.145596832633112294e+00 8.636637285564862099e-01
2.849188429877574369e-01 -1.149310838168230653e+00 8.388438141199715536e-01
2.827191675312336061e-01 -1.152456782143043590e+00 8.140641330776267059e-01
2.805364743566231001e-01 -1.155042773167312076e+00 7.893421093744836803e-01
2.783706323546306094e-01 -1.157077262803412276e+00 7.646945808648771825e-01
2.762215114281714179e-01 -1.158569022494598144e+00 7.401378025631192292e-01
2.740889824845572087e-01 -1.159527121092755353e+00 7.156874504791881364e-01
2.719729174277411010e-01 -1.159960902988687259e+00 6.913586260058135480e-01
2.698731891506236380e-01 -1.159879966846818489e+00 6.671658608243159483e-01
2.677896715274176720e-01 -1.159294144945104410e+00 6.431231222974401751e-01
2.657222394060722581e-01 -1.158213483119920229e+00 6.192438193183962269e-01
2.636707686007552787e-01 -1.156648221314715785e+00 5.955408085862233802e-01
2.616351358843934105e-01 -1.154608774730344622e+00 5.720264012785380991e-01
2.596152189812704902e-01 -1.152105715574121891e+00 5.487123700936556991e-01
2.576108965596828893e-01 -1.149149755403863660e+00 5.256099566349965446e-01
2.556220482246508996e-01 -1.145751728062452068e+00 5.027298791115808463e-01
2.536485545106872963e-01 -1.141922573197768687e+00 4.800823403293677516e-01
2.516902968746211888e-01 -1.137673320362217133e+00 4.576770359490398010e-01
2.497471576884772171e-01 -1.133015073685464724e+00 4.355231629867624688e-01
2.478190202324103419e-01 -1.127958997113506889e+00 4.136294285353057654e-01
2.459057686876943150e-01 -1.122516300206654050e+00 3.920040586837637564e-01
2.440072881297651319e-01 -1.116698224488592794e+00 3.706548076149927540e-01
2.421234645213172776e-01 -1.110516030338263516e+00 3.495889668606796397e-01
2.402541847054542046e-01 -1.103980984415919409e+00 3.288133746948155856e-01
2.383993363988912151e-01 -1.097104347614414888e+00 3.083344256471192146e-01
2.365588081852105784e-01 -1.089897363526427743e+00 2.881580801187544894e-01
2.347324895081692731e-01 -1.082371247418105975e+00 2.682898740834718798e-01
2.329202706650580768e-01 -1.074537175699350700e+00 2.487349288580349982e-01
2.311220428001118099e-01 -1.066406275880764420e+00 2.294979609265468679e-01
2.293376978979710379e-01 -1.057989617007105476e+00 2.105832918040086710e-01
2.275671287771933449e-01 -1.049298200556937788e+00 1.919948579251333498e-01
2.258102290838153448e-01 -1.040342951798054694e+00 1.737362205451414010e-01
2.240668932849645967e-01 -1.031134711588135744e+00 1.558105756399224551e-01
2.223370166625199540e-01 -1.021684228610020284e+00 1.382207637935786437e-01
2.206204953068218733e-01 -1.012002152030943458e+00 1.209692800620343900e-01
2.189172261104304351e-01 -1.002099024575015429e+00 1.040582838019662171e-01
2.172271067619319651e-01 -9.919852759982261681e-01 8.748960845493310157e-02
2.155500357397937827e-01 -9.816712169552593847e-01 7.126477127715227788e-02
2.138859123062655798e-01 -9.711670332473950618e-01 5.538498300591071510e-02
2.122346365013287051e-01 -9.604827804408390124e-01 3.985115745417385641e-02
2.105961091366914395e-01 -9.496283788448500740e-01 2.466392102543969386e-02
2.089702317898312622e-01 -9.386136088390936161e-01 9.823622141428629828e-03
2.073569067980828573e-01 -9.274481065397375268e-01 -4.669659424343242451e-03
2.057560372527714732e-01 -9.161413597938700137e-01 -1.881610331357224525e-02
2.041675269933922454e-01 -9.047027044919437877e-01 -3.261613945676093002e-02
2.025912806018335399e-01 -8.931413211880208092e-01 -4.607043905898574460e-02
2.010272033966458705e-01 -8.814662320177465427e-01 -5.917990570297403802e-02
1.994752014273544760e-01 -8.696862979040677066e-01 -7.194566657424752987e-02
1.979351814688158073e-01 -8.578102160408695998e-01 -8.436906381268335919e-02
1.964070510156177285e-01 -8.458465176448284328e-01 -9.645164599446905129e-02
1.948907182765231560e-01 -8.338035659659281951e-01 -1.081951597480671212e-01
1.933860921689560808e-01 -8.216895545472320261e-01 -1.196015415074713206e-01
1.918930823135307495e-01 -8.095125057246754796e-01 -1.306729094056818252e-01
1.904115990286224525e-01 -7.972802693577718536e-01 -1.414115553110321388e-01
1.889415533249807211e-01 -7.850005217823248227e-01 -1.518199370086812938e-01
1.874828569003840761e-01 -7.726807649763890451e-01 -1.619006705292963255e-01
1.860354221343357151e-01 -7.603283259308816211e-01 -1.716565226266852096e-01
1.845991620828005553e-01 -7.479503562164506736e-01 -1.810904034058520018e-01
1.831739904729823565e-01 -7.355538317383486513e-01 -1.902053591027192125e-01
1.817598216981418657e-01 -7.231455526712641246e-01 -1.990045650164964930e-01
1.803565708124546529e-01 -7.107321435662286024e-01 -2.074913185954674333e-01
1.789641535259081928e-01 -6.983200536218879817e-01 -2.156690326767347343e-01
1.775824861992392756e-01 -6.859155571126371864e-01 -2.235412288802584302e-01
1.762114858389095262e-01 -6.735247539662631011e-01 -2.311115311573354036e-01
1.748510700921205030e-01 -6.611535704839452965e-01 -2.383836594934644892e-01
1.735011572418668768e-01 -6.488077601956382390e-01 -2.453614237653858887e-01
1.721616662020278021e-01 -6.364929048440297610e-01 -2.520487177519022959e-01
1.708325165124963130e-01 -6.242144154904675224e-01 -2.584495132979358623e-01
1.695136283343462724e-01 -6.119775337364090628e-01 -2.645678546311314161e-01
1.682049224450365976e-01 -5.997873330541328984e-01 -2.704078528301711581e-01
1.669063202336527052e-01 -5.876487202206311933e-01 -2.759736804438377988e-01
1.656177436961842886e-01 -5.755664368487628524e-01 -2.812695662597423096e-01
1.643391154308399549e-01 -5.635450610099396185e-01 -2.862997902215106971e-01
1.630703586333978605e-01 -5.515890089427696319e-01 -2.910686784931247884e-01
1.618113970925921796e-01 -5.397025368422665448e-01 -2.955805986690070997e-01
1.605621551855355433e-01 -5.278897427243899321e-01 -2.998399551283451592e-01
1.593225578731760350e-01 -5.161545683608471657e-01 -3.038511845320704396e-01
1.580925306957903786e-01 -5.045008012792664420e-01 -3.076187514608183515e-01
1.568719997685107947e-01 -4.929320768239762729e-01 -3.111471441921293546e-01
1.556608917768872169e-01 -4.814518802728264268e-01 -3.144408706150798039e-01
1.544591339724834811e-01 -4.700635490056050969e-01 -3.175044542804662528e-01
1.532666541685071271e-01 -4.587702747197758280e-01 -3.203424305846180320e-01
1.520833807354738665e-01 -4.475751056894125557e-01 -3.229593430848499147e-01
1.509092425969044693e-01 -4.364809490633371203e-01 -3.253597399445324334e-01
1.497441692250556511e-01 -4.254905731986326489e-01 -3.275481705057051718e-01
1.485880906366835175e-01 -4.146066100258298248e-01 -3.295291819871271066e-01
1.474409373888398711e-01 -4.038315574422059462e-01 -3.313073163056232673e-01
1.463026405747009928e-01 -3.931677817297785649e-01 -3.328871070185571712e-01
1.451731318194284248e-01 -3.826175199946951211e-01 -3.342730763852369558e-01
1.440523432760620060e-01 -3.721828826248663180e-01 -3.354697325450392564e-01
1.429402076214443262e-01 -3.618658557627992822e-01 -3.364815668100149537e-01
1.418366580521768783e-01 -3.516683037907280540e-01 -3.373130510697369688e-01
1.407416282806073504e-01 -3.415919718252450332e-01 -3.379686353061256976e-01
1.396550525308478119e-01 -3.316384882187643490e-01 -3.384527452159922234e-01
1.385768655348235956e-01 -3.218093670652591443e-01 -3.387697799390265718e-01
1.375070025283531838e-01 -3.121060107078305612e-01 -3.389241098889608783e-01
1.364453992472575150e-01 -3.025297122457660248e-01 -3.389200746856348423e-01
1.353919919235000990e-01 -2.930816580388656556e-01 -3.387619811856980578e-01
1.343467172813565258e-01 -2.837629302069049064e-01 -3.384541016096842547e-01
1.333095125336135334e-01 -2.745745091222106526e-01 -3.380006717632026980e-01
1.322803153777976359e-01 -2.655172758934244426e-01 -3.374058893500049838e-01
1.312590639924328395e-01 -2.565920148386209854e-01 -3.366739123746891327e-01
1.302456970333270847e-01 -2.477994159460389645e-01 -3.358088576328240316e-01
1.292401536298872222e-01 -2.391400773207778552e-01 -3.348147992862890998e-01
1.282423733814631317e-01 -2.306145076159005491e-01 -3.336957675216407626e-01
1.272522963537191520e-01 -2.222231284464563916e-01 -3.324557472893372445e-01
1.262698630750342110e-01 -2.139662767850372405e-01 -3.310986771216692381e-01
1.252950145329295162e-01 -2.058442073375440495e-01 -3.296284480272721473e-01
1.243276921705235571e-01 -1.978570948979251343e-01 -3.280489024601087600e-01
1.233678378830151134e-01 -1.900050366807266022e-01 -3.263638333608416264e-01
1.224153940141926300e-01 -1.822880546303522753e-01 -3.245769832685358458e-01
1.214703033529713344e-01 -1.747060977060209686e-01 -3.226920435006583876e-01
1.205325091299563056e-01 -1.672590441414542051e-01 -3.207126533993656103e-01
1.196019550140328402e-01 -1.599467036784144314e-01 -3.186423996421012816e-01
1.186785851089826038e-01 -1.527688197732576525e-01 -3.164848156145483316e-01
1.177623439501259139e-01 -1.457250717757359315e-01 -3.142433808440122656e-01
1.168531765009904605e-01 -1.388150770793473154e-01 -3.119215204913418082e-01
1.159510281500050338e-01 -1.320383932425689688e-01 -3.095226048995146084e-01
1.150558447072194124e-01 -1.253945200803902316e-01 -3.070499491970609118e-01
1.141675724010492027e-01 -1.188829017255898235e-01 -3.045068129545094870e-01
1.132861578750458120e-01 -1.125029286592670180e-01 -3.018963998920868308e-01
1.124115481846915121e-01 -1.062539397101826266e-01 -2.992218576369213845e-01
1.115436907942192885e-01 -1.001352240225092810e-01 -2.964862775280421858e-01
1.106825335734570315e-01 -9.414602299163450649e-02 -2.936926944674868589e-01
1.098280247946962496e-01 -8.828553216771004020e-02 -2.908440868158692072e-01
1.089801131295848047e-01 -8.255290312667444563e-02 -2.879433763307892580e-01
1.081387476460437674e-01 -7.694724530852196931e-02 -2.849934281464945318e-01
1.073038778052082393e-01 -7.146762782262519598e-02 -2.819970507932418324e-01
1.064754534583913503e-01 -6.611308121995441989e-02 -2.789569962548301141e-01
1.056534248440721274e-01 -6.088259923207751251e-02 -2.758759600628161723e-01
1.048377425849062461e-01 -5.577514047684918597e-02 -2.727565814259506616e-01
1.040283576847601393e-01 -5.078963013073996974e-02 -2.696014433934058596e-01
1.032252215257680600e-01 -4.592496156777819277e-02 -2.664130730503976863e-01
1.024282858654115003e-01 -4.117999796510803806e-02 -2.631939417448339591e-01
1.016375028336215375e-01 -3.655357387520152129e-02 -2.599464653436552863e-01
1.008528249299032176e-01 -3.204449676477942599e-02 -2.566730045175621422e-01
1.000742050204824068e-01 -2.765154852052880904e-02 -2.533758650528556422e-01
9.930159633547468168e-02 -2.337348692172565648e-02 -2.500572981891497903e-01
9.853495246607579805e-02 -1.920904707989159327e-02 -2.467195009817358953e-01
9.777422736177415752e-02 -1.515694284564120774e-02 -2.433646166874236239e-01
9.701937532758450611e-02 -1.121586818289173511e-02 -2.399947351726989253e-01
9.627035102130324096e-02 -7.384498510629417846e-03 -2.366118933430760018e-01
9.552710945078489446e-02 -3.661492012444699917e-03 -2.332180755925492566e-01
9.478960597123935183e-02 -4.549091406230332556e-05 -2.298152142720741031e-01
9.405779628255032943e-02 3.464877270883368575e-03 -2.264051901760434082e-01
9.333163642661433668e-02 6.870998526571493563e-03 -2.229898330457431299e-01
9.261108278470005228e-02 1.017427115193838931e-02 -2.195709220888066027e-01
9.189609207482846154e-02 1.337610460855193084e-02 -2.161501865137129830e-01
9.118662134917292217e-02 1.647791839911780243e-02 -2.127293060783962131e-01
9.048262799147945012e-02 1.948114097630010769e-02 -2.093099116520660274e-01
8.978406971450655916e-02 2.238720868153572241e-02 -2.058935857893586796e-01
8.909090455748562565e-02 2.519756471350039287e-02 -2.024818633159745362e-01
8.840309088360016887e-02 2.791365812588930684e-02 -1.990762319249670120e-01
8.772058737748469892e-02 3.053694285415319704e-02 -1.956781327828868711e-01
8.704335304274325724e-02 3.306887677082847449e-02 -1.922889611450055991e-01
8.637134719948676154e-02 3.551092076909301287e-02 -1.889100669788618403e-01
8.570452948188926612e-02 3.786453787417044803e-02 -1.855427555954024532e-01
8.504285983576360952e-02 4.013119238219912954e-02 -1.821882882870147213e-01
8.438629851615531141e-02 4.231234902617793392e-02 -1.788478829717622398e-01
8.373480608495496857e-02 4.440947216859674612e-02 -1.755227148431641182e-01
8.308834340852966349e-02 4.642402502034800871e-02 -1.722139170248819240e-01
8.244687165537213647e-02 4.835746888552385631e-02 -1.689225812296908380e-01
8.181035229376824869e-02 5.021126243168734515e-02 -1.656497584221417463e-01
8.117874708948237539e-02 5.198686098521165810e-02 -1.623964594843362585e-01
8.055201810346102054e-02 5.368571585127403928e-02 -1.591636558842608462e-01
7.993012768955373715e-02 5.530927365809164969e-02 -1.559522803461406704e-01
7.931303849225172786e-02 5.685897572498303798e-02 -1.527632275222975122e-01
7.870071344444423689e-02 5.833625745383845540e-02 -1.495973546660157028e-01
7.809311576519178955e-02 5.974254774358179337e-02 -1.464554823049323551e-01
7.749020895751690396e-02 6.107926842720409755e-02 -1.433383949144941549e-01
7.689195680621190021e-02 6.234783373095163089e-02 -1.402468415910362032e-01
7.629832337566344602e-02 6.354964975524914073e-02 -1.371815367240549477e-01
7.570927300769401957e-02 6.468611397693994902e-02 -1.341431606672676968e-01
7.512477031941991457e-02 6.575861477242660180e-02 -1.311323604080645855e-01
7.454478020112603742e-02 6.676853096129353737e-02 -1.281497502349777384e-01
7.396926781415688601e-02 6.771723136999970027e-02 -1.251959124028052817e-01
7.339819858882373760e-02 6.860607441522516281e-02 -1.222713977950438680e-01
7.283153822232828201e-02 6.943640770646154758e-02 -1.193767265833022284e-01
7.226925267670218644e-02 7.020956766743595423e-02 -1.165123888833775045e-01
7.171130817676225899e-02 7.092687917596195157e-02 -1.136788454076911592e-01
7.115767120808194623e-02 7.158965522181215402e-02 -1.108765281138013592e-01
7.060830851497799932e-02 7.219919658221075898e-02 -1.081058408487126504e-01
7.006318709851298843e-02 7.275679151454737814e-02 -1.053671599887253257e-01
6.952227421451302736e-02 7.326371546591516071e-02 -1.026608350745739223e-01
6.898553737160102728e-02 7.372123079908128596e-02 -9.998718944162154898e-02
6.845294432924500794e-02 7.413058653450030344e-02 -9.734652084488468193e-02
6.792446309582127195e-02 7.449301810798475421e-02 -9.473910207867591859e-02
6.740006192669303897e-02 7.480974714364985179e-02 -9.216518159066902638e-02
6.687970932230351273e-02 7.508198124175623211e-02 -8.962498409019148404e-02
6.636337402628364468e-02 7.531091378107439283e-02 -8.711871115056997461e-02
6.585102502357481624e-02 7.549772373540143688e-02 -8.464654180536125561e-02
6.534263153856574580e-02 7.564357550386452411e-02 -8.220863313830950592e-02
6.483816303324391184e-02 7.574961875464843175e-02 -7.980512086688412721e-02
6.433758920536110371e-02 7.581698828179053717e-02 -7.743611991925961058e-02
6.384087998661343299e-02 7.584680387468982488e-02 -7.510172500461056999e-02
6.334800554083495905e-02 7.584017019998162690e-02 -7.280201117660045629e-02
6.285893626220566410e-02 7.579817669543452430e-02 -7.053703438995610753e-02
6.237364277347311192e-02 7.572189747552945938e-02 -6.830683205002495428e-02
6.189209592418772748e-02 7.561239124838743664e-02 -6.611142355522138525e-02
6.141426678895180874e-02 7.547070124371541011e-02 -6.395081083227684149e-02
6.094012666568213860e-02 7.529785515144582497e-02 -6.182497886421718658e-02
6.046964707388582244e-02 7.509486507074919492e-02 -5.973389621099489677e-02
6.000279975294960794e-02 7.486272746910513365e-02 -5.767751552271502963e-02
5.953955666044222217e-02 7.460242315112081135e-02 -5.565577404539765599e-02
5.907988997043002455e-02 7.431491723679171935e-02 -5.366859411922889761e-02
5.862377207180559380e-02 7.400115914890419144e-02 -5.171588366925722324e-02
5.817117556662905475e-02 7.366208260928427953e-02 -4.979753668849785930e-02
5.772207326848250580e-02 7.329860564360170250e-02 -4.791343371341761498e-02
5.727643820083693632e-02 7.291163059444438765e-02 -4.606344229177312954e-02
5.683424359543169657e-02 7.250204414238144157e-02 -4.424741744278517380e-02
5.639546289066678375e-02 7.207071733474063047e-02 -4.246520210963678627e-02
5.596006973000725027e-02 7.161850562182761615e-02 -4.071662760428541167e-02
5.552803796039998407e-02 7.114624890032279769e-02 -3.900151404458734178e-02
5.509934163070279861e-02 7.065477156359413480e-02 -3.731967078373685243e-02
5.467395499012570742e-02 7.014488255867001865e-02 -3.567089683202643441e-02
5.425185248668391164e-02 6.961737544962116886e-02 -3.405498127093836702e-02
5.383300876566318033e-02 6.907302848710564214e-02 -3.247170365958548799e-02
5.341739866809672166e-02 6.851260468383559010e-02 -3.092083443351871519e-02
5.300499722925398893e-02 6.793685189572892802e-02 -2.940213529592629327e-02
5.259577967714102603e-02 6.734650290851457166e-02 -2.791535960125157353e-02
5.218972143101260897e-02 6.674227552956463194e-02 -2.646025273126172833e-02
5.178679809989569782e-02 6.612487268473100921e-02 -2.503655246360053654e-02
5.138698548112413667e-02 6.549498251996853371e-02 -2.364398933286359153e-02
5.099025955888516343e-02 6.485327850753348777e-02 -2.228228698423914342e-02
5.059659650277666815e-02 6.420041955654767762e-02 -2.095116251975562283e-02
5.020597266637571304e-02 6.353705012772498106e-02 -1.965032683718496292e-02
4.981836458581825194e-02 6.286380035206261263e-02 -1.837948496165207890e-02
4.943374897838967441e-02 6.218128615330059672e-02 -1.713833637000124199e-02
4.905210274112627167e-02 6.149010937396143239e-02 -1.592657530797599030e-02
4.867340294942740925e-02 6.079085790478267609e-02 -1.474389110026889244e-02
4.829762685567867697e-02 6.008410581736307182e-02 -1.358996845350209266e-02
4.792475188788532237e-02 5.937041349984341354e-02 -1.246448775219858619e-02
4.755475564831647406e-02 5.865032779545113761e-02 -1.136712534780981096e-02
4.718761591215978740e-02 5.792438214373951677e-02 -1.029755384086424898e-02
4.682331062618644291e-02 5.719309672435778091e-02 -9.255442356304528426e-03
4.646181790742637957e-02 5.645697860319081468e-02 -8.240456812082151694e-03
4.610311604185394346e-02 5.571652188071494344e-02 -7.252260181081312228e-03
4.574718348308352833e-02 5.497220784241522995e-02 -6.290512746442693953e-03
4.539399885107534005e-02 5.422450511111809313e-02 -5.354872350361773552e-03
4.504354093085113225e-02 5.347386980109434390e-02 -4.444994636435849189e-03
4.469578867121985072e-02 5.272074567379279875e-02 -3.560533285636237593e-03
4.435072118351325587e-02 5.196556429506832969e-02 -2.701140245982583572e-03
4.400831774033100996e-02 5.120874519377081879e-02 -1.866465955996754076e-03
4.366855777429580476e-02 5.045069602156744548e-02 -1.056159562016566189e-03
4.333142087681782217e-02 4.969181271387180382e-02 -2.698691294479910641e-04
4.299688679686881898e-02 4.893247965175884229e-02 4.927581519630378978e-04
4.266493543976580122e-02 4.817306982474763716e-02 1.232075768757531168e-03
4.233554686596388561e-02 4.741394499433659177e-02 1.948437690208000908e-03
4.200870128985866037e-02 4.665545585818067081e-02 2.642198180497468650e-03
4.168437907859755265e-02 4.589794221480195113e-02 3.313711616550730609e-03
4.136256075090074397e-02 4.514173312873015487e-02 3.963332311433333081e-03
4.104322697589085633e-02 4.438714709597031682e-02 4.591414343236109932e-03
4.072635857193174919e-02 4.363449220970063575e-02 5.198311389360379606e-03
4.041193650547642707e-02 4.288406632610519686e-02 5.784376566119534858e-03
4.009994188992369729e-02 4.213615723024964621e-02 6.349962273573307031e-03
3.979035598448363298e-02 4.139104280191076290e-02 6.895420045509915476e-03
3.948316019305197350e-02 4.064899118127501820e-02 7.421100404491353525e-03
3.917833606309304578e-02 3.991026093442170269e-02 7.927352721877767988e-03
3.887586528453125523e-02 3.917510121851167093e-02 8.414525082746478896e-03
3.857572968865145835e-02 3.844375194660459849e-02 8.882964155620483651e-03
3.827791124700745395e-02 3.771644395202917305e-02 9.333015066923409583e-03
3.798239207033912018e-02 3.699339915223545661e-02 9.765021280075957683e-03
3.768915440749776025e-02 3.627483071205969689e-02 1.017932447915052656e-02
3.739818064437998302e-02 3.556094320633579331e-02 1.057626445700008029e-02
3.710945330286954252e-02 3.485193278178850412e-02 1.095617900777839417e-02
3.682295503978748330e-02 3.414798731814752686e-02 1.131940382376868913e-02
3.653866864585045976e-02 3.344928658842364483e-02 1.166627239643778374e-02
3.625657704463689651e-02 3.275600241828938858e-02 1.199711592163428889e-02
3.597666329156131576e-02 3.206829884451104645e-02 1.231226320884860718e-02
3.569891057285653341e-02 3.138633227237946216e-02 1.261204059445384697e-02
3.542330220456364059e-02 3.071025163208955175e-02 1.289677185884693759e-02
3.514982163152989558e-02 3.004019853402191062e-02 1.316677814740979668e-02
3.487845242641421373e-02 2.937630742288010327e-02 1.342237789521095841e-02
3.460917828870049145e-02 2.871870573064125298e-02 1.366388675536850048e-02
3.434198304371845895e-02 2.806751402827801709e-02 1.389161753099628707e-02
3.407685064167206845e-02 2.742284617621294426e-02 1.410588011065540617e-02
3.381376515667542521e-02 2.678480947346796592e-02 1.430698140723384547e-02
3.355271078579622618e-02 2.615350480547378245e-02 1.449522530017794200e-02
3.329367184810640840e-02 2.552902679050507093e-02 1.467091258100008781e-02
3.303663278374032591e-02 2.491146392471067089e-02 1.483434090198733520e-02
3.278157815296004612e-02 2.430089872570807483e-02 1.498580472803696245e-02
3.252849263522796658e-02 2.369740787471447119e-02 1.512559529154524317e-02
3.227736102828646786e-02 2.310106235718762530e-02 1.525400055027686073e-02
3.202816824724483841e-02 2.251192760195214540e-02 1.537130514814272729e-02
3.178089932367314518e-02 2.193006361878737515e-02 1.547779037881528118e-02
3.153553940470300854e-02 2.135552513445530820e-02 1.557373415211079845e-02
3.129207375213559350e-02 2.078836172714917593e-02 1.565941096306894265e-02
3.105048774155621735e-02 2.022861795934276924e-02 1.573509186366113879e-02
3.081076686145587176e-02 1.967633350902407707e-02 1.580104443705964909e-02
3.057289671235963527e-02 1.913154329929753900e-02 1.585753277440033263e-02
3.033686300596168117e-02 1.859427762633981268e-02 1.590481745397291299e-02
3.010265156426701616e-02 1.806456228569634087e-02 1.594315552277331821e-02
2.987024831873982128e-02 1.754241869690690431e-02 1.597280048035378680e-02
2.963963930945844386e-02 1.702786402644948863e-02 1.599400226490687096e-02
2.941081068427680092e-02 1.652091130899283056e-02 1.600700724152088680e-02
2.918374869799232607e-02 1.602156956694993778e-02 1.601205819254472931e-02
2.895843971152036941e-02 1.552984392832527233e-02 1.600939431000123619e-02
2.873487019107488424e-02 1.504573574284948957e-02 1.599925118998895765e-02
2.851302670735547662e-02 1.456924269639712534e-02 1.598186082901321622e-02
2.829289593474077977e-02 1.410035892368352931e-02 1.595745162218810062e-02
2.807446465048799369e-02 1.363907511923782151e-02 1.592624836325204352e-02
2.785771973393862816e-02 1.318537864665040790e-02 1.588847224634051467e-02
2.764264816573035882e-02 1.273925364609399327e-02 1.584434086946017242e-02
2.742923702701499308e-02 1.230068114011828757e-02 1.579406823960988887e-02
2.721747349868250399e-02 1.186963913771927129e-02 1.573786477949470908e-02
2.700734486059093789e-02 1.144610273668454983e-02 1.567593733577997070e-02
2.679883849080243186e-02 1.103004422421799240e-02 1.560848918883350235e-02
2.659194186482499375e-02 1.062143317584647063e-02 1.553572006390481486e-02
2.638664255486015964e-02 1.022023655261314161e-02 1.545782614369103913e-02
2.618292822905655265e-02 9.826418796562394128e-03 1.537500008224033411e-02
2.598078665076909016e-02 9.439941924521690411e-03 1.528743102014422026e-02
2.578020567782399880e-02 9.060765620187012995e-03 1.519530460097139046e-02
2.558117326178935974e-02 8.688847324518481074e-03 1.509880298889609319e-02
2.538367744725153127e-02 8.324142324454539277e-03 1.499810488747559817e-02
2.518770637109692817e-02 7.966603839951997765e-03 1.489338555953144232e-02
2.499324826179942158e-02 7.616183109361433431e-03 1.478481684809058484e-02
2.480029143871330735e-02 7.272829473147252033e-03 1.467256719834321953e-02
2.460882431137165205e-02 6.936490455962180356e-03 1.455680168057473488e-02
2.441883537879003738e-02 6.607111847086656609e-03 1.443768201403044377e-02
2.423031322877579677e-02 6.284637779244451987e-03 1.431536659167234257e-02
2.404324653724248390e-02 5.969010805805434819e-03 1.419001050578799078e-02
2.385762406752960085e-02 5.660171976387640309e-03 1.406176557441253874e-02
2.367343466972773522e-02 5.358060910871185328e-03 1.393078036852570846e-02
2.349066728000876250e-02 5.062615871836261515e-03 1.379720023998628510e-02
2.330931091996127705e-02 4.773773835438759224e-03 1.366116735016762590e-02
2.312935469593110221e-02 4.491470560736747844e-03 1.352282069925820306e-02
2.295078779836700472e-02 4.215640657481995596e-03 1.338229615619255727e-02
2.277359950117136336e-02 3.946217652390309437e-03 1.323972648917801781e-02
2.259777916105583026e-02 3.683134053905476671e-03 1.309524139678410609e-02
2.242331621690209914e-02 3.426321415471640132e-03 1.294896753956183665e-02
2.225020018912744410e-02 3.175710397328919757e-03 1.280102857216095305e-02
2.207842067905527519e-02 2.931230826847958972e-03 1.265154517591409941e-02
2.190796736829051655e-02 2.692811757418859652e-03 1.250063509185747428e-02
2.173883001809979662e-02 2.460381525910203607e-03 1.234841315415820782e-02
2.157099846879643318e-02 2.233867808714497336e-03 1.219499132391974744e-02
2.140446263913014374e-02 2.013197676395988688e-03 1.204047872333676578e-02
2.123921252568151952e-02 1.798297646957617603e-03 1.188498167017237005e-02
2.107523820226114494e-02 1.589093737743425133e-03 1.172860371253063236e-02
2.091252981931331079e-02 1.385511515993319547e-03 1.157144566389833873e-02
2.075107760332440751e-02 1.187476148067157520e-03 1.141360563843062288e-02
2.059087185623587751e-02 9.949124473551634699e-04 1.125517908645576846e-02
2.043190295486161170e-02 8.077449208917264782e-04 1.109625883017484327e-02
2.027416135030996741e-02 6.258978146900816058e-04 1.093693509953313180e-02
2.011763756741015083e-02 4.492951578150327437e-04 1.077729556824021107e-02
1.996232220414309588e-02 2.778608052113143998e-04 1.061742538991685032e-02
1.980820593107665561e-02 1.115184793049938999e-04 1.045740723434693091e-02
1.965527949080526568e-02 -4.980818960435947002e-05 1.029732132381380380e-02
1.950353369739386139e-02 -2.061956241432394519e-04 1.013724546950057689e-02
1.935295943582602402e-02 -3.577202618378404826e-04 9.977255107934646441e-03
1.920354766145658185e-02 -5.044585182438370051e-04 9.817423337457708080e-03
1.905528939946825318e-02 -6.464867512149254872e-04 9.657820954702299107e-03
1.890817574433252893e-02 -7.838812262921957550e-04 9.498516491057243730e-03
1.876219785927479844e-02 -9.167180831965881420e-04 9.339576249104626290e-03
1.861734697574349978e-02 -1.045073303406833173e-03 9.181064339011293929e-03
1.847361439288344037e-02 -1.169022678805102869e-03 9.023042714858899721e-03
1.833099147701311785e-02 -1.288641781372750449e-03 8.865571210896483478e-03
1.818946966110617652e-02 -1.404005933918363704e-03 8.708707577700687194e-03
1.804904044427673576e-02 -1.515190181820766802e-03 8.552507518228632741e-03
1.790969539126883656e-02 -1.622269265769157734e-03 8.397024723749575356e-03
1.777142613194966289e-02 -1.725317595483143781e-03 8.242310909641390945e-03
1.763422436080686745e-02 -1.824409224394990146e-03 8.088415851039041163e-03
1.749808183644960616e-02 -1.919617825276950709e-03 7.935387418321998912e-03
1.736299038111353832e-02 -2.011016666796261888e-03 7.783271612428654257e-03
1.722894188016958067e-02 -2.098678590980618697e-03 7.632112599985836111e-03
1.709592828163649172e-02 -2.182675991577065489e-03 7.481952748242181803e-03
1.696394159569722740e-02 -2.263080793287225619e-03 7.332832659794523769e-03
1.683297389421893608e-02 -2.339964431862023506e-03 7.184791207096781832e-03
1.670301731027684991e-02 -2.413397835038979655e-03 7.037865566741621434e-03
1.657406403768166281e-02 -2.483451404305481690e-03 6.892091253505007280e-03
1.644610633051060700e-02 -2.550194997471425321e-03 6.747502154144635264e-03
1.631913650264225218e-02 -2.613697912034641715e-03 6.604130560943702669e-03
1.619314692729476382e-02 -2.674028869322942360e-03 6.462007204991277939e-03
1.606813003656779038e-02 -2.731255999396444215e-03 6.321161289191612985e-03
1.594407832098788599e-02 -2.785446826694114655e-03 6.181620520994712299e-03
1.582098432905743729e-02 -2.836668256408601905e-03 6.043411144840932052e-03
1.569884066680701795e-02 -2.884986561573560197e-03 5.906557974312741377e-03
1.557763999735133596e-02 -2.930467370847720122e-03 5.771084423987327995e-03
1.545737504044846465e-02 -2.973175656980297631e-03 5.637012540983617551e-03
1.533803857206256401e-02 -3.013175725942281863e-03 5.504363036198150344e-03
1.521962342392989970e-02 -3.050531206708438116e-03 5.373155315224126434e-03
1.510212248312833502e-02 -3.085305041674894430e-03 5.243407508948761883e-03
1.498552869165002688e-02 -3.117559477697500261e-03 5.115136503823758916e-03
1.486983504597748189e-02 -3.147356057736111490e-03 4.988357971804632980e-03
1.475503459666287730e-02 -3.174755613090286463e-03 4.863086399954571169e-03
1.464112044791057894e-02 -3.199818256211952369e-03 4.739335119708827822e-03
1.452808575716300031e-02 -3.222603374080736972e-03 4.617116335796222527e-03
1.441592373468953726e-02 -3.243169622127977780e-03 4.496441154814082020e-03
1.430462764317873628e-02 -3.261574918695392487e-03 4.377319613453751514e-03
1.419419079733361296e-02 -3.277876440014729827e-03 4.259760706373774165e-03
1.408460656347002883e-02 -3.292130615694784969e-03 4.143772413718089728e-03
1.397586835911830173e-02 -3.304393124702405607e-03 4.029361728277157731e-03
1.386796965262775821e-02 -3.314718891824244146e-03 3.916534682289606918e-03
1.376090396277441716e-02 -3.323162084596218650e-03 3.805296373882877028e-03
1.365466485837163110e-02 -3.329776110687803978e-03 3.695650993150980269e-03
1.354924595788385179e-02 -3.334613615728449724e-03 3.587601847868310875e-03
1.344464092904325975e-02 -3.337726481563624541e-03 3.481151388837996994e-03
1.334084348846940535e-02 -3.339165824928117410e-03 3.376301234874106664e-03
1.323784740129178850e-02 -3.338981996524479235e-03 3.273052197416831399e-03
1.313564648077535091e-02 -3.337224580494579235e-03 3.171404304780170783e-03
1.303423458794881161e-02 -3.333942394272512537e-03 3.071356826031678301e-03
1.293360563123597748e-02 -3.329183488807194256e-03 2.972908294504276235e-03
1.283375356608980507e-02 -3.322995149143260704e-03 2.876056530939963100e-03
1.273467239462928134e-02 -3.315423895348949997e-03 2.780798666265694649e-03
1.263635616527922050e-02 -3.306515483779935271e-03 2.687131164001926777e-03
1.253879897241271142e-02 -3.296314908668169629e-03 2.595049842304129970e-03
1.244199495599639972e-02 -3.284866404025039554e-03 2.504549895638145691e-03
1.234593830123848629e-02 -3.272213445848291824e-03 2.415625916090171840e-03
1.225062323823944248e-02 -3.258398754622341201e-03 2.328271914312375623e-03
1.215604404164544530e-02 -3.243464298101799478e-03 2.242481340105317335e-03
1.206219503030441474e-02 -3.227451294368186615e-03 2.158247102638367713e-03
1.196907056692483699e-02 -3.210400215150054862e-03 2.075561590309749072e-03
1.187666505773710135e-02 -3.192350789396761548e-03 1.994416690247482592e-03
1.178497295215747212e-02 -3.173342007096516953e-03 1.914803807453089061e-03
1.169398874245473723e-02 -3.153412123329343668e-03 1.836713883589861668e-03
1.160370696341933051e-02 -3.132598662545818882e-03 1.760137415417471632e-03
1.151412219203506136e-02 -3.110938423062650175e-03 1.685064472875061597e-03
1.142522904715336310e-02 -3.088467481766286708e-03 1.611484716814900672e-03
1.133702218917006198e-02 -3.065221199015957711e-03 1.539387416388841509e-03
1.124949631970465456e-02 -3.041234223737688397e-03 1.468761466089921067e-03
1.116264618128199812e-02 -3.016540498700967955e-03 1.399595402451465171e-03
1.107646655701656664e-02 -2.991173265970046950e-03 1.331877420406357053e-03
1.099095227029906439e-02 -2.965165072521829329e-03 1.265595389308890248e-03
1.090609818448543683e-02 -2.938547776022601768e-03 1.200736868621977938e-03
1.082189920258839512e-02 -2.911352550756019213e-03 1.137289123272538539e-03
1.073835026697120103e-02 -2.883609893694810949e-03 1.075239138677745038e-03
1.065544635904388908e-02 -2.855349630708987722e-03 1.014573635445164537e-03
1.057318249896179937e-02 -2.826600922903350823e-03 9.552790837497061307e-04
1.049155374532645749e-02 -2.797392273077353806e-03 8.973417173904246931e-04
1.041055519488876327e-02 -2.767751532300479021e-03 8.407475475302809672e-04
1.033018198225442615e-02 -2.737705906596442449e-03 7.854823761219719997e-04
1.025042927959177175e-02 -2.707281963729766313e-03 7.315318090231366773e-04
1.017129229634170830e-02 -2.676505640088251096e-03 6.788812688040635288e-04
1.009276627892995506e-02 -2.645402247655227312e-03 6.275160072512768906e-04
1.001484651048154678e-02 -2.613996481065468218e-03 5.774211175703850138e-04
9.937528310537478704e-03 -2.582312424738836352e-03 5.285815462914812083e-04
9.860807034773558244e-03 -2.550373560085901579e-03 4.809821048806029245e-04
9.784678074721444088e-03 -2.518202772779894096e-03 4.346074810606839582e-04
9.709136857491817291e-03 -2.485822360089484217e-03 3.894422498454962775e-04
9.634178845499708627e-03 -2.453254038267052052e-03 3.454708842901152107e-04
9.559799536191907615e-03 -2.420518949987196088e-03 3.026777659614284552e-04
9.485994461776546885e-03 -2.387637671830465571e-03 2.610471951323444558e-04
9.412759188954714432e-03 -2.354630221807291202e-03 2.205634007032012062e-04
9.340089318654128461e-03 -2.321516066917340623e-03 1.812105498540469051e-04
9.267980485764942475e-03 -2.288314130739630987e-03 1.429727574314663963e-04
9.196428358877520998e-03 -2.255042801048811121e-03 1.058340950735244689e-04
9.125428640022237997e-03 -2.221719937453189332e-03 6.977860007653615868e-05
9.054977064411355234e-03 -2.188362879050245475e-03 3.479028400737578758e-05
8.985069400182814012e-03 -2.154988452095388946e-03 8.531410649311881289e-07
8.915701448146047883e-03 -2.121612977679952338e-03 -3.204884380554133121e-05
8.846869041529738242e-03 -2.088252279414464733e-03 -6.393168704148904349e-05
8.778568045731540564e-03 -2.054921691113397765e-03 -9.481139883185801267e-05
8.710794358069724047e-03 -2.021636064477668263e-03 -1.247039757219064982e-04
8.643543907536707302e-03 -1.988409776771312212e-03 -1.536253934503573439e-04
8.576812654554564694e-03 -1.955256738488891834e-03 -1.815916000151391804e-04
8.510596590732355873e-03 -1.922190401010209901e-03 -2.086185089640934598e-04
8.444891738625349628e-03 -1.889223764239126831e-03 -2.347219929069060452e-04
8.379694151496114296e-03 -1.856369384223317516e-03 -2.599178772446054334e-04
8.314999913077440047e-03 -1.823639380751921907e-03 -2.842219341129523821e-04
8.250805137337112113e-03 -1.791045444928167233e-03 -3.076498765360579377e-04
8.187105968244460380e-03 -1.758598846714098029e-03 -3.302173527865954008e-04
8.123898579538752981e-03 -1.726310442444714327e-03 -3.519399409489433342e-04
8.061179174499373198e-03 -1.694190682308871010e-03 -3.728331436816583540e-04
7.998943985717738014e-03 -1.662249617794365336e-03 -3.929123831756801857e-04
7.937189274871012112e-03 -1.630496909094819981e-03 -4.121929963046612488e-04
7.875911332497553125e-03 -1.598941832475968142e-03 -4.306902299638602489e-04
7.815106477774070790e-03 -1.567593287599094651e-03 -4.484192365940622982e-04
7.754771058294569405e-03 -1.536459804799488989e-03 -4.653950698869622777e-04
7.694901449850927860e-03 -1.505549552317768250e-03 -4.816326806685480681e-04
7.635494056215209185e-03 -1.474870343482128027e-03 -4.971469129569653029e-04
7.576545308923643245e-03 -1.444429643839583322e-03 -5.119525001914179956e-04
7.518051667062277364e-03 -1.414234578234373251e-03 -5.260640616286602067e-04
7.460009617054288826e-03 -1.384291937831791343e-03 -5.394960989036741905e-04
7.402415672448906317e-03 -1.354608187085744016e-03 -5.522629927511511208e-04
7.345266373712026203e-03 -1.325189470648508935e-03 -5.643789998843995979e-04
7.288558288018378781e-03 -1.296041620221094915e-03 -5.758582500283778317e-04
7.232288009045334705e-03 -1.267170161342833596e-03 -5.867147431035292385e-04
7.176452156768296960e-03 -1.238580320118803186e-03 -5.969623465571559460e-04
7.121047377257676628e-03 -1.210277029883797964e-03 -6.066147928390828005e-04
7.066070342477388279e-03 -1.182264937801591519e-03 -6.156856770184181453e-04
7.011517750085010693e-03 -1.154548411398421872e-03 -6.241884545381938890e-04
6.957386323233377863e-03 -1.127131545029483317e-03 -6.321364391047813377e-04
6.903672810373755533e-03 -1.100018166277498197e-03 -6.395428007089338325e-04
6.850373985060531287e-03 -1.073211842282369198e-03 -6.464205637753862735e-04
6.797486645757406035e-03 -1.046715886001013803e-03 -6.527826054379560344e-04
6.745007615645092977e-03 -1.020533362396553205e-03 -6.586416539371322664e-04
6.692933742430471136e-03 -9.946670945560557708e-04 -6.640102871371717126e-04
6.641261898157267175e-03 -9.691196697361525525e-04 -6.689009311597421360e-04
6.589988979018143213e-03 -9.438934453358146766e-04 -6.733258591312178904e-04
6.539111905168267826e-03 -9.189905547957125803e-04 -6.772971900407336824e-04
6.488627620540312127e-03 -8.944129134235929762e-04 -6.808268877061619860e-04
6.438533092660880461e-03 -8.701622241451654896e-04 -6.839267598452030989e-04
6.388825312468364437e-03 -8.462399831800556391e-04 -6.866084572488182457e-04
6.339501294132170867e-03 -8.226474856424004526e-04 -6.888834730542747319e-04
6.290558074873404265e-03 -7.993858310657686161e-04 -6.907631421150906914e-04
6.241992714786876416e-03 -7.764559288520500764e-04 -6.922586404652351661e-04
6.193802296664527134e-03 -7.538585036440889359e-04 -6.933809848749466305e-04
6.145983925820167754e-03 -7.315941006218115716e-04 -6.941410324955820787e-04
6.098534729915647094e-03 -7.096630907217193335e-04 -6.945494805909482568e-04
6.051451858788269890e-03 -6.880656757795418832e-04 -6.946168663525978480e-04
6.004732484279633360e-03 -6.668018935960387051e-04 -6.943535667966133171e-04
5.958373800065724056e-03 -6.458716229258243229e-04 -6.937697987394366838e-04
5.912373021488356514e-03 -6.252745883892489890e-04 -6.928756188503444732e-04
5.866727385387900812e-03 -6.050103653073302936e-04 -6.916809237781964799e-04
5.821434149937310294e-03 -5.850783844598072495e-04 -6.901954503501321874e-04
5.776490594477428665e-03 -5.654779367664038072e-04 -6.884287758399241413e-04
5.731894019353546074e-03 -5.462081778914132553e-04 -6.863903183037259803e-04
5.687641745753270993e-03 -5.272681327718063606e-04 -6.840893369810070387e-04
5.643731115545595582e-03 -5.086567000689890157e-04 -6.815349327584802877e-04
5.600159491121235213e-03 -4.903726565444840218e-04 -6.787360486948897965e-04
5.556924255234192700e-03 -4.724146613597569378e-04 -6.757014706045412445e-04
5.514022810844548990e-03 -4.547812603004774837e-04 -6.724398276975096424e-04
5.471452580962464680e-03 -4.374708899255163870e-04 -6.689595932744879167e-04
5.429211008493371564e-03 -4.204818816410016880e-04 -6.652690854742728584e-04
5.387295556084406231e-03 -4.038124656998224303e-04 -6.613764680719361145e-04
5.345703705971957369e-03 -3.874607751269095509e-04 -6.572897513257404747e-04
5.304432959830465526e-03 -3.714248495707585512e-04 -6.530167928709251345e-04
5.263480838622333104e-03 -3.557026390815722799e-04 -6.485652986584903353e-04
5.222844882449025235e-03 -3.402920078165039687e-04 -6.439428239371724995e-04
5.182522650403291291e-03 -3.251907376724516010e-04 -6.391567742768182155e-04
5.142511720422569474e-03 -3.103965318469186657e-04 -6.342144066314112918e-04
5.102809689143486885e-03 -2.959070183274224090e-04 -6.291228304400370199e-04
5.063414171757493233e-03 -2.817197533099951570e-04 -6.238890087640995563e-04
5.024322801867616914e-03 -2.678322245473217832e-04 -6.185197594591507241e-04
4.985533231346313959e-03 -2.542418546270714167e-04 -6.130217563797131465e-04
4.947043130194433286e-03 -2.409460041810083161e-04 -6.074015306155247521e-04
4.908850186401237520e-03 -2.279419750254607928e-04 -6.016654717576490384e-04
4.870952105805551394e-03 -2.152270132337823878e-04 -5.958198291929517505e-04
4.833346611957943170e-03 -2.027983121413956492e-04 -5.898707134254525461e-04
4.796031445983983330e-03 -1.906530152840750774e-04 -5.838240974231079239e-04
4.759004366448562305e-03 -1.787882192701073980e-04 -5.776858179886173615e-04
4.722263149221252523e-03 -1.672009765869895785e-04 -5.714615771528557767e-04
4.685805587342717349e-03 -1.558882983433337844e-04 -5.651569435895962504e-04
4.649629490892110556e-03 -1.448471569466480648e-04 -5.587773540501818521e-04
4.613732686855585158e-03 -1.340744887177155249e-04 -5.523281148168893281e-04
4.578113018995729443e-03 -1.235671964422238340e-04 -5.458144031736872955e-04
4.542768347722056857e-03 -1.133221518603838975e-04 -5.392412688931869959e-04
4.507696549962485547e-03 -1.033361980952438638e-04 -5.326136357385797583e-04
4.472895519035811895e-03 -9.360615202041896966e-05 -5.259363029793866565e-04
4.438363164525157244e-03 -8.412880656795987356e-05 -5.192139469198850908e-04
4.404097412152419011e-03 -7.490093297711284792e-05 -5.124511224391031577e-04
4.370096203653659438e-03 -6.591928298468553357e-05 -5.056522645412910976e-04
4.336357496655476179e-03 -5.718059095778516682e-05 -4.988216899158218328e-04
4.302879264552321795e-03 -4.868157596966812887e-05 -4.919635985054921206e-04
4.269659496384766925e-03 -4.041894381945752997e-05 -4.850820750822213258e-04
4.236696196718713232e-03 -3.238938899648732237e-05 -4.781810908291813018e-04
4.203987385525517068e-03 -2.458959659002743172e-05 -4.712645049284040939e-04
4.171531098063076780e-03 -1.701624414516674115e-05 -4.643360661529583630e-04
4.139325384757797793e-03 -9.666003465600501090e-06 -4.573994144627871049e-04
4.107368311087491834e-03 -2.535542364105369262e-06 -4.504580826033499847e-04
4.075657957465179081e-03 4.378473638537840477e-06 -4.435154977062254200e-04
4.044192419123768950e-03 1.107937966540466363e-05 -4.365749828908448973e-04
4.012969806001656821e-03 1.757050988529338333e-05 -4.296397588665821468e-04
3.981988242629196789e-03 2.385519596383330653e-05 -4.227129455344154135e-04
3.951245868016034848e-03 2.993676556306628197e-05 -4.157975635874187350e-04
3.920740835539331115e-03 3.581854088872760751e-05 -4.088965361093639434e-04
3.890471312832834237e-03 4.150383728445857510e-05 -4.020126901707309357e-04
3.860435481676814488e-03 4.699596187218564683e-05 -3.951487584214497255e-04
3.830631537888855558e-03 5.229821223789754445e-05 -3.883073806797223988e-04
3.801057691215462084e-03 5.741387516206107323e-05 -3.814911055162832892e-04
3.771712165224549301e-03 6.234622539390564976e-05 -3.747023918335022543e-04
3.742593197198719381e-03 6.709852446882701073e-05 -3.679436104387232486e-04
3.713699038029383021e-03 7.167401956814726518e-05 -3.612170456112791250e-04
3.685027952111697216e-03 7.607594242048035119e-05 -3.545248966626328110e-04
3.656578217240308380e-03 8.030750824395098267e-05 -3.478692794891125170e-04
3.628348124505907744e-03 8.437191472852267296e-05 -3.412522281167347082e-04
3.600335978192569127e-03 8.827234105769246164e-05 -3.346756962376208231e-04
3.572540095675910254e-03 9.201194696880733508e-05 -3.281415587375457067e-04
3.544958807322009988e-03 9.559387185127881206e-05 -3.216516132141533928e-04
3.517590456387110522e-03 9.902123388195662064e-05 -3.152075814854105691e-04
3.490433398918117974e-03 1.022971291969381141e-04 -3.088111110878914169e-04
3.463486003653844583e-03 1.054246310990964293e-04 -3.024637767644768440e-04
3.436746651927013313e-03 1.084067893006098214e-04 -2.961670819410984500e-04
3.410213737567048282e-03 1.112466291997794214e-04 -2.899224601921649401e-04
3.383885666803581205e-03 1.139471511914361731e-04 -2.837312766943109210e-04
3.357760858170721549e-03 1.165113300102343729e-04 -2.775948296681472120e-04
3.331837742412063069e-03 1.189421141061392244e-04 -2.715143518076904450e-04
3.306114762386418507e-03 1.212424250514211187e-04 -2.654910116971732014e-04
3.280590372974292405e-03 1.234151569784763434e-04 -2.595259152149498121e-04
3.255263040985056054e-03 1.254631760477987090e-04 -2.536201069242226508e-04
3.230131245064868806e-03 1.273893199454313101e-04 -2.477745714503423713e-04
3.205193475605284600e-03 1.291963974092401877e-04 -2.419902348444281709e-04
3.180448234652574063e-03 1.308871877833507678e-04 -2.362679659330872792e-04
3.155894035817747873e-03 1.324644406001003743e-04 -2.306085776540191940e-04
3.131529404187273578e-03 1.339308751888624487e-04 -2.250128283772992845e-04
3.107352876234471123e-03 1.352891803111094934e-04 -2.194814232121547687e-04
3.083362999731621354e-03 1.365420138210846795e-04 -2.140150152990638447e-04
3.059558333662712459e-03 1.376920023514617943e-04 -2.086142070869993282e-04
3.035937448136898954e-03 1.387417410233786233e-04 -2.032795515956841435e-04
3.012498924302602944e-03 1.396937931802376691e-04 -1.980115536627034649e-04
2.989241354262291497e-03 1.405506901446748082e-04 -1.928106711753539205e-04
2.966163340987895431e-03 1.413149309981014698e-04 -1.876773162871069370e-04
2.943263498236911146e-03 1.419889823822382841e-04 -1.826118566185892171e-04
2.920540450469120888e-03 1.425752783220608289e-04 -1.776146164429728499e-04
2.897992832763968737e-03 1.430762200695884310e-04 -1.726858778556973454e-04
2.875619290738575407e-03 1.434941759679528880e-04 -1.678258819284473994e-04
2.853418480466381017e-03 1.438314813351931648e-04 -1.630348298473176781e-04
2.831389068396423635e-03 1.440904383672277284e-04 -1.583128840351129068e-04
2.809529731273222811e-03 1.442733160594661347e-04 -1.536601692577301080e-04
2.787839156057313195e-03 1.443823501465266558e-04 -1.490767737145948279e-04
2.766316039846361020e-03 1.444197430595369294e-04 -1.445627501131111273e-04
2.744959089796904662e-03 1.443876639004996239e-04 -1.401181167271118384e-04
2.723767023046697131e-03 1.442882484332157157e-04 -1.357428584392950739e-04
2.702738566637647062e-03 1.441235990902625490e-04 -1.314369277676403212e-04
2.681872457439360338e-03 1.438957849955353752e-04 -1.272002458758115747e-04
2.661167442073247239e-03 1.436068420018631780e-04 -1.230327035675492155e-04
2.640622276837262337e-03 1.432587727432248258e-04 -1.189341622650850458e-04
2.620235727631183009e-03 1.428535467010921074e-04 -1.149044549715857658e-04
2.600006569882479940e-03 1.423931002844373199e-04 -1.109433872176700221e-04
2.579933588472762673e-03 1.418793369229518061e-04 -1.070507379920330711e-04
2.560015577664792423e-03 1.413141271730263373e-04 -1.032262606562240123e-04
2.540251341030046531e-03 1.406993088360548362e-04 -9.946968384362448758e-05
2.520639691376864912e-03 1.400366870886277050e-04 -9.578071234269127060e-05
2.501179450679130809e-03 1.393280346241923258e-04 -9.215902796451776917e-05
2.481869450005510114e-03 1.385750918057607683e-04 -8.860429039478732581e-05
2.462708529449237575e-03 1.377795668292576678e-04 -8.511613803019055181e-05
2.443695538058442054e-03 1.369431358971047604e-04 -8.169418879938433709e-05
2.424829333767016936e-03 1.360674434016480229e-04 -7.833804096857718499e-05
2.406108783326007042e-03 1.351541021180385673e-04 -7.504727393182565652e-05
2.387532762235551522e-03 1.342046934061906385e-04 -7.182144898614131843e-05
2.369100154677328523e-03 1.332207674214396030e-04 -6.866011009149654385e-05
2.350809853447534143e-03 1.322038433335390238e-04 -6.556278461583698962e-05
2.332660759890374438e-03 1.311554095536347536e-04 -6.252898406520308525e-05
2.314651783832068731e-03 1.300769239688678261e-04 -5.955820479906895381e-05
2.296781843515368141e-03 1.289698141842605570e-04 -5.664992873101404260e-05
2.279049865534580211e-03 1.278354777715505106e-04 -5.380362401484218562e-05
2.261454784771087505e-03 1.266752825246402956e-04 -5.101874571626588298e-05
2.243995544329368836e-03 1.254905667213424274e-04 -4.829473647028134094e-05
2.226671095473515757e-03 1.242826393911017780e-04 -4.563102712435888826e-05
2.209480397564235216e-03 1.230527805883872903e-04 -4.302703736757694167e-05
2.192422417996344429e-03 1.218022416714499253e-04 -4.048217634583179330e-05
2.175496132136737169e-03 1.205322455861508526e-04 -3.799584326325523517e-05
2.158700523262846623e-03 1.192439871545722879e-04 -3.556742796998043840e-05
2.142034582501565771e-03 1.179386333681256820e-04 -3.319631153638934933e-05
2.125497308768650468e-03 1.166173236848840023e-04 -3.088186681398664822e-05
2.109087708708583947e-03 1.152811703308665272e-04 -2.862345898304123062e-05
2.092804796634910140e-03 1.139312586050136145e-04 -2.642044608714048075e-05
2.076647594471027567e-03 1.125686471875951924e-04 -2.427217955480411086e-05
2.060615131691429479e-03 1.111943684517992557e-04 -2.217800470830399146e-05
2.044706445263420620e-03 1.098094287782610032e-04 -2.013726125984387485e-05
2.028920579589261163e-03 1.084148088722881013e-04 -1.814928379524491852e-05
2.013256586448763409e-03 1.070114640835535103e-04 -1.621340224529222557e-05
1.997713524942344721e-03 1.056003247280290041e-04 -1.432894234489767833e-05
1.982290461434502854e-03 1.041822964119361604e-04 -1.249522608022971870e-05
1.966986469497731052e-03 1.027582603575019502e-04 -1.071157212396799757e-05
1.951800629856880690e-03 1.013290737303106261e-04 -8.977296258841154734e-06
1.936732030333933102e-03 9.989556996804444618e-05 -7.291711789600957477e-06
1.921779765793211591e-03 9.845855911041956809e-05 -5.654129943594150082e-06
1.906942938087010427e-03 9.701882813012153691e-05 -4.063860260089105760e-06
1.892220656001645379e-03 9.557714126455453454e-05 -2.520210968516607092e-06
1.877612035203923184e-03 9.413424034822232597e-05 -1.022489355784350162e-06
1.863116198188014125e-03 9.269084514556356750e-05 4.299978771761409652e-07
1.848732274222752211e-03 9.124765368407205689e-05 1.837944269467672069e-06
1.834459399299326549e-03 8.980534258753274915e-05 3.202043264733947517e-06
1.820296716079383616e-03 8.836456740921481089e-05 4.522987885951837745e-06
1.806243373843528311e-03 8.692596296486390748e-05 5.801470420350246552e-06
1.792298528440224199e-03 8.549014366534263948e-05 7.038182114295383187e-06
1.778461342235088637e-03 8.405770384877293735e-05 8.233812877982457279e-06
1.764730984060572556e-03 8.262921811203689294e-05 9.389050999774857528e-06
1.751106629166038165e-03 8.120524164150104483e-05 1.050458287003020190e-05
1.737587459168221096e-03 7.978631054282973054e-05 1.158109271425518096e-05
1.724172662002067041e-03 7.837294216975902760e-05 1.261926233543117692e-05
1.710861431871954583e-03 7.696563545170828093e-05 1.361977086535152302e-05
1.697652969203294459e-03 7.556487122010964235e-05 1.458329452481357073e-05
1.684546480594494846e-03 7.417111253333920622e-05 1.551050639250917891e-05
1.671541178769312850e-03 7.278480500014062964e-05 1.640207618245580394e-05
1.658636282529558567e-03 7.140637710143220730e-05 1.725867002981512527e-05
1.645831016708171248e-03 7.003624051039526895e-05 1.808095028494267805e-05
1.633124612122658238e-03 6.867479041074539992e-05 1.886957531551546451e-05
1.620516305528890179e-03 6.732240581309062747e-05 1.962519931658446989e-05
1.608005339575257261e-03 6.597944986928533752e-05 2.034847212839983744e-05
1.595590962757171541e-03 6.464627018469229101e-05 2.104003906185836738e-05
1.583272429371932691e-03 6.332319912827005597e-05 2.170054073142171786e-05
1.571048999473931805e-03 6.201055414040327978e-05 2.233061289535824919e-05
1.558919938830204089e-03 6.070863803840074763e-05 2.293088630315905086e-05
1.546884518876326560e-03 5.941773931958737280e-05 2.350198654998208881e-05
1.534942016672657039e-03 5.813813246192010630e-05 2.404453393797836678e-05
1.523091714860897979e-03 5.687007822205996944e-05 2.455914334435652267e-05
1.511332901621022630e-03 5.561382393084047648e-05 2.504642409604070563e-05
1.499664870628507167e-03 5.436960378606695487e-05 2.550697985078224114e-05
1.488086921011905640e-03 5.313763914259343383e-05 2.594140848458242006e-05
1.476598357310751055e-03 5.191813879962175945e-05 2.635030198528787415e-05
1.465198489433779767e-03 5.071129928517155888e-05 2.673424635222022453e-05
1.453886632617481123e-03 4.951730513767334176e-05 2.709382150170329195e-05
1.442662107384959803e-03 4.833632918463824017e-05 2.742960117835284149e-05
1.431524239505129695e-03 4.716853281836393976e-05 2.774215287199423451e-05
1.420472359952208111e-03 4.601406626863397586e-05 2.803203774007631468e-05
1.409505804865531344e-03 4.487306887237525976e-05 2.829981053544991624e-05
1.398623915509677497e-03 4.374566934023817172e-05 2.854601953938158134e-05
1.387826038234897877e-03 4.263198602006743309e-05 2.877120649967440159e-05
1.377111524437855212e-03 4.153212715723356271e-05 2.897590657376919641e-05
1.366479730522658295e-03 4.044619115179746684e-05 2.916064827670124349e-05
1.355930017862210608e-03 3.937426681248451342e-05 2.932595343378850133e-05
1.345461752759843661e-03 3.831643360744312027e-05 2.947233713792967987e-05
1.335074306411255639e-03 3.727276191176911394e-05 2.960030771139150442e-05
1.324767054866735202e-03 3.624331325177621488e-05 2.971036667196611740e-05
1.314539378993691450e-03 3.522814054599821552e-05 2.980300870338133408e-05
1.304390664439453000e-03 3.422728834290570050e-05 2.987872162984791589e-05
1.294320301594375621e-03 3.324079305532841858e-05 2.993798639462954867e-05
1.284327685555217884e-03 3.226868319157015356e-05 2.998127704252301991e-05
1.274412216088807812e-03 3.131097958320923651e-05 3.000906070613722012e-05
1.264573297595989040e-03 3.036769560957781482e-05 3.002179759586195865e-05
1.254810339075843441e-03 2.943883741891478552e-05 3.001994099341816013e-05
1.245122754090192399e-03 2.852440414618947917e-05 3.000393724888362690e-05
1.235509960728367173e-03 2.762438812759412243e-05 2.997422578108935553e-05
1.225971381572260729e-03 2.673877511170690208e-05 2.993123908128358455e-05
1.216506443661639339e-03 2.586754446732488852e-05 2.987540271996186488e-05
1.207114578459727618e-03 2.501066938797215169e-05 2.980713535676338290e-05
1.197795221819057242e-03 2.416811709308689792e-05 2.972684875333526990e-05
1.188547813947580644e-03 2.333984902589395687e-05 2.963494778906815676e-05
1.179371799375046213e-03 2.252582104797026881e-05 2.953183047960788592e-05
1.170266626919628291e-03 2.172598363051176474e-05 2.941788799804981728e-05
1.161231749654826045e-03 2.094028204231320646e-05 2.929350469872404194e-05
1.152266624876603467e-03 2.016865653447006665e-05 2.915905814348081015e-05
1.143370714070796957e-03 1.941104252181781426e-05 2.901491913038771277e-05
1.134543482880763596e-03 1.866737076111994528e-05 2.886145172475119915e-05
1.125784401075286597e-03 1.793756752602137757e-05 2.869901329237699609e-05
1.117092942516720137e-03 1.722155477878185679e-05 2.852795453498500943e-05
1.108468585129393329e-03 1.651925033880815034e-05 2.834861952769681350e-05
1.099910810868244678e-03 1.583056804800077062e-05 2.816134575851386463e-05
1.091419105687706139e-03 1.515541793293614253e-05 2.796646416970776608e-05
1.082992959510825680e-03 1.449370636390292117e-05 2.776429920104410526e-05
1.074631866198627519e-03 1.384533621081388948e-05 2.755516883476380970e-05
1.066335323519711524e-03 1.321020699601467964e-05 2.733938464224671392e-05
1.058102833120080086e-03 1.258821504401159500e-05 2.711725183228425509e-05
1.049933900493210453e-03 1.197925362814258502e-05 2.688906930088912010e-05
1.041828034950345854e-03 1.138321311421413295e-05 2.665512968257146927e-05
1.033784749591022548e-03 1.079998110112941127e-05 2.641571940301256442e-05
1.025803561273822386e-03 1.022944255853295171e-05 2.617111873306836753e-05
1.017883990587352188e-03 9.671479961497569291e-06 2.592160184403689214e-05
1.010025561821448203e-03 9.125973422280399985e-06 2.566743686412467900e-05
1.002227802938593718e-03 8.592800819174314963e-06 2.540888593604857031e-05
9.944902455455762770e-04 8.071837922484342414e-06 2.514620527571200285e-05
9.868124248653448345e-04 7.562958517654711180e-06 2.487964523189381379e-05
9.791938797090932785e-04 7.066034525577150006e-06 2.460945034689150356e-05
9.716341524485588507e-04 6.580936120108851052e-06 2.433585941806068670e-05
9.641327889885328503e-04 6.107531842829653170e-06 2.405910556019422679e-05
9.566893387395819992e-04 5.645688715068377413e-06 2.377941626868597795e-05
9.493033545909871892e-04 5.195272347229262811e-06 2.349701348342553281e-05
9.419743928838834575e-04 4.756147045448181606e-06 2.321211365337086781e-05
9.347020133846106228e-04 4.328175915610539972e-06 2.292492780174820965e-05
9.274857792582705696e-04 3.911220964761764843e-06 2.263566159182880572e-05
9.203252570424864118e-04 3.505143199942059260e-06 2.234451539323389411e-05
9.132200166213670037e-04 3.109802724477474585e-06 2.205168434872057824e-05
9.061696311996675834e-04 2.725058831758862554e-06 2.175735844140189740e-05
8.991736772771574985e-04 2.350770096541917654e-06 2.146172256235663069e-05
8.922317346231790772e-04 1.986794463799768199e-06 2.116495657858441932e-05
8.853433862514054498e-04 1.632989335161479668e-06 2.086723540126372018e-05
8.785082183947942863e-04 1.289211652969062441e-06 2.056872905427111983e-05
8.717258204807314852e-04 9.553179819857033471e-07 2.026960274292142941e-05
8.649957851063704538e-04 6.311645887886672571e-07 1.997001692288947480e-05
8.583177080141619897e-04 3.166075188797351659e-07 1.967012736927535729e-05
8.516911880675689115e-04 1.150267154621904761e-08 1.937008524577605074e-05
8.451158272269718337e-04 -2.842941274938868082e-07 1.907003717392741088e-05
8.385912305257599069e-04 -5.709270556295516284e-07 1.877012530238176681e-05
8.321170060466054385e-04 -8.485402250437559443e-07 1.847048737618704728e-05
8.256927648979240199e-04 -1.117277616516708723e-06 1.817125680603491914e-05
8.193181211905109463e-04 -1.377283015312088906e-06 1.787256273744555418e-05
8.129926920143666115e-04 -1.628699949112609106e-06 1.757453011985907662e-05
8.067160974156929905e-04 -1.871671627972329134e-06 1.727727977560292711e-05
8.004879603740714007e-04 -2.106340886252088795e-06 1.698092846870699114e-05
7.943079067798154702e-04 -2.332850126505236798e-06 1.668558897353816713e-05
7.881755654114998549e-04 -2.551341265280592062e-06 1.639137014322767239e-05
7.820905679136622114e-04 -2.761955680809694613e-06 1.609837697786486947e-05
7.760525487746737635e-04 -2.964834162545871246e-06 1.580671069243240527e-05
7.700611453047887618e-04 -3.160116862521918835e-06 1.551646878445890197e-05
7.641159976143560312e-04 -3.347943248494461337e-06 1.522774510136502370e-05
7.582167485921992214e-04 -3.528452058842428180e-06 1.494062990748098078e-05
7.523630438841702028e-04 -3.701781259187155489e-06 1.465520995071383848e-05
7.465545318718617334e-04 -3.868068000702527682e-06 1.437156852884333898e-05
7.407908636514843811e-04 -4.027448580083107709e-06 1.408978555542643999e-05
7.350716930129130161e-04 -4.180058401138394370e-06 1.380993762529157936e-05
7.293966764188878011e-04 -4.326031937982093917e-06 1.353209807960376161e-05
7.237654729843797643e-04 -4.465502699784902664e-06 1.325633707048299220e-05
7.181777444561140153e-04 -4.598603197059771682e-06 1.298272162515917465e-05
7.126331551922523381e-04 -4.725464909448916857e-06 1.271131570964718725e-05
7.071313721422322349e-04 -4.846218254981859218e-06 1.244218029192664202e-05
7.016720648267586258e-04 -4.960992560774288624e-06 1.217537340461148580e-05
6.962549053179570941e-04 -5.069916035137416043e-06 1.191095020709573704e-05
6.908795682196729572e-04 -5.173115741068156399e-06 1.164896304716132937e-05
6.855457306479264623e-04 -5.270717571090480582e-06 1.138946152203588025e-05
6.802530722115176023e-04 -5.362846223418488690e-06 1.113249253888796366e-05
6.750012749927814188e-04 -5.449625179412278309e-06 1.087810037474859582e-05
6.697900235284912985e-04 -5.531176682297736729e-06 1.062632673584805818e-05
6.646190047909088542e-04 -5.607621717121759508e-06 1.037721081635765944e-05
6.594879081689815825e-04 -5.679079991914658704e-06 1.013078935652714798e-05
6.543964254496868879e-04 -5.745669920031806980e-06 9.887096700208499760e-06
6.493442507995164040e-04 -5.807508603646969545e-06 9.646164851757501295e-06
6.443310807461059223e-04 -5.864711818369819066e-06 9.408023532305380564e-06
6.393566141600070260e-04 -5.917393998960761434e-06 9.172700235393081283e-06
6.344205522365967435e-04 -5.965668226116216361e-06 8.940220281961109392e-06
6.295225984781324842e-04 -6.009646214297940618e-06 8.710606874688968374e-06
6.246624586759396813e-04 -6.049438300580387470e-06 8.483881151677928872e-06
6.198398408927403803e-04 -6.085153434490170397e-06 8.260062239472038589e-06
6.150544554451165945e-04 -6.116899168812207387e-06 8.039167305412364781e-06
6.103060148861099441e-04 -6.144781651337423678e-06 7.821211609320134243e-06
6.055942339879563869e-04 -6.168905617527125409e-06 7.606208554504787190e-06
6.009188297249504034e-04 -6.189374384069529357e-06 7.394169738093213850e-06
5.962795212564478507e-04 -6.206289843304306627e-06 7.185105000677555594e-06
5.916760299099945841e-04 -6.219752458491259901e-06 6.979022475278326463e-06
5.871080791645872429e-04 -6.229861259899579936e-06 6.775928635620958588e-06
5.825753946340639236e-04 -6.236713841694542092e-06 6.575828343723762343e-06
5.780777040506227893e-04 -6.240406359598686580e-06 6.378724896795833311e-06
5.736147372484640605e-04 -6.241033529305045381e-06 6.184620073443588099e-06
5.691862261475676404e-04 -6.238688625620143112e-06 5.993514179185746872e-06
5.647919047375860990e-04 -6.233463482314916684e-06 5.805406091275509011e-06
5.604315090618671108e-04 -6.225448492662005243e-06 5.620293302830517343e-06
5.561047772015984079e-04 -6.214732610638273527e-06 5.438171966270587251e-06
5.518114492600743794e-04 -6.201403352771530885e-06 5.259036936063792708e-06
5.475512673470856210e-04 -6.185546800611128179e-06 5.082881810781904529e-06
5.433239755634260105e-04 -6.167247603802013145e-06 4.909698974466147286e-06
5.391293199855244677e-04 -6.146588983742518506e-06 4.739479637305107871e-06
5.349670486501901211e-04 -6.123652737806222365e-06 4.572213875626132332e-06
5.308369115394781469e-04 -6.098519244108765875e-06 4.407890671202559788e-06
5.267386605656718341e-04 -6.071267466800644488e-06 4.246497949878927119e-06
5.226720495563804423e-04 -6.041974961867478669e-06 4.088022619516744803e-06
5.186368342397526358e-04 -6.010717883419503730e-06 3.932450607263625575e-06
5.146327722298016990e-04 -5.977570990452328473e-06 3.779766896148674174e-06
5.106596230118492542e-04 -5.942607654061518832e-06 3.629955561007700402e-06
5.067171479280753411e-04 -5.905899865093510218e-06 3.482999803741274710e-06
5.028051101631847214e-04 -5.867518242216161157e-06 3.338881987909699309e-06
4.989232747301794359e-04 -5.827532040392088031e-06 3.197583672668468822e-06
4.950714084562470464e-04 -5.786009159738677145e-06 3.059085646048622537e-06
4.912492799687510079e-04 -5.743016154758624574e-06 2.923367957585822338e-06
4.874566596813355345e-04 -5.698618243925435332e-06 2.790409950303043707e-06
4.836933197801334631e-04 -5.652879319608422665e-06 2.660190292051100121e-06
4.799590342100820499e-04 -5.605861958322208204e-06 2.532687006212016153e-06
4.762535786613446395e-04 -5.557627431285946499e-06 2.407877501770062507e-06
4.725767305558367421e-04 -5.508235715277835392e-06 2.285738602755571643e-06
4.689282690338568991e-04 -5.457745503770742235e-06 2.166246577066733897e-06
4.653079749408181630e-04 -5.406214218335074080e-06 2.049377164674659606e-06
4.617156308140868046e-04 -5.353698020295447739e-06 1.935105605217389537e-06
4.581510208699181102e-04 -5.300251822627745258e-06 1.823406664988176604e-06
4.546139309904950699e-04 -5.245929302083708693e-06 1.714254663323960683e-06
4.511041487110667588e-04 -5.190782911530304328e-06 1.607623498399784492e-06
4.476214632071863551e-04 -5.134863892491542166e-06 1.503486672435089931e-06
4.441656652820475510e-04 -5.078222287880580526e-06 1.401817316317933387e-06
4.407365473539170226e-04 -5.020906954910275068e-06 1.302588213653168859e-06
4.373339034436683282e-04 -4.962965578170695804e-06 1.205771824240985561e-06
4.339575291624062276e-04 -4.904444682862207634e-06 1.111340306991791244e-06
4.306072216991917796e-04 -4.845389648173219878e-06 1.019265542284129019e-06
4.272827798088589990e-04 -4.785844720791792424e-06 9.295191537717761603e-07
4.239840037999267615e-04 -4.725853028540616457e-06 8.420725296466992108e-07
4.207106955226026486e-04 -4.665456594125176582e-06 7.568968433642901210e-07
4.174626583568826908e-04 -4.604696348985162024e-06 6.739630738376519628e-07
4.142396972007393098e-04 -4.543612147239347072e-06 5.932420251073934783e-07
4.110416184584024480e-04 -4.482242779714545463e-06 5.147043454937753240e-07
4.078682300287307422e-04 -4.420625988049421313e-06 4.383205462378963423e-07
4.047193412936722504e-04 -4.358798478864190737e-06 3.640610196387030063e-07
4.015947631068151691e-04 -4.296795937987517670e-06 2.918960566926411285e-07
3.984943077820244728e-04 -4.234653044732064962e-06 2.217958642427349391e-07
3.954177890821704939e-04 -4.172403486210596325e-06 1.537305816440778220e-07
3.923650222079403901e-04 -4.110079971684434089e-06 8.767029695244859829e-08
3.893358237867382450e-04 -4.047714246936667267e-06 2.358506264307261057e-08
3.863300118616701706e-04 -3.985337108662417162e-06 -3.855508913361708704e-08
3.833474058806146277e-04 -3.922978418868944656e-06 -9.878013175229333169e-08
3.803878266853778561e-04 -3.860667119278403628e-06 -1.571200297621918701e-07
3.774510965009293738e-04 -3.798431245726337604e-06 -2.136047249788697252e-07
3.745370389247275724e-04 -3.736297942549387758e-06 -2.682641230111470284e-07
3.716454789161209907e-04 -3.674293476955502892e-06 -3.211280802165857300e-07
3.687762427858345894e-04 -3.612443253370544742e-06 -3.722263910783984873e-07
3.659291581855368528e-04 -3.550771827755194599e-06 -4.215887759969747280e-07
3.631040540974872304e-04 -3.489302921886262112e-06 -4.692448694891260231e-07
3.603007608242624537e-04 -3.428059437596722405e-06 -5.152242087882196333e-07
