1.000000000000000000e+00 -4.755282581475768211e+00 0.000000000000000000e+00
9.922911893760835156e-01 -4.663381998581971999e+00 -7.218257873617249520e-02
9.846418045134024410e-01 -4.566695418871359990e+00 -1.414058925675881762e-01
9.770513873100171720e-01 -4.465577988011101951e+00 -2.074951333867012249e-01
9.695194831954093706e-01 -4.360382658643926490e+00 -2.702941611118257481e-01
9.620456411032586308e-01 -4.251459265456700720e+00 -3.296650569355183968e-01
9.546294134444293089e-01 -4.139153660568946513e+00 -3.854876368205884529e-01
9.472703560801656320e-01 -4.023806908684181671e+00 -4.376589298702411868e-01
9.399680282954937516e-01 -3.905754541238815047e+00 -4.860926260015817624e-01
9.327219927728276350e-01 -3.785325868595022403e+00 -5.307184971499888659e-01
9.255318155657799029e-01 -3.662843349154780270e+00 -5.714817960271513231e-01
9.183970660731736180e-01 -3.538622014121365122e+00 -6.083426362491127781e-01
9.113173170132550238e-01 -3.412968946500954281e+00 -6.412753574436720339e-01
9.042921443981042362e-01 -3.286182812820376054e+00 -6.702678787400587757e-01
8.973211275082438876e-01 -3.158553445935755377e+00 -6.953210438388087722e-01
8.904038488674436147e-01 -3.030361477220795408e+00 -7.164479606572052850e-01
8.835398942177181691e-01 -2.901878016351369549e+00 -7.336733383461725433e-01
8.767288524945184847e-01 -2.773364376844194901e+00 -7.470328242788911721e-01
8.699703158021147020e-01 -2.645071845461051563e+00 -7.565723434202027420e-01
8.632638793891673767e-01 -2.517241493554942089e+00 -7.623474422995786259e-01
8.566091416244887569e-01 -2.390104028410681369e+00 -7.644226396296074366e-01
8.500057039729899122e-01 -2.263879682618027633e+00 -7.628707854368081964e-01
8.434531709718132708e-01 -2.138778139510596255e+00 -7.577724304025793556e-01
8.369511502066497854e-01 -2.014998492707211319e+00 -7.492152069494121269e-01
8.304992522882376216e-01 -1.892729237803529196e+00 -7.372932234513457361e-01
8.240970908290433661e-01 -1.772148294279910052e+00 -7.221064727981613141e-01
8.177442824201217597e-01 -1.653423055716185974e+00 -7.037602564001640415e-01
8.114404466081545086e-01 -1.536710466434077382e+00 -6.823646245845069735e-01
8.051852058726660655e-01 -1.422157122723555434e+00 -6.580338342050823242e-01
7.989781856034144925e-01 -1.309899396849262043e+00 -6.308858241658152899e-01
7.928190140779572959e-01 -1.200063582077061319e+00 -6.010417094418977202e-01
7.867073224393902331e-01 -1.092766057008191849e+00 -5.686252940748542928e-01
7.806427446742565390e-01 -9.881134675587736060e-01 -5.337626035153264503e-01
7.746249175906282369e-01 -8.862029249754644900e-01 -4.965814365920168116e-01
7.686534807963552041e-01 -7.871222183329023014e-01 -4.572109372960133089e-01
7.627280766774818810e-01 -6.909500400153353317e-01 -4.157811864868561913e-01
7.568483503768311804e-01 -5.977562227428983022e-01 -3.724228135497505421e-01
7.510139497727524871e-01 -5.076019867618341008e-01 -3.272666279622557517e-01
7.452245254580348588e-01 -4.205401958778210991e-01 -2.804432706634232830e-01
7.394797307189808766e-01 -3.366156210713553976e-01 -2.320828850582708769e-01
7.337792215146434760e-01 -2.558652104944199035e-01 -1.823148074358658111e-01
7.281226564562222059e-01 -1.783183647075424483e-01 -1.312672765294910504e-01
7.225096967866181386e-01 -1.039972160758958764e-01 -7.906716190246723674e-02
7.169400063601468753e-01 -3.291691130217995476e-02 -2.583971080295210943e-02
7.114132516224069835e-01 3.491410386790065601e-02 2.829168690503567826e-02
7.059291015903051969e-01 9.949379867425629798e-02 8.320571615877166149e-02
7.004872278322340495e-01 1.608262709558162806e-01 1.387833369145887452e-01
6.950873044484030538e-01 2.189214611442032443e-01 1.949079676426890562e-01
6.897290080513217569e-01 2.737948673796006815e-01 2.514656525961990186e-01
6.844120177464323440e-01 3.254672624383695423e-01 3.083452133689452701e-01
6.791360151128924549e-01 3.739644131111760639e-01 3.654383852706696856e-01
6.739006841845059936e-01 4.193168026212662491e-01 4.226399390598422623e-01
6.687057114307998207e-01 4.615593566248043511e-01 4.798477885827761580e-01
6.635507857382484387e-01 5.007311732893005018e-01 5.369630848739347373e-01
6.584355983916413413e-01 5.368752579019909765e-01 5.938902972761400667e-01
6.533598430555950243e-01 5.700382624174468171e-01 6.505372821409952655e-01
6.483232157562076603e-01 6.002702303129706651e-01 7.068153396694767387e-01
6.433254148628545499e-01 6.276243470813790415e-01 7.626392594505246869e-01
6.383661410701242378e-01 6.521566966534669829e-01 8.179273552515383683e-01
6.334450973798942952e-01 6.739260240070034103e-01 8.726014896093474693e-01
6.285619890835443258e-01 6.929935041853249045e-01 9.265870887634548581e-01
6.237165237443069721e-01 7.094225179165511985e-01 9.798131484652979895e-01
6.189084111797547028e-01 7.232784339941231710e-01 1.032212231188207152e+00
6.141373634444208252e-01 7.346283985506453229e-01 1.083720455252529469e+00
6.094030948125565006e-01 7.435411313299877811e-01 1.134277476369399240e+00
6.047053217610178777e-01 7.500867290371707741e-01 1.183826462094868193e+00
6.000437629522876737e-01 7.543364758216112298e-01 1.232314059673545570e+00
5.954181392176263188e-01 7.563626609270058809e-01 1.279690357737945927e+00
5.908281735403528856e-01 7.562384035201902277e-01 1.325908842316147362e+00
5.862735910392558036e-01 7.540374846918670437e-01 1.370926347586401306e+00
5.817541189521306944e-01 7.498341866040278969e-01 1.414703001803128357e+00
5.772694866194453267e-01 7.437031387421452200e-01 1.457202168804135001e+00
5.728194254681305830e-01 7.357191712147778118e-01 1.498390385494241306e+00
5.684036689954961030e-01 7.259571750290133574e-01 1.538237295685622730e+00
5.640219527532704946e-01 7.144919692571732872e-01 1.576715580660319027e+00
5.596740143317640026e-01 7.013981749983292380e-01 1.613800886805438095e+00
5.553595933441533017e-01 6.867500960273913435e-01 1.649471750656703817e+00
5.510784314108878590e-01 6.706216060148155744e-01 1.683709521671228115e+00
5.468302721442164227e-01 6.530860421912255687e-01 1.716498283035736039e+00
5.426148611328319715e-01 6.342161053234439683e-01 1.747824770801934102e+00
5.384319459266362351e-01 6.140837658615632133e-01 1.777678291626445306e+00
5.342812760216208989e-01 5.927601761106200406e-01 1.806050639378641964e+00
5.301626028448657157e-01 5.703155882752153349e-01 1.832936010865834575e+00
5.260756797396520801e-01 5.468192782209680969e-01 1.858330920911813289e+00
5.220202619506909558e-01 5.223394747929082094e-01 1.882234117011342356e+00
5.179961066094658229e-01 4.969432945278715597e-01 1.904646493770382421e+00
5.140029727196874232e-01 4.706966815955132555e-01 1.925571007329105022e+00
5.100406211428610836e-01 4.436643528006961046e-01 1.945012589952548110e+00
5.061088145839661712e-01 4.159097474787525339e-01 1.962978064961742986e+00
5.022073175772434617e-01 3.874949821143290341e-01 1.979476062166719119e+00
4.983358964720954187e-01 3.584808095142468787e-01 1.994516933951412385e+00
4.944943194190923874e-01 3.289265823649794585e-01 2.008112672149847455e+00
4.906823563560881452e-01 2.988902210059242726e-01 2.020276825842391766e+00
4.868997789944419230e-01 2.684281852505973065e-01 2.031024420190872259e+00
4.831463608053470082e-01 2.375954500892225874e-01 2.040371876421655628e+00
4.794218770062641521e-01 2.064454851077774100e-01 2.048336933056424503e+00
4.757261045474602823e-01 1.750302374605509081e-01 2.054938568481538219e+00
4.720588220986504102e-01 1.434001182353972226e-01 2.060196924938223706e+00
4.684198100357427896e-01 1.116039920533821728e-01 2.064133234007703432e+00
4.648088504276863264e-01 7.968916974712043910e-02 2.066769743657544289e+00
4.612257270234189632e-01 4.770140396499335245e-02 2.068129646908023478e+00
4.576702252389172609e-01 1.568488755146079522e-02 2.068237012170232703e+00
4.541421321443452341e-01 -1.631774544315572201e-02 2.067116715300872709e+00
4.506412364513028290e-01 -4.826541626668889168e-02 2.064794373412282891e+00
4.471673285001721010e-01 -8.011859562283060732e-02 2.061296280470154674e+00
4.437202002475616469e-01 -1.118392956188181825e-01 2.056649344705660631e+00
4.402996452538469052e-01 -1.433910596358590195e-01 2.050881027863241446e+00
4.369054586708073784e-01 -1.747389502512927684e-01 2.044019286300215121e+00
4.335374372293587797e-01 -2.058495353378332060e-01 2.036092513949526950e+00
4.301953792273794930e-01 -2.366908724613969173e-01 2.027129487152414811e+00
4.268790845176317350e-01 -2.672324916952651952e-01 2.017159311363518892e+00
4.235883544957744773e-01 -2.974453769645067913e-01 2.006211369726997429e+00
4.203229920884701820e-01 -3.273019460307460271e-01 1.994315273518467047e+00
4.170828017415821876e-01 -3.567760292235797048e-01 1.981500814444152603e+00
4.138675894084638540e-01 -3.858428470211150429e-01 1.967797918785380906e+00
4.106771625383371371e-01 -4.144789865783410909e-01 1.953236603373600833e+00
4.075113300647617565e-01 -4.426623772982806737e-01 1.937846933378348124e+00
4.043699023941921822e-01 -4.703722655371859740e-01 1.921658981888008766e+00
4.012526913946237173e-01 -4.975891885313198371e-01 1.904702791260952432e+00
3.981595103843257877e-01 -5.242949476293004007e-01 1.887008336222422367e+00
3.950901741206616635e-01 -5.504725809103888645e-01 1.868605488680669779e+00
3.920444987889953325e-01 -5.761063352655810821e-01 1.849523984234039409e+00
3.890223019916826952e-01 -6.011816380149560546e-01 1.829793390339121251e+00
3.860234027371488019e-01 -6.256850681313206319e-01 1.809443076108683490e+00
3.830476214290482462e-01 -6.496043271368917571e-01 1.788502183706814908e+00
3.800947798555101009e-01 -6.729282097365288928e-01 1.766999601307601253e+00
3.771647011784646786e-01 -6.956465742478580294e-01 1.744963937582673097e+00
3.742572099230538907e-01 -7.177503128855444725e-01 1.722423497682146643e+00
3.713721319671217103e-01 -7.392313219539721203e-01 1.699406260672718716e+00
3.685092945307870127e-01 -7.600824719996513990e-01 1.675939858396142235e+00
3.656685261660961306e-01 -7.802975779718451799e-01 1.652051555710759789e+00
3.628496567467550116e-01 -7.998713694371283323e-01 1.627768232078442123e+00
3.600525174579412013e-01 -8.187994608909209271e-01 1.603116364458990750e+00
3.572769407861935420e-01 -8.370783222064425155e-01 1.578122011473857889e+00
3.545227605093805856e-01 -8.547052492590063721e-01 1.552810798800964509e+00
3.517898116867456682e-01 -8.716783347611661847e-01 1.527207905762368201e+00
3.490779306490293110e-01 -8.879964393418330326e-01 1.501338053066599176e+00
3.463869549886672283e-01 -9.036591629002801440e-01 1.475225491667597311e+00
3.437167235500645512e-01 -9.186668162636932866e-01 1.448893992702415590e+00
3.410670764199440486e-01 -9.330203931748731749e-01 1.422366838470063177e+00
3.384378549177698425e-01 -9.467215426346464735e-01 1.395666814414215251e+00
3.358289015862442328e-01 -9.597725416215849847e-01 1.368816202072874466e+00
3.332400601818779617e-01 -9.721762682098006314e-01 1.341836772958454160e+00
3.306711756656333101e-01 -9.839361751037269954e-01 1.314749783332255451e+00
3.281220941936391911e-01 -9.950562636071464961e-01 1.287575969837759793e+00
3.255926631079775202e-01 -1.005541058042016545e+00 1.260335545957726788e+00
3.230827309275414727e-01 -1.015395580631109240e+00 1.233048199260630806e+00
3.205921473389632959e-01 -1.024625326856959173e+00 1.205733089402573954e+00
3.181207631876124542e-01 -1.033236241308181924e+00 1.178408846851414227e+00
3.156684304686633857e-01 -1.041234694022849183e+00 1.151093572300526224e+00
3.132350023182315368e-01 -1.048627457337310664e+00 1.123804836740226021e+00
3.108203330045782309e-01 -1.055421683247604880e+00 1.096559682155614723e+00
3.084242779193832606e-01 -1.061624881289423117e+00 1.069374622820268739e+00
3.060466935690845380e-01 -1.067244896941484278e+00 1.042265647155907526e+00
3.036874375662846903e-01 -1.072289890556082481e+00 1.015248220128906809e+00
3.013463686212237702e-01 -1.076768316819620264e+00 9.883372861552371935e-01
2.990233465333178020e-01 -1.080688904744930401e+00 9.615472724861362508e-01
2.967182321827626645e-01 -1.084060638196343129e+00 9.348920930475831392e-01
2.944308875222025335e-01 -1.086892736947579596e+00 9.083851527073546483e-01
2.921611755684621614e-01 -1.089194638271773652e+00 8.820393519441962482e-01
2.899089603943441062e-01 -1.090975979062165591e+00 8.558670918943994677e-01
2.876741071204875766e-01 -1.092246578481328223e+00 8.298802797517729202e-01
2.854564819072914483e-01 -1.093016421136106420e+00 8.040903344977814449e-01
2.832559519468987319e-01 -1.093295640774852640e+00 7.785081929393163902e-01
2.810723854552428791e-01 -1.093094504502974296e+00 7.531443160323126884e-01
2.789056516641559291e-01 -1.092423397512264804e+00 7.280086954701426860e-01
2.767556208135369955e-01 -1.091292808318996554e+00 7.031108605164151371e-01
2.746221641435809824e-01 -1.089713314505308839e+00 6.784598850625418454e-01
2.725051538870679746e-01 -1.087695568957996128e+00 6.540643948910966898e-01
2.704044632617113586e-01 -1.085250286598401726e+00 6.299325751267087492e-01
2.683199664625650072e-01 -1.082388231596794981e+00 6.060721778568786133e-01
2.662515386544895279e-01 -1.079120205064250548e+00 5.824905299058036334e-01
2.641990559646756886e-01 -1.075457033214777702e+00 5.591945407449164795e-01
2.621623954752264618e-01 -1.071409555990179507e+00 5.361907105245221627e-01
2.601414352157955800e-01 -1.066988616139859625e+00 5.134851382115143137e-01
2.581360541562832678e-01 -1.062205048747607350e+00 4.910835298187912201e-01
2.561461321995873730e-01 -1.057069671197180094e+00 4.689912067125817652e-01
2.541715501744121197e-01 -1.051593273568356413e+00 4.472131139845124115e-01
2.522121898281302621e-01 -1.045786609454952387e+00 4.257538288757725109e-01
2.502679338197019709e-01 -1.039660387196220892e+00 4.046175692413636615e-01
2.483386657126470110e-01 -1.033225261512896287e+00 3.838082020429099961e-01
2.464242699680720683e-01 -1.026491825539100011e+00 3.633292518591029752e-01
2.445246319377513688e-01 -1.019470603241234397e+00 3.431839094033201087e-01
2.426396378572603096e-01 -1.012172042214949386e+00 3.233750400385119739e-01
2.407691748391631026e-01 -1.004606506851230652e+00 3.039051922799360095e-01
2.389131308662513220e-01 -9.967842718626268583e-01 2.847766062767749240e-01
2.370713947848363812e-01 -9.887155161606538956e-01 2.659912222641961921e-01
2.352438562980923298e-01 -9.804103170753848406e-01 2.475506889778074648e-01
2.334304059594505543e-01 -9.718786449082863488e-01 2.294563720229493009e-01
2.316309351660452154e-01 -9.631303578093696194e-01 2.117093621916749102e-01
2.298453361522094507e-01 -9.541751969697873648e-01 1.943104837206833524e-01
2.280735019830216204e-01 -9.450227821210341883e-01 1.772603024838800834e-01
2.263153265479011245e-01 -9.356826073319962633e-01 1.605591341136210770e-01
2.245707045542535141e-01 -9.261640370951413903e-01 1.442070520450743076e-01
2.228395315211652850e-01 -9.164763026932458700e-01 1.282038954785118812e-01
2.211217037731463275e-01 -9.066284988381130283e-01 1.125492772546597686e-01
2.194171184339213376e-01 -8.966295805728450308e-01 9.724259163861546928e-02
2.177256734202688560e-01 -8.864883604293365416e-01 8.228302200813543410e-02
2.160472674359072698e-01 -8.762135058327401582e-01 6.766954844242380196e-02
2.143817999654292483e-01 -8.658135367447956643e-01 5.340095520786652256e-02
2.127291712682813918e-01 -8.552968235379934114e-01 3.947583813741493974e-02
2.110892823727915646e-01 -8.446715850927016822e-01 2.589261190064437099e-02
2.094620350702412481e-01 -8.339458871094704850e-01 1.264951716174259923e-02
2.078473319089845783e-01 -8.231276406288909886e-01 -2.553723770198179470e-04
2.062450761886119310e-01 -8.122246007514898336e-01 -1.282414304857477753e-02
2.046551719541586656e-01 -8.012443655502822226e-01 -2.505903441306867041e-02
2.030775239903590546e-01 -7.901943751687507955e-01 -3.696243257035327495e-02
2.015120378159434844e-01 -7.790819110971353156e-01 -4.853686359450137822e-02
1.999586196779808422e-01 -7.679140956200840584e-01 -5.978498709165804698e-02
1.984171765462635628e-01 -7.566978914288263747e-01 -7.070958988236993037e-02
1.968876161077362241e-01 -7.454401013911979845e-01 -8.131357980932059359e-02
1.953698467609673306e-01 -7.341473684729808991e-01 -9.159997967122773810e-02
1.938637776106634236e-01 -7.228261758041499840e-01 -1.015719212834865215e-01
1.923693184622257413e-01 -7.114828468837932629e-01 -1.112326396659730626e-01
1.908863798163485670e-01 -7.001235459175827458e-01 -1.205854673582712339e-01
1.894148728636593504e-01 -6.887542782818446563e-01 -1.296338288624316604e-01
1.879547094794002116e-01 -6.773808911084047146e-01 -1.383812352132308687e-01
1.865058022181502462e-01 -6.660090739845311303e-01 -1.468312786757687283e-01
1.850680643085888810e-01 -6.546443597624514998e-01 -1.549876275701088102e-01
1.836414096482992253e-01 -6.432921254730403771e-01 -1.628540212225519923e-01
1.822257527986113901e-01 -6.319575933384368183e-01 -1.704342650430169248e-01
1.808210089794862752e-01 -6.206458318784845440e-01 -1.777322257278883266e-01
1.794270940644378809e-01 -6.093617571060143678e-01 -1.847518265876088028e-01
1.780439245754955324e-01 -5.981101338061481920e-01 -1.914970429981736610e-01
1.766714176782041568e-01 -5.868955768949166707e-01 -1.979718979756196762e-01
1.753094911766640007e-01 -5.757225528526433989e-01 -2.041804578724953079e-01
1.739580635086079574e-01 -5.645953812276537365e-01 -2.101268281952401451e-01
1.726170537405168348e-01 -5.535182362060173666e-01 -2.158151495413140886e-01
1.712863815627728159e-01 -5.424951482431652483e-01 -2.212495936548543596e-01
1.699659672848494729e-01 -5.315300057533248745e-01 -2.264343595995774172e-01
1.686557318305397790e-01 -5.206265568528837262e-01 -2.313736700475758357e-01
1.673555967332201189e-01 -5.097884111538699692e-01 -2.360717676826158407e-01
1.660654841311511865e-01 -4.990190416039013699e-01 -2.405329117164855257e-01
1.647853167628151594e-01 -4.883217863690491600e-01 -2.447613745168950306e-01
1.635150179622884836e-01 -4.776998507561872054e-01 -2.487614383453955746e-01
1.622545116546508792e-01 -4.671563091715223437e-01 -2.525373922037394414e-01
1.610037223514291516e-01 -4.566941071120960705e-01 -2.560935287870704791e-01
1.597625751460763632e-01 -4.463160631871822548e-01 -2.594341415423054298e-01
1.585309957094860334e-01 -4.360248711665989374e-01 -2.625635218300335638e-01
1.573089102855406707e-01 -4.258231020530631183e-01 -2.654859561882421115e-01
1.560962456866947512e-01 -4.157132061758285202e-01 -2.682057236961501445e-01
1.548929292895917242e-01 -4.056975153029400705e-01 -2.707270934364174875e-01
1.536988890307145472e-01 -3.957782447695454286e-01 -2.730543220539754512e-01
1.525140534020704430e-01 -3.859574956198060236e-01 -2.751916514097142441e-01
1.513383514469079649e-01 -3.762372567600311690e-01 -2.771433063272537023e-01
1.501717127554680897e-01 -3.666194071207737326e-01 -2.789134924310093799e-01
1.490140674607669802e-01 -3.571057178256976106e-01 -2.805063940737670403e-01
1.478653462344123870e-01 -3.476978543651346176e-01 -2.819261723519652652e-01
1.467254802824514703e-01 -3.383973787723200122e-01 -2.831769632068936726e-01
1.455944013412508453e-01 -3.292057518003919103e-01 -2.842628756100061826e-01
1.444720416734086854e-01 -3.201243350983223324e-01 -2.851879898305533789e-01
1.433583340636977732e-01 -3.111543933840156262e-01 -2.859563557837426773e-01
1.422532118150405533e-01 -3.022970966129165937e-01 -2.865719914576366212e-01
1.411566087445145501e-01 -2.935535221405097817e-01 -2.870388814170088398e-01
1.400684591793888156e-01 -2.849246568772001442e-01 -2.873609753823841428e-01
1.389886979531911315e-01 -2.764113994341213520e-01 -2.875421868824988292e-01
1.379172604018052417e-01 -2.680145622584856335e-01 -2.875863919784265588e-01
1.368540823595983391e-01 -2.597348737571729682e-01 -2.874974280576306218e-01
1.357991001555783339e-01 -2.515729804073041365e-01 -2.872790926962091596e-01
1.347522506095807093e-01 -2.435294488526270063e-01 -2.869351425876267014e-01
1.337134710284849370e-01 -2.356047679845919562e-01 -2.864692925362233300e-01
1.326826992024598140e-01 -2.277993510070633332e-01 -2.858852145138235379e-01
1.316598734012379146e-01 -2.201135374836697967e-01 -2.851865367777774996e-01
1.306449323704190202e-01 -2.125475953668538587e-01 -2.843768430487843002e-01
1.296378153278010537e-01 -2.051017230077294140e-01 -2.834596717468655935e-01
1.286384619597407963e-01 -1.977760511459344395e-01 -2.824385152838815305e-01
1.276468124175412777e-01 -1.905706448786767815e-01 -2.813168194109928466e-01
1.266628073138678090e-01 -1.834855056082652647e-01 -2.800979826194995859e-01
1.256863877191916334e-01 -1.765205729674381996e-01 -2.787853555935071448e-01
1.247174951582601943e-01 -1.696757267218524656e-01 -2.773822407128848089e-01
1.237560716065959632e-01 -1.629507886491619040e-01 -2.758918916050157044e-01
1.228020594870208732e-01 -1.563455243941234973e-01 -2.743175127438459704e-01
1.218554016662085071e-01 -1.498596452992478067e-01 -2.726622590947746505e-01
1.209160414512624460e-01 -1.434928102105244574e-01 -2.709292358039416815e-01
1.199839225863209846e-01 -1.372446272578079496e-01 -2.691214979304946131e-01
1.190589892491883822e-01 -1.311146556094819338e-01 -2.672420502204452264e-01
1.181411860479914949e-01 -1.251024072010542554e-01 -2.652938469207372640e-01
1.172304580178626515e-01 -1.192073484373792069e-01 -2.632797916321868992e-01
1.163267506176479671e-01 -1.134289018682277106e-01 -2.612027371999648961e-01
1.154300097266409142e-01 -1.077664478369636386e-01 -2.590654856403247219e-01
1.145401816413414153e-01 -1.022193261021184796e-01 -2.568707881023020723e-01
1.136572130722393187e-01 -9.678683743167837417e-02 -2.546213448631288179e-01
1.127810511406233118e-01 -9.146824516993820597e-02 -2.523198053561402920e-01
1.119116433754140105e-01 -8.626277677679533573e-02 -2.499687682299669145e-01
1.110489377100216252e-01 -8.116962533938731905e-02 -2.475707814378334259e-01
1.101928824792280381e-01 -7.618795105600410789e-02 -2.451283423558093255e-01
1.093434264160921404e-01 -7.131688269222224985e-02 -2.426438979288752518e-01
1.085005186488803425e-01 -6.655551900925080200e-02 -2.401198448437057154e-01
1.076641086980194145e-01 -6.190293016447235425e-02 -2.375585297270710883e-01
1.068341464730735851e-01 -5.735815908421387777e-02 -2.349622493688098557e-01
1.060105822697449685e-01 -5.292022280878311974e-02 -2.323332509683266323e-01
1.051933667668963346e-01 -4.858811380982903938e-02 -2.296737324036013383e-01
1.043824510235981523e-01 -4.436080128011708062e-02 -2.269858425217241849e-01
1.035777864761970035e-01 -4.023723239580265926e-02 -2.242716814499805256e-01
1.027793249354075483e-01 -3.621633355133079685e-02 -2.215333009265449127e-01
1.019870185834265280e-01 -3.229701156708485871e-02 -2.187727046498598171e-01
1.012008199710690004e-01 -2.847815486993429332e-02 -2.159918486457974574e-01
1.004206820149269735e-01 -2.475863464684222373e-02 -2.131926416517275213e-01
9.964655799454937013e-02 -2.113730597170520795e-02 -2.103769455166309144e-01
9.887840154964429307e-02 -1.761300890561652566e-02 -2.075465756164272813e-01
9.811616667730252428e-02 -1.418456957075072203e-02 -2.047033012837004562e-01
9.735980772924253401e-02 -1.085080119808159646e-02 -2.018488462510284742e-01
9.660927940907688971e-02 -7.610505149157925642e-03 -1.989848891071485659e-01
9.586453676959928727e-02 -4.462471912167522044e-03 -1.961130637652001574e-01
9.512553521009298185e-02 -1.405482072534752725e-03 -1.932349599423204556e-01
9.439223047365967456e-02 1.561692741697178225e-03 -1.903521236498778579e-01
9.366457864456911864e-02 4.440288939439216223e-03 -1.874660576936514056e-01
9.294253614562925092e-02 7.231550070814994277e-03 -1.845782221832854009e-01
9.222605973557605752e-02 9.936725955831967813e-03 -1.816900350503631856e-01
9.151510650648449208e-02 1.255707183717675278e-02 -1.788028725744714442e-01
9.080963388119846214e-02 1.509384755685268427e-02 -1.759180699166309758e-01
9.010959961078107705e-02 1.754831675635843552e-02 -1.730369216595034065e-01
8.941496177198468565e-02 1.992174610010985850e-02 -1.701606823537911706e-01
8.872567876473969051e-02 2.221540452180163425e-02 -1.672905670702660164e-01
8.804170930966385977e-02 2.443056249339288499e-02 -1.644277519568890233e-01
8.736301244558976331e-02 2.656849131640983894e-02 -1.615733748004843096e-01
8.668954752711185985e-02 2.863046243524277473e-02 -1.587285355924635266e-01
8.602127422215236074e-02 3.061774677211747883e-02 -1.558942970981019582e-01
8.535815250954575939e-02 3.253161408341891797e-02 -1.530716854288896867e-01
8.470014267664230379e-02 3.437333233703771668e-02 -1.502616906174945033e-01
8.404720531692937147e-02 3.614416711041434221e-02 -1.474652671948882832e-01
8.339930132767173210e-02 3.784538100894634799e-02 -1.446833347692064731e-01
8.275639190756978181e-02 3.947823310442998695e-02 -1.419167786059230274e-01
8.211843855443567985e-02 4.104397839320084868e-02 -1.391664502089361710e-01
8.148540306288781787e-02 4.254386727363967252e-02 -1.364331679021816568e-01
8.085724752206251142e-02 4.397914504270888925e-02 -1.337177174113918787e-01
8.023393431334380210e-02 4.535105141118354888e-02 -1.310208524456476509e-01
7.961542610811048193e-02 4.666082003724173616e-02 -1.283432952783707115e-01
7.900168586550061767e-02 4.790967807807872819e-02 -1.256857373274247736e-01
7.839267683019336685e-02 4.909884575921005107e-02 -1.230488397340041701e-01
7.778836253020750269e-02 5.022953596112936930e-02 -1.204332339399986490e-01
7.718870677471757757e-02 5.130295382298544898e-02 -1.178395222635438555e-01
7.659367365188626819e-02 5.232029636294908970e-02 -1.152682784724662762e-01
7.600322752671377635e-02 5.328275211493441882e-02 -1.127200483553541521e-01
7.541733303890395257e-02 5.419150078134768456e-02 -1.101953502899939014e-01
7.483595510074617096e-02 5.504771290153339519e-02 -1.076946758089167983e-01
7.425905889501460688e-02 5.585254953559049690e-02 -1.052184901618247598e-01
7.368660987288268294e-02 5.660716196323557770e-02 -1.027672328746587205e-01
7.311857375185422392e-02 5.731269139738779522e-02 -1.003413183050970575e-01
7.255491651371030748e-02 5.797026871215644334e-02 -9.794113619427460837e-02
7.199560440247201876e-02 5.858101418491240553e-02 -9.556705221452252430e-02
7.144060392237895629e-02 5.914603725212635305e-02 -9.321940851294371888e-02
7.088988183588312841e-02 5.966643627866255462e-02 -9.089852425064162689e-02
7.034340516165848989e-02 6.014329834021495819e-02 -8.860469613743483797e-02
6.980114117262584128e-02 6.057769901857971290e-02 -8.633819896189565135e-02
6.926305739399278572e-02 6.097070220945762647e-02 -8.409928611655970165e-02
6.872912160130903447e-02 6.132335994248562516e-02 -8.188819011816460269e-02
6.819930181853642304e-02 6.163671221319734495e-02 -7.970512312277892863e-02
6.767356631613398454e-02 6.191178682661740290e-02 -7.755027743569704868e-02
6.715188360915788635e-02 6.214959925219672859e-02 -7.542382601597846792e-02
6.663422245537560518e-02 6.235115248979981872e-02 -7.332592297551757121e-02
6.612055185339520136e-02 6.251743694645761629e-02 -7.125670407254303118e-02
6.561084104080849855e-02 6.264943032360369146e-02 -6.921628719944397656e-02
6.510505949234902945e-02 6.274809751451473905e-02 -6.720477286483594881e-02
6.460317691806369278e-02 6.281439051168026533e-02 -6.522224466977927237e-02
6.410516326149894029e-02 6.284924832382872417e-02 -6.326876977807432967e-02
6.361098869790081378e-02 6.285359690234268437e-02 -6.134439938056141656e-02
6.312062363242861018e-02 6.282834907679815672e-02 -5.944916915335865526e-02
6.263403869838274352e-02 6.277440449936680378e-02 -5.758309970998095467e-02
6.215120475544582551e-02 6.269264959782466784e-02 -5.574619704728376451e-02
6.167209288793783911e-02 6.258395753691323171e-02 -5.393845298518646497e-02
6.119667440308414197e-02 6.244918818780362951e-02 -5.215984560012883187e-02
6.072492082929727142e-02 6.228918810541782258e-02 -5.041033965222676411e-02
6.025680391447189865e-02 6.210479051336533635e-02 -4.868988700609326592e-02
5.979229562429277250e-02 6.189681529625655487e-02 -4.699842704529611642e-02
5.933136814055584712e-02 6.166606899915863527e-02 -4.533588708043150700e-02
5.887399385950243397e-02 6.141334483396378163e-02 -4.370218275079410658e-02
5.842014539016594094e-02 6.113942269244257433e-02 -4.209721841962933003e-02
5.796979555273148316e-02 6.084506916575942170e-02 -4.052088756295873367e-02
5.752291737690830298e-02 6.053103757023266945e-02 -3.897307315197406918e-02
5.707948410031452730e-02 6.019806797912159724e-02 -3.745364802899596446e-02
5.663946916687435246e-02 5.984688726023135869e-02 -3.596247527700114494e-02
5.620284622522773998e-02 5.947820911912699016e-02 -3.449940858272403793e-02
5.576958912715236638e-02 5.909273414775340766e-02 -3.306429259334177362e-02
5.533967192599752172e-02 5.869114987826066360e-02 -3.165696326675476735e-02
5.491306887513031781e-02 5.827413084183943881e-02 -3.027724821548025136e-02
5.448975442639387989e-02 5.784233863237384088e-02 -2.892496704417759149e-02
5.406970322857709843e-02 5.739642197472227120e-02 -2.759993168082579273e-02
5.365289012589664203e-02 5.693701679744285482e-02 -2.630194670158164660e-02
5.323929015649028068e-02 5.646474630978091241e-02 -2.503080964934311162e-02
5.282887855092216478e-02 5.598022108274173375e-02 -2.378631134605057804e-02
5.242163073069922713e-02 5.548403913407436855e-02 -2.256823619875754361e-02
5.201752230679936723e-02 5.497678601699649420e-02 -2.137636249950747649e-02
5.161652907821089736e-02 5.445903491249374367e-02 -2.021046271905403008e-02
5.121862703048311871e-02 5.393134672502988836e-02 -1.907030379446402607e-02
5.082379233428811760e-02 5.339427018150894738e-02 -1.795564741064620273e-02
5.043200134399381668e-02 5.284834193333302899e-02 -1.686625027584975900e-02
5.004323059624787157e-02 5.229408666140355350e-02 -1.580186439117813729e-02
4.965745680857241301e-02 5.173201718391581133e-02 -1.476223731416582974e-02
4.927465687796980104e-02 5.116263456680262417e-02 -1.374711241646857374e-02
4.889480787953907198e-02 5.058642823668383498e-02 -1.275622913571755612e-02
4.851788706510292565e-02 5.000387609618256457e-02 -1.178932322158990006e-02
4.814387186184546780e-02 4.941544464147337723e-02 -1.084612697615059719e-02
4.777273987096042340e-02 4.882158908192924668e-02 -9.926369488520950246e-03
4.740446886630957091e-02 4.822275346173812705e-02 -9.029776863929615122e-03
4.703903679309184849e-02 4.761937078336388879e-02 -8.156072447206098863e-03
4.667642176652244540e-02 4.701186313272768397e-02 -7.304977040773965626e-03
4.631660207052227390e-02 4.640064180599134253e-02 -6.476209117205515391e-03
4.595955615641732217e-02 4.578610743782461634e-02 -5.669485026397961223e-03
4.560526264164822818e-02 4.516865013104395810e-02 -4.884519197434353081e-03
4.525370030848979014e-02 4.454864958751194454e-02 -4.121024335191838736e-03
4.490484810278017741e-02 4.392647524018878508e-02 -3.378711611760596995e-03
4.455868513266013353e-02 4.330248638623242913e-02 -2.657290852738992352e-03
4.421519066732171321e-02 4.267703232104443078e-02 -1.956470718469154914e-03
4.387434413576697667e-02 4.205045247316338553e-02 -1.275958880279916231e-03
4.353612512557580860e-02 4.142307653990834337e-02 -6.154621918020091679e-04
4.320051338168359734e-02 4.079522462368029290e-02 2.531314457623236048e-05
4.286748880516823290e-02 4.016720736882976872e-02 6.466614160460436257e-04
4.253703145204633385e-02 3.953932609900256967e-02 1.248877242440856903e-03
4.220912153207891787e-02 3.891187295487857217e-02 1.832255423955742339e-03
4.188373940758624570e-02 3.828513103222030978e-02 2.397090793455738771e-03
4.156086559227172017e-02 3.765937452015069575e-02 2.943678073304830441e-03
4.124048075005485453e-02 3.703486883958227033e-02 3.472311736646414067e-03
4.092256569391339305e-02 3.641187078172277575e-02 3.983285873066511919e-03
4.060710138473423714e-02 3.579062864658336812e-02 4.476894058571041606e-03
4.029406893017314223e-02 3.517138238141889056e-02 4.953429229808159993e-03
3.998344958352338663e-02 3.455436371903239379e-02 5.413183562466309870e-03
3.967522474259309317e-02 3.393979631587730472e-02 5.856448353779238752e-03
3.936937594859112044e-02 3.332789588989356483e-02 6.283513909069322542e-03
3.906588488502164835e-02 3.271887035801605836e-02 6.694669432259835878e-03
3.876473337658731255e-02 3.211291997329611403e-02 7.090202920287767309e-03
3.846590338810058907e-02 3.151023746157832067e-02 7.470401061348964748e-03
3.816937702340385957e-02 3.091100815767796467e-02 7.835549136906507645e-03
3.787513652429755351e-02 3.031541014100528827e-02 8.185930927394976034e-03
3.758316426947676953e-02 2.972361437058591502e-02 8.521828621552263172e-03
3.729344277347582809e-02 2.913578481942766252e-02 8.843522729311735497e-03
3.700595468562122015e-02 2.855207860818693641e-02 9.151291998187146420e-03
3.672068278899253552e-02 2.797264613808915154e-02 9.445413333083567398e-03
3.643760999939128775e-02 2.739763122305914622e-02 9.726161719467928471e-03
3.615671936431787137e-02 2.682717122102060842e-02 9.993810149832641626e-03
3.587799406195624208e-02 2.626139716432372012e-02 1.024862955338698596e-02
3.560141740016661838e-02 2.570043388926369216e-02 1.049088872891045486e-02
3.532697281548573265e-02 2.514440016465250075e-02 1.072085428070375032e-02
3.505464387213489547e-02 2.459340881940979065e-02 1.093879055757254574e-02
3.478441426103577594e-02 2.404756686913955138e-02 1.114495959478029735e-02
3.451626779883359281e-02 2.350697564166029721e-02 1.133962105890690304e-02
3.425018842692798687e-02 2.297173090145939248e-02 1.152303219554994332e-02
3.398616021051135971e-02 2.244192297304251071e-02 1.169544777980646016e-02
3.372416733761444269e-02 2.191763686315073220e-02 1.185712006947356283e-02
3.346419411815950568e-02 2.139895238182051157e-02 1.200829876090627954e-02
3.320622498302062270e-02 2.088594426226136197e-02 1.214923094747253317e-02
3.295024448309135517e-02 2.037868227952880848e-02 1.228016108054482726e-02
3.269623728835945736e-02 1.987723136797077753e-02 1.240133093296950408e-02
3.244418818698884682e-02 1.938165173742758748e-02 1.251297956495466858e-02
3.219408208440864561e-02 1.889199898816617748e-02 1.261534329231855413e-02
3.194590400240911870e-02 1.840832422453098083e-02 1.270865565704107358e-02
3.169963907824474569e-02 1.793067416729513669e-02 1.279314740006141059e-02
3.145527256374404390e-02 1.745909126469631992e-02 1.286904643626570616e-02
3.121278982442646927e-02 1.699361380214372413e-02 1.293657783160903456e-02
3.097217633862586056e-02 1.653427601058213986e-02 1.299596378231712181e-02
3.073341769662083292e-02 1.608110817350225097e-02 1.304742359611344577e-02
3.049649959977186395e-02 1.563413673258567255e-02 1.309117367541820509e-02
3.026140785966487806e-02 1.519338439197480926e-02 1.312742750246650818e-02
3.002812839726161365e-02 1.475887022115920065e-02 1.315639562629360333e-02
2.979664724205647805e-02 1.433060975647014977e-02 1.317828565153572259e-02
2.956695053123983494e-02 1.390861510117660446e-02 1.319330222899593209e-02
2.933902450886780380e-02 1.349289502417665848e-02 1.320164704792500809e-02
2.911285552503848489e-02 1.308345505727954300e-02 1.320351882996798065e-02
2.888843003507452628e-02 1.268029759107363458e-02 1.319911332472793394e-02
2.866573459871187696e-02 1.228342196937723049e-02 1.318862330689910857e-02
2.844475587929494800e-02 1.189282458226968882e-02 1.317223857492227576e-02
2.822548064297792855e-02 1.150849895770114650e-02 1.315014595111593972e-02
2.800789575793219410e-02 1.113043585167951093e-02 1.312252928323774485e-02
2.779198819355989045e-02 1.075862333703492962e-02 1.308956944743104416e-02
2.757774501971362729e-02 1.039304689076203138e-02 1.305144435251251629e-02
2.736515340592200404e-02 1.003368947994079212e-02 1.300832894555717899e-02
2.715420062062132850e-02 9.680531646238629481e-03 1.296039521873815735e-02
2.694487403039311224e-02 9.333551588995358389e-03 1.290781221737895106e-02
2.673716109920752995e-02 8.992725246894869157e-03 1.285074604917700418e-02
2.653104938767259294e-02 8.658026378226634998e-03 1.278935989455779777e-02
2.632652655228924152e-02 8.329426639741914842e-03 1.272381401811961861e-02
2.612358034471213772e-02 8.006895664109265828e-03 1.265426578112971434e-02
2.592219861101608541e-02 7.690401135974626878e-03 1.258086965503330858e-02
2.572236929096822361e-02 7.379908866632405723e-03 1.250377723593775435e-02
2.552408041730569802e-02 7.075382867313462221e-03 1.242313726003452419e-02
2.532732011501907451e-02 6.776785421097517546e-03 1.233909561992283140e-02
2.513207660064108173e-02 6.484077153456784155e-03 1.225179538179893730e-02
2.493833818154096715e-02 6.197217101439140598e-03 1.216137680347625580e-02
2.474609325522428641e-02 5.916162781498979228e-03 1.206797735320185201e-02
2.455533030863798691e-02 5.640870255984263386e-03 1.197173172923559313e-02
2.436603791748096978e-02 5.371294198289152874e-03 1.187277188015902450e-02
2.417820474551994267e-02 5.107387956681515816e-03 1.177122702588164274e-02
2.399181954391046284e-02 4.849103616815039590e-03 1.166722367931279786e-02
2.380687115052328162e-02 4.596392062936299761e-03 1.156088566866832028e-02
2.362334848927590686e-02 4.349203037797236097e-03 1.145233416038144748e-02
2.344124056946929671e-02 4.107485201283766693e-03 1.134168768258845238e-02
2.326053648512959107e-02 3.871186187771566943e-03 1.122906214915968953e-02
2.308122541435501940e-02 3.640252662220613486e-03 1.111457088424787874e-02
2.290329661866783231e-02 3.414630375020015138e-03 1.099832464732570722e-02
2.272673944237113552e-02 3.194264215594894412e-03 1.088043165868553264e-02
2.255154331191081343e-02 2.979098264787748054e-03 1.076099762537479493e-02
2.237769773524223710e-02 2.769075846026314725e-03 1.064012576754098938e-02
2.220519230120200985e-02 2.564139575290876570e-03 1.051791684516109604e-02
2.203401667888439663e-02 2.364231409893375376e-03 1.039446918513052195e-02
2.186416061702265226e-02 2.169292696081575374e-03 1.026987870868753712e-02
2.169561394337513396e-02 1.979264215481380245e-03 1.014423895914965019e-02
2.152836656411605265e-02 1.794086230390353788e-03 1.001764112993883474e-02
2.136240846323101891e-02 1.613698527936196928e-03 9.890174092873408457e-03
2.119772970191722422e-02 1.438040463113573336e-03 9.761924426704511951e-03
2.103432041798818444e-02 1.267051000712942233e-03 9.632976445876000743e-03
2.087217082528313589e-02 1.100668756155358339e-03 9.503412229487067514e-03
2.071127121308098673e-02 9.388320352471092806e-04 9.373311650437357243e-03
2.055161194551877180e-02 7.814788728681739544e-04 9.242752404734926042e-03
2.039318346101454821e-02 6.285470706085465953e-04 9.111810040947930511e-03
2.023597627169479440e-02 4.799742333668121307e-04 8.980557989781461775e-03
2.007998096282623268e-02 3.356978049250236421e-04 8.849067593761490019e-03
1.992518819225196081e-02 1.956551025142234381e-04 8.717408137008246169e-03
1.977158868983198634e-02 5.978335038502130371e-05 8.585646875082042148e-03
1.961917325688811164e-02 -7.198028760236913765e-05 8.453849064885022094e-03
1.946793276565295452e-02 -1.996986763544061005e-04 8.322077994602524245e-03
1.931785815872339926e-02 -3.234346788720388727e-04 8.190395013668741106e-03
1.916894044851811391e-02 -4.432511265159200567e-04 8.058859562741303023e-03
1.902117071673935580e-02 -5.592107901943293297e-04 7.927529203670255140e-03
1.887454011383882940e-02 -6.713763524594856466e-04 7.796459649447081558e-03
1.872903985848772476e-02 -7.798103804976848222e-04 7.665704794120139186e-03
1.858466123705086043e-02 -8.845752999988246851e-04 7.535316742663117004e-03
1.844139560306479533e-02 -9.857333698909756265e-04 7.405345840783570180e-03
1.829923437672005201e-02 -1.083346657925483630e-03 7.275840704659198611e-03
1.815816904434724641e-02 -1.177477017098327219e-03 7.146848250589632294e-03
1.801819115790732201e-02 -1.268186062893285337e-03 7.018413724552416584e-03
1.787929233448547900e-02 -1.355535151332827289e-03 6.890580731651475832e-03
1.774146425578928404e-02 -1.439585357822222543e-03 6.763391265447813577e-03
1.760469866765042996e-02 -1.520397456772943409e-03 6.636885737161514476e-03
1.746898737953039155e-02 -1.598031901991115887e-03 6.511103004735237232e-03
1.733432226402999848e-02 -1.672548807816916488e-03 6.386080401749617656e-03
1.720069525640266148e-02 -1.744007931001086663e-03 6.261853766180995769e-03
1.706809835407136280e-02 -1.812468653304551321e-03 6.138457468992730010e-03
1.693652361614943896e-02 -1.877989964807308312e-03 6.015924442551510813e-03
1.680596316296504786e-02 -1.940630447912895839e-03 5.894286208860390237e-03
1.667640917558924421e-02 -2.000448262034767739e-03 5.773572907600588687e-03
1.654785389536767709e-02 -2.057501128951040158e-03 5.653813323974571717e-03
1.642028962345604137e-02 -2.111846318814043864e-03 5.535034916343296689e-03
1.629370872035896742e-02 -2.163540636801449066e-03 5.417263843650452736e-03
1.616810360547245654e-02 -2.212640410395631634e-03 5.300524992627273814e-03
1.604346675663000446e-02 -2.259201477278078782e-03 5.184842004771760514e-03
1.591979070965205204e-02 -2.303279173825892139e-03 5.070237303096018777e-03
1.579706805789896779e-02 -2.344928324197372970e-03 4.956732118636276302e-03
1.567529145182749648e-02 -2.384203229993869539e-03 4.844346516720119192e-03
1.555445359855065629e-02 -2.421157660485222674e-03 4.733099422985884326e-03
1.543454726140094067e-02 -2.455844843386198548e-03 4.623008649149201038e-03
1.531556525949690634e-02 -2.488317456171460287e-03 4.514090918512287179e-03
1.519750046731320470e-02 -2.518627617916707230e-03 4.406361891211733883e-03
1.508034581425381389e-02 -2.546826881653821862e-03 4.299836189200531567e-03
1.496409428422856673e-02 -2.572966227227924292e-03 4.194527420960719385e-03
1.484873891523301286e-02 -2.597096054644340828e-03 4.090448205943068155e-03
1.473427279893149699e-02 -2.619266177893741273e-03 3.987610198730536307e-03
1.462068908024341703e-02 -2.639525819243700860e-03 3.886024112922292686e-03
1.450798095693265136e-02 -2.657923603985183451e-03 3.785699744735577903e-03
1.439614167920026666e-02 -2.674507555622479462e-03 3.686645996322848989e-03
1.428516454928024752e-02 -2.689325091495374867e-03 3.588870898801626522e-03
1.417504292103835550e-02 -2.702423018822409581e-03 3.492381634994953452e-03
1.406577019957417837e-02 -2.713847531154179368e-03 3.397184561880578230e-03
1.395733984082614051e-02 -2.723644205225895197e-03 3.303285232746869943e-03
1.384974535117957338e-02 -2.731857998198466454e-03 3.210688419054024724e-03
1.374298028707785814e-02 -2.738533245277510134e-03 3.119398131999149247e-03
1.363703825463655206e-02 -2.743713657699897637e-03 3.029417643784003931e-03
1.353191290926046043e-02 -2.747442321077548776e-03 2.940749508584319070e-03
1.342759795526363674e-02 -2.749761694088331387e-03 2.853395583219837765e-03
1.332408714549241681e-02 -2.750713607504083613e-03 2.767357047524546167e-03
1.322137428095126153e-02 -2.750339263545902198e-03 2.682634424416325148e-03
1.311945321043148441e-02 -2.748679235557017868e-03 2.599227599665805688e-03
1.301831783014294197e-02 -2.745773467983679550e-03 2.517135841364270561e-03
1.291796208334840962e-02 -2.741661276654669931e-03 2.436357819090339931e-03
1.281837996000094980e-02 -2.736381349350152509e-03 2.356891622775797359e-03
1.271956549638389097e-02 -2.729971746650771899e-03 2.278734781270490718e-03
1.262151277475376081e-02 -2.722469903058013715e-03 2.201884280606971559e-03
1.252421592298584747e-02 -2.713912628377016401e-03 2.126336581965124900e-03
1.242766911422250528e-02 -2.704336109353128442e-03 2.052087639337519306e-03
1.233186656652426362e-02 -2.693775911553724679e-03 1.979132916896297369e-03
1.223680254252352759e-02 -2.682266981486839275e-03 1.907467406062323019e-03
1.214247134908096049e-02 -2.669843648948401829e-03 1.837085642277652307e-03
1.204886733694455862e-02 -2.656539629589979405e-03 1.767981721482458695e-03
1.195598490041135595e-02 -2.642388027699045169e-03 1.700149316297568190e-03
1.186381847699168567e-02 -2.627421339183977789e-03 1.633581691913884963e-03
1.177236254707603180e-02 -2.611671454756085958e-03 1.568271721690149686e-03
1.168161163360453142e-02 -2.595169663301188749e-03 1.504211902460590722e-03
1.159156030173894014e-02 -2.577946655433292072e-03 1.441394369553943575e-03
1.150220315853712170e-02 -2.560032527223136088e-03 1.379810911525581121e-03
1.141353485263014132e-02 -2.541456784094526383e-03 1.319452984604587787e-03
1.132555007390175124e-02 -2.522248344881427608e-03 1.260311726857507413e-03
1.123824355317036561e-02 -2.502435546039002978e-03 1.202377972070758222e-03
1.115161006187351950e-02 -2.482046146001922263e-03 1.145642263353740826e-03
1.106564441175477212e-02 -2.461107329683322447e-03 1.090094866464689930e-03
1.098034145455296061e-02 -2.439645713108028625e-03 1.035725782861381334e-03
1.089569608169386680e-02 -2.417687348173708575e-03 9.825247624789380883e-04
1.081170322398433692e-02 -2.395257727533831385e-03 9.304813162370510152e-04
1.072835785130865985e-02 -2.372381789596337762e-03 8.795847282788493227e-04
1.064565497232730987e-02 -2.349083923632158243e-03 8.298240679438565436e-04
1.056358963417808848e-02 -2.325387974987812214e-03 7.811882014775357614e-04
1.048215692217943987e-02 -2.301317250396370945e-03 7.336658034797667594e-04
1.040135195953618800e-02 -2.276894523381343700e-03 6.872453680949708018e-04
1.032116990704741791e-02 -2.252142039748019058e-03 6.419152199463003857e-04
1.024160596281671956e-02 -2.227081523157039070e-03 5.976635248166732063e-04
1.016265536196459679e-02 -2.201734180775002502e-03 5.544783000791978856e-04
1.008431337634307749e-02 -2.176120708997103352e-03 5.123474248797476151e-04
1.000657531425261718e-02 -2.150261299236885370e-03 4.712586500744598726e-04
9.929436520161092836e-03 -2.124175643778304385e-03 4.311996079248541771e-04
9.852892374424975647e-03 -2.097882941685413373e-03 3.921578215534143484e-04
9.776938293012698081e-03 -2.071401904765159119e-03 3.541207141624866665e-04
9.701569727230142590e-03 -2.044750763578787999e-03 3.170756180193251106e-04
9.626782163448210222e-03 -2.017947273497553567e-03 2.810097832101517146e-04
9.552571122832486522e-03 -1.991008720798479771e-03 2.459103861661488173e-04
9.478932161075074095e-03 -1.963951928796132691e-03 2.117645379643458682e-04
9.405860868128399291e-03 -1.936793264006301868e-03 1.785592924062640334e-04
9.333352867941088413e-03 -1.909548642337766371e-03 1.462816538773166356e-04
9.261403818195946408e-03 -1.882233535308344610e-03 1.149185849899668678e-04
9.190009410049854166e-03 -1.854862976281500394e-03 8.445701401353416984e-05
9.119165367875773504e-03 -1.827451566719987246e-03 5.488384209375148987e-05
9.048867449006639530e-03 -1.800013482452985161e-03 2.618595026496099243e-05
8.979111443481320801e-03 -1.772562479953398301e-03 -1.649793741939213766e-06
8.909893173792487672e-03 -1.745111902622006579e-03 -2.863652889287041905e-05
8.841208494636390580e-03 -1.717674687075270790e-03 -5.478739444222067572e-05
8.773053292664674888e-03 -1.690263369433765922e-03 -8.011552371972123748e-05
8.705423486237999844e-03 -1.662890091608147268e-03 -1.046340381095900836e-04
8.638315025181600437e-03 -1.635566607579838627e-03 -1.283560412188946328e-04
8.571723890542740087e-03 -1.608304289673574044e-03 -1.512946132321112548e-04
8.505646094350042055e-03 -1.581114134819110520e-03 -1.734628054488852552e-04
8.440077679374647507e-03 -1.554006770799435484e-03 -1.948736350019951891e-04
8.375014718893200247e-03 -1.526992462482948225e-03 -2.155400797525140679e-04
8.310453316452736175e-03 -1.500081118037171948e-03 -2.354750733591521857e-04
8.246389605637307468e-03 -1.473282295121580189e-03 -2.546915005188452063e-04
8.182819749836414344e-03 -1.446605207057250798e-03 -2.732021923755901258e-04
8.119739942015279099e-03 -1.420058728971178210e-03 -2.910199220945492078e-04
8.057146404486835792e-03 -1.393651403913050233e-03 -3.081574005985146308e-04
7.995035388685482400e-03 -1.367391448942462985e-03 -3.246272724637724850e-04
7.933403174942591993e-03 -1.341286761184595951e-03 -3.404421119724391240e-04
7.872246072263779440e-03 -1.315344923852460870e-03 -3.556144193183752430e-04
7.811560418107830854e-03 -1.289573212233837297e-03 -3.701566169637874161e-04
7.751342578167353010e-03 -1.263978599641196309e-03 -3.840810461436445535e-04
7.691588946151157492e-03 -1.238567763322922328e-03 -3.973999635150299629e-04
7.632295943568272872e-03 -1.213347090334172254e-03 -4.101255379486265702e-04
7.573460019513616158e-03 -1.188322683365870304e-03 -4.222698474594994587e-04
7.515077650455386817e-03 -1.163500366530354499e-03 -4.338448762743620066e-04
7.457145340023996032e-03 -1.138885691102218493e-03 -4.448625120325886621e-04
7.399659618802734151e-03 -1.114483941213069819e-03 -4.553345431181696885e-04
7.342617044119938673e-03 -1.090300139498839339e-03 -4.652726561199229055e-04
7.286014199842874399e-03 -1.066339052698489368e-03 -4.746884334172055738e-04
7.229847696173122805e-03 -1.042605197202904231e-03 -4.835933508884758167e-04
7.174114169443563012e-03 -1.019102844552869291e-03 -4.919987757400224584e-04
7.118810281916963453e-03 -9.958360268851288322e-04 -4.999159644522174978e-04
7.063932721586080148e-03 -9.728085423254739447e-04 -5.073560608406953686e-04
7.009478201975289334e-03 -9.500239603279560805e-04 -5.143300942298583084e-04
6.955443461943789166e-03 -9.274856269593555538e-04 -5.208489777361457063e-04
6.901825265490303674e-03 -9.051966701280592022e-04 -5.269235066585281711e-04
6.848620401559280327e-03 -8.831600047565654971e-04 -5.325643569737285908e-04
6.795825683848566445e-03 -8.613783378968952430e-04 -5.377820839336737001e-04
6.743437950618627781e-03 -8.398541737882613554e-04 -5.425871207627233628e-04
6.691454064503180900e-03 -8.185898188563146697e-04 -5.469897774522562229e-04
6.639870912321287066e-03 -7.975873866534140310e-04 -5.510002396502090231e-04
6.588685404890953605e-03 -7.768488027394052347e-04 -5.546285676431893328e-04
6.537894476844084875e-03 -7.563758095023550079e-04 -5.578846954288353135e-04
6.487495086442947659e-03 -7.361699709188682583e-04 -5.607784298760934384e-04
6.437484215397967953e-03 -7.162326772535036268e-04 -5.633194499711379919e-04
6.387858868687010944e-03 -6.965651496970012239e-04 -5.655173061466737400e-04
6.338616074376000192e-03 -6.771684449429278985e-04 -5.673814196923944930e-04
6.289752883440921129e-03 -6.580434597024907833e-04 -5.689210822444035719e-04
6.241266369591240079e-03 -6.391909351572842759e-04 -5.701454553514260365e-04
6.193153629094645153e-03 -6.206114613497163215e-04 -5.710635701156772329e-04
6.145411780603136746e-03 -6.023054815109681699e-04 -5.716843269062808373e-04
6.098037964980479800e-03 -5.842732963263518649e-04 -5.720164951431562462e-04
6.051029345130990063e-03 -5.665150681379466395e-04 -5.720687131493306168e-04
6.004383105829617061e-03 -5.490308250844378856e-04 -5.718494880696606752e-04
5.958096453553330708e-03 -5.318204651781192373e-04 -5.713671958539673010e-04
5.912166616313857537e-03 -5.148837603190732680e-04 -5.706300813026421665e-04
5.866590843491655514e-03 -4.982203602465072774e-04 -5.696462581727835400e-04
5.821366405671174298e-03 -4.818297964273167530e-04 -5.684237093429755005e-04
5.776490594477423461e-03 -4.657114858819682863e-04 -5.669702870348396640e-04
5.731960722413765447e-03 -4.498647349477726855e-04 -5.652937130895260365e-04
5.687774122700953172e-03 -4.342887429796963347e-04 -5.634015792973324837e-04
5.643928149117436593e-03 -4.189826059888757050e-04 -5.613013477786809062e-04
5.600420175840896582e-03 -4.039453202190054011e-04 -5.590003514147036867e-04
5.557247597290980966e-03 -3.891757856608008079e-04 -5.565057943257207575e-04
5.514407827973247939e-03 -3.746728095047633452e-04 -5.538247523959222195e-04
5.471898302324357602e-03 -3.604351095325249643e-04 -5.509641738426037565e-04
5.429716474558411894e-03 -3.464613174469992991e-04 -5.479308798283173730e-04
5.387859818514479336e-03 -3.327499821416617489e-04 -5.447315651143506184e-04
5.346325827505345359e-03 -3.192995729092755149e-04 -5.413727987539593842e-04
5.305112014167351168e-03 -3.061084825903589274e-04 -5.378610248238105884e-04
5.264215910311472943e-03 -2.931750306617941326e-04 -5.342025631921363789e-04
5.223635066775472215e-03 -2.804974662658908549e-04 -5.304036103221013805e-04
5.183367053277248421e-03 -2.680739711803391311e-04 -5.264702401089457664e-04
5.143409458269288664e-03 -2.559026627294153631e-04 -5.224084047494652024e-04
5.103759888794228566e-03 -2.439815966368667505e-04 -5.182239356424365225e-04
5.064415970341571045e-03 -2.323087698209249144e-04 -5.139225443186260780e-04
5.025375346705471952e-03 -2.208821231318634467e-04 -5.095098233990278920e-04
4.986635679843623783e-03 -2.096995440325722868e-04 -5.049912475800235299e-04
4.948194649737241817e-03 -1.987588692226282790e-04 -5.003721746441811826e-04
4.910049954252138776e-03 -1.880578872063351373e-04 -4.956578464954314095e-04
4.872199309000842075e-03 -1.775943408052263191e-04 -4.908533902173823574e-04
4.834640447205776174e-03 -1.673659296155416843e-04 -4.859638191535759258e-04
4.797371119563537817e-03 -1.573703124112061909e-04 -4.809940340085069985e-04
4.760389094110179138e-03 -1.476051094928166761e-04 -4.759488239682458646e-04
4.723692156087524671e-03 -1.380679049831828116e-04 -4.708328678395354988e-04
4.687278107810564746e-03 -1.287562490699815975e-04 -4.656507352062787394e-04
4.651144768535825542e-03 -1.196676601960547305e-04 -4.604068876023158208e-04
4.615289974330760887e-03 -1.107996271979229592e-04 -4.551056796994566310e-04
4.579711577944183161e-03 -1.021496113930965105e-04 -4.497513605097425257e-04
4.544407448677656100e-03 -9.371504861673653826e-05 -4.443480746009251096e-04
4.509375472257886805e-03 -8.549335120826200636e-05 -4.388998633241921648e-04
4.474613550710119549e-03 -7.748190994849446923e-05 -4.334106660531913458e-04
4.440119602232482816e-03 -6.967809594792135350e-05 -4.278843214334121254e-04
4.405891561071332077e-03 -6.207926248669087062e-05 -4.223245686410301140e-04
4.371927377397523233e-03 -5.468274680692711959e-05 -4.167350486503221610e-04
4.338225017183647975e-03 -4.748587185798109830e-05 -4.111193055087973970e-04
4.304782462082241447e-03 -4.048594799523381614e-05 -4.054807876192090027e-04
4.271597709304894575e-03 -3.368027463305156636e-05 -3.998228490276252043e-04
4.238668771502305740e-03 -2.706614185251902762e-05 -3.941487507167690577e-04
4.205993676645284826e-03 -2.064083196457645349e-05 -3.884616619038623337e-04
4.173570467906637625e-03 -1.440162102916711224e-05 -3.827646613422113105e-04
4.141397203543973997e-03 -8.345780331029045297e-06 -3.770607386258128819e-04
4.109471956783434556e-03 -2.470577812759595948e-06 -3.713527954962773893e-04
4.077792815704297733e-03 3.226720534231727577e-06 -3.656436471513702211e-04
4.046357883124464608e-03 8.748849320250171355e-06 -3.599360235545088658e-04
4.015165276486864880e-03 1.409854244868711188e-05 -3.542325707445762809e-04
3.984213127746704178e-03 1.927853184762215349e-05 -3.485358521454091636e-04
3.953499583259581333e-03 2.429154624102080459e-05 -3.428483498743586325e-04
3.923022803670505980e-03 2.914030995889446026e-05 -3.371724660493428927e-04
3.892780963803702844e-03 3.382754178581574817e-05 -3.315105240937977951e-04
3.862772252553351490e-03 3.835595384713560914e-05 -3.258647700390041144e-04
3.832994872775100613e-03 4.272825053230614503e-05 -3.202373738232293875e-04
3.803447041178433224e-03 4.694712745467032207e-05 -3.146304305871796148e-04
3.774126988219891812e-03 5.101527044709676351e-05 -3.090459619652676762e-04
3.745032957997094115e-03 5.493535459285183445e-05 -3.034859173722050953e-04
3.716163208143567678e-03 5.871004329108393919e-05 -2.979521752844555525e-04
3.687516009724421413e-03 6.234198735630445487e-05 -2.924465445161106118e-04
3.659089647132797354e-03 6.583382415126155004e-05 -2.869707654887423249e-04
3.630882417987116046e-03 6.918817675259372410e-05 -2.815265114948232636e-04
3.602892633029144195e-03 7.240765314865354302e-05 -2.761153899543177057e-04
3.575118616022820387e-03 7.549484546890826864e-05 -2.707389436640514910e-04
3.547558703653861008e-03 7.845232924431257289e-05 -2.653986520394931137e-04
3.520211245430165427e-03 8.128266269805746631e-05 -2.600959323485961777e-04
3.493074603582964951e-03 8.398838606610799294e-05 -2.548321409373564871e-04
3.466147152968730282e-03 8.657202094694149838e-05 -2.496085744467585661e-04
3.439427280971871746e-03 8.903606967989762726e-05 -2.444264710208077056e-04
3.412913387408126470e-03 9.138301475157245676e-05 -2.392870115053331729e-04
3.386603884428766517e-03 9.361531822966743448e-05 -2.341913206372994206e-04
3.360497196425487037e-03 9.573542122373685718e-05 -2.291404682243329408e-04
3.334591759936039474e-03 9.774574337226136405e-05 -2.241354703142162369e-04
3.308886023550618952e-03 9.964868235548536666e-05 -2.191772903541064593e-04
3.283378447818945112e-03 1.014466134334693760e-04 -2.142668403392357357e-04
3.258067505158058520e-03 1.031418890088011390e-04 -2.094049819508740499e-04
3.232951679760857813e-03 1.047368382134217625e-04 -2.045925276833543372e-04
3.208029467505310334e-03 1.062337665190272036e-04 -1.998302419599463442e-04
3.183299375864367085e-03 1.076349553705111564e-04 -1.951188422374012523e-04
3.158759923816596270e-03 1.089426618419163021e-04 -1.904590000989947061e-04
3.134409641757478649e-03 1.101591183143745873e-04 -1.858513423358923878e-04
3.110247071411391135e-03 1.112865321755157638e-04 -1.812964520166903608e-04
3.086270765744289057e-03 1.123270855398310206e-04 -1.767948695449894810e-04
3.062479288877038072e-03 1.132829349894866219e-04 -1.723470937048596490e-04
3.038871215999417418e-03 1.141562113350857663e-04 -1.679535826940764033e-04
3.015445133284805779e-03 1.149490193958824154e-04 -1.636147551450172865e-04
2.992199637805506834e-03 1.156634377989594186e-04 -1.593309911331043617e-04
2.969133337448711871e-03 1.163015187968872554e-04 -1.551026331727000144e-04
2.946244850833164113e-03 1.168652881033841265e-04 -1.509299872003771136e-04
2.923532807226401128e-03 1.173567447465093550e-04 -1.468133235454667095e-04
2.900995846462684630e-03 1.177778609389225101e-04 -1.427528778878313907e-04
2.878632618861536995e-03 1.181305819647499050e-04 -1.387488522027883250e-04
2.856441785146903584e-03 1.184168260826059653e-04 -1.348014156931335737e-04
2.834422016366963410e-03 1.186384844443223019e-04 -1.309107057082238513e-04
2.812571993814532226e-03 1.187974210289438132e-04 -1.270768286500687297e-04
2.790890408948083594e-03 1.188954725915588017e-04 -1.232998608664070495e-04
2.769375963313397068e-03 1.189344486265328922e-04 -1.195798495307447297e-04
2.748027368465789239e-03 1.189161313447273014e-04 -1.159168135093295815e-04
2.726843345892945858e-03 1.188422756642841901e-04 -1.123107442150560230e-04
2.705822626938369363e-03 1.187146092145706383e-04 -1.087616064482983694e-04
2.684963952725394950e-03 1.185348323528786520e-04 -1.052693392246678306e-04
2.664266074081791252e-03 1.183046181934826893e-04 -1.018338565897034643e-04
2.643727751464968606e-03 1.180256126486672126e-04 -9.845504842051643513e-05
2.623347754887736354e-03 1.176994344813367854e-04 -9.513278121439835684e-05
2.603124863844629138e-03 1.173276753688330665e-04 -9.186689886442152481e-05
2.583057867238843820e-03 1.169118999775863033e-04 -8.865722342207049190e-05
2.563145563309681199e-03 1.164536460482356787e-04 -8.550355584692391985e-05
2.543386759560594020e-03 1.159544244908585690e-04 -8.240567674344343731e-05
2.523780272687766238e-03 1.154157194899577843e-04 -7.936334708490499850e-05
2.504324928509239160e-03 1.148389886188563082e-04 -7.637630892452555666e-05
2.485019561894607001e-03 1.142256629631630845e-04 -7.344428609384434474e-05
2.465863016695235034e-03 1.135771472529707629e-04 -7.056698488841012728e-05
2.446854145675011159e-03 1.128948200034600110e-04 -6.774409474084207771e-05
2.427991810441656496e-03 1.121800336635862415e-04 -6.497528888133384626e-05
2.409274881378542944e-03 1.114341147725327633e-04 -6.226022498566624998e-05
2.390702237577035927e-03 1.106583641236191248e-04 -5.959854581080666113e-05
2.372272766769380550e-03 1.098540569353614367e-04 -5.698987981817618529e-05
2.353985365262082144e-03 1.090224430293841210e-04 -5.443384178466057096e-05
2.335838937869805058e-03 1.081647470148912457e-04 -5.193003340145383638e-05
2.317832397849795781e-03 1.072821684794115680e-04 -4.947804386082462966e-05
2.299964666836794378e-03 1.063758821855332394e-04 -4.707745043089173962e-05
2.282234674778451603e-03 1.054470382733551292e-04 -4.472781901850623424e-05
2.264641359871249950e-03 1.044967624683844202e-04 -4.242870472033763516e-05
2.247183668496913027e-03 1.035261562946157565e-04 -4.017965236226155089e-05
2.229860555159311492e-03 1.025362972925341866e-04 -3.798019702715307546e-05
2.212670982421848214e-03 1.015282392417882803e-04 -3.582986457118803719e-05
2.195613920845322208e-03 1.005030123882861128e-04 -3.372817212875970445e-05
2.178688348926290010e-03 9.946162367547327408e-05 -3.167462860612216730e-05
2.161893253035885448e-03 9.840505697955455571e-05 -2.966873516386689077e-05
2.145227627359108224e-03 9.733427334842820254e-05 -2.770998568834702981e-05
2.128690473834602120e-03 9.625021124410988661e-05 -2.579786725216663018e-05
2.112280802094877296e-03 9.515378678842088833e-05 -2.393186056384584935e-05
2.095997629406992722e-03 9.404589401172829314e-05 -2.211144040678279820e-05
2.079839980613715656e-03 9.292740510452642141e-05 -2.033607606763255287e-05
2.063806888075115243e-03 9.179917067165311347e-05 -1.860523175422017686e-05
2.047897391610609304e-03 9.066201998894134965e-05 -1.691836700311162998e-05
2.032110538441469529e-03 8.951676126211079122e-05 -1.527493707696688842e-05
2.016445383133760351e-03 8.836418188770905988e-05 -1.367439335179620675e-05
2.000900987541711067e-03 8.720504871591558166e-05 -1.211618369424595853e-05
1.985476420751547226e-03 8.604010831503059267e-05 -1.059975282904219963e-05
1.970170759025721002e-03 8.487008723746832634e-05 -9.124542696712912405e-06
1.954983085747613418e-03 8.369569228708883797e-05 -7.689992801724427148e-06
1.939912491366626223e-03 8.251761078769560408e-05 -6.295540551152124938e-06
1.924958073343710063e-03 8.133651085254087415e-05 -4.940621584018617911e-06
1.910118936097323717e-03 8.015304165467960031e-05 -3.624670091428706063e-06
1.895394190949793419e-03 7.896783369801796111e-05 -2.347119127628017305e-06
1.880782956074089369e-03 7.778149908890760495e-05 -1.107400912116685885e-06
1.866284356441023787e-03 7.659463180814226799e-05 9.505287705057963414e-08
1.851897523766842966e-03 7.540780798321384171e-05 1.260810818650355419e-06
1.837621596461223947e-03 7.422158616069279835e-05 2.390441472230438810e-06
1.823455719575684496e-03 7.303650757860170471e-05 3.484513110472254502e-06
1.809399044752379266e-03 7.185309643865109633e-05 4.543593459847640367e-06
1.795450730173287152e-03 7.067186017821481799e-05 5.568249449438279009e-06
1.781609940509808025e-03 6.949328974192570368e-05 6.559046967786483666e-06
1.767875846872731579e-03 6.831785985277229320e-05 7.516550627649371776e-06
1.754247626762593226e-03 6.714602928258542748e-05 8.441323538525393800e-06
1.740724464020427902e-03 6.597824112180700727e-05 9.333927086822475669e-06
1.727305548778875150e-03 6.481492304843143777e-05 1.019492072354185831e-05
1.713990077413698153e-03 6.365648759602407839e-05 1.102486175934405290e-05
1.700777252495644723e-03 6.250333242071228900e-05 1.182430516687312063e-05
1.687666282742690364e-03 6.135584056705799965e-05 1.259380339020878964e-05
1.674656382972657120e-03 6.021438073272034460e-05 1.333390616131882505e-05
1.661746774056188907e-03 5.907930753181903576e-05 1.404516032338644181e-05
1.648936682870085066e-03 5.795096175691386747e-05 1.472810966088561568e-05
1.636225342251009917e-03 5.682967063952091403e-05 1.538329473627817422e-05
1.623611990949544708e-03 5.571574810908480320e-05 1.601125273320932289e-05
1.611095873584594091e-03 5.460949505033224865e-05 1.661251730607658922e-05
1.598676240598156462e-03 5.351119955893707307e-05 1.718761843584852504e-05
1.586352348210431484e-03 5.242113719542444629e-05 1.773708229201175990e-05
1.574123458375271522e-03 5.133957123724965224e-05 1.826143110052413798e-05
1.561988838735991515e-03 5.026675292898928019e-05 1.876118301765268776e-05
1.549947762581505191e-03 4.920292173058186182e-05 1.923685200957755140e-05
1.537999508802800853e-03 4.814830556356179908e-05 1.968894773764250363e-05
1.526143361849762814e-03 4.710312105523226442e-05 2.011797544913347175e-05
1.514378611688317871e-03 4.606757378072282933e-05 2.052443587346908468e-05
1.502704553757902486e-03 4.504185850288240872e-05 2.090882512368697697e-05
1.491120488929286673e-03 4.402615940996358385e-05 2.127163460310990594e-05
1.479625723462688449e-03 4.302065035104756983e-05 2.161335091707963991e-05
1.468219568966238698e-03 4.202549506917347999e-05 2.193445578964404769e-05
1.456901342354750481e-03 4.104084743212798355e-05 2.223542598508686862e-05
1.445670365808807535e-03 4.006685166085915105e-05 2.251673323418911025e-05
1.434525966734178683e-03 3.910364255548009804e-05 2.277884416511246092e-05
1.423467477721534948e-03 3.815134571882725149e-05 2.302222023879689996e-05
1.412494236506475027e-03 3.721007777754345029e-05 2.324731768876518666e-05
1.401605585929872758e-03 3.627994660065769755e-05 2.345458746522796921e-05
1.390800873898516464e-03 3.536105151563322628e-05 2.364447518338535576e-05
1.380079453346054691e-03 3.445348352185973460e-05 2.381742107582116914e-05
1.369440682194251373e-03 3.355732550156797773e-05 2.397385994888735352e-05
1.358883923314529616e-03 3.267265242814406377e-05 2.411422114297787509e-05
1.348408544489812771e-03 3.179953157182524522e-05 2.423892849659217022e-05
1.338013918376669293e-03 3.093802270276092321e-05 2.434840031408942780e-05
1.327699422467739938e-03 3.008817829142151017e-05 2.444304933703659536e-05
1.317464439054453562e-03 2.925004370634254038e-05 2.452328271905410254e-05
1.307308355190038920e-03 2.842365740919227505e-05 2.458950200406435319e-05
1.297230562652814875e-03 2.760905114715143466e-05 2.464210310784974121e-05
1.287230457909767064e-03 2.680625014259704905e-05 2.468147630282783975e-05
1.277307442080404063e-03 2.601527328008250041e-05 2.470800620595312125e-05
1.267460920900886565e-03 2.523613329060789431e-05 2.472207176965530745e-05
1.257690304688446458e-03 2.446883693317768239e-05 2.472404627572628521e-05
1.247995008306068080e-03 2.371338517364073229e-05 2.471429733206846897e-05
1.238374451127443113e-03 2.296977336081234335e-05 2.469318687221914435e-05
1.228828057002204557e-03 2.223799139987839114e-05 2.466107115756601491e-05
1.219355254221420048e-03 2.151802392308147538e-05 2.461830078217130895e-05
1.209955475483349063e-03 2.080985045769190710e-05 2.456522068012223313e-05
1.200628157859476601e-03 2.011344559126787532e-05 2.450217013532774202e-05
1.191372742760796882e-03 1.942877913420802888e-05 2.442948279368206333e-05
1.182188675904357472e-03 1.875581627960292095e-05 2.434748667751724500e-05
1.173075407280071850e-03 1.809451776039313275e-05 2.425650420226823370e-05
1.164032391117776578e-03 1.744484000384038860e-05 2.415685219527495306e-05
1.155059085854545642e-03 1.680673528332173164e-05 2.404884191664758469e-05
1.146154954102259361e-03 1.618015186745675881e-05 2.393277908212220053e-05
1.137319462615420931e-03 1.556503416657842493e-05 2.380896388783533478e-05
1.128552082259223852e-03 1.496132287655966578e-05 2.367769103694737458e-05
1.119852287977861349e-03 1.436895512000814065e-05 2.353924976804563473e-05
1.111219558763080172e-03 1.378786458484295365e-05 2.339392388525977389e-05
1.102653377622983110e-03 1.321798166026827342e-05 2.324199179002295508e-05
1.094153231551066134e-03 1.265923357015810831e-05 2.308372651441366124e-05
1.085718611495492319e-03 1.211154450386856979e-05 2.291939575601416383e-05
1.077349012328611671e-03 1.157483574449505241e-05 2.274926191422320138e-05
1.069043932816707548e-03 1.104902579459058502e-05 2.257358212796115987e-05
1.060802875589976187e-03 1.053403049936382019e-05 2.239260831470755796e-05
1.052625347112746707e-03 1.002976316737613006e-05 2.220658721081210396e-05
1.044510857653920769e-03 9.536134688755821580e-06 2.201576041302103146e-05
1.036458921257641655e-03 9.053053650950096512e-06 2.182036442116233886e-05
1.028469055714197316e-03 8.580426452035557456e-06 2.162063068193461441e-05
1.020540782531138965e-03 8.118157411607278823e-06 2.141678563374482016e-05
1.012673626904622357e-03 7.666148879268494334e-06 2.120905075254195964e-05
1.004867117690981526e-03 7.224301340743319488e-06 2.099764259859516355e-05
9.971207873785005015e-04 6.792513521633339241e-06 2.078277286416426692e-05
9.894341720594287438e-04 6.370682488843330407e-06 2.056464842201468173e-05
9.818068114021915281e-04 5.958703749696821138e-06 2.034347137472637294e-05
9.742382486238204166e-04 5.556471348766622320e-06 2.011943910475053429e-05
9.667280304626029580e-04 5.163877962444311252e-06 1.989274432516728550e-05
9.592757071509355662e-04 4.780814991272192230e-06 1.966357513109890525e-05
9.518808323883849992e-04 4.407172650062805396e-06 1.943211505173438806e-05
9.445429633149666788e-04 4.042840055831316883e-06 1.919854310292255689e-05
9.372616604846191425e-04 3.687705313565165764e-06 1.896303384029093581e-05
9.300364878388853607e-04 3.341655599856783670e-06 1.872575741284976592e-05
9.228670126808026552e-04 3.004577244425557436e-06 1.848687961704110317e-05
9.157528056489873391e-04 2.676355809554034519e-06 1.824656195119356362e-05
9.086934406919187435e-04 2.356876167464908735e-06 1.800496167034488774e-05
9.016884950424293487e-04 2.046022575665428048e-06 1.776223184139556920e-05
8.947375491923834599e-04 1.743678750284897334e-06 1.751852139855669883e-05
8.878401868675517977e-04 1.449727937432150154e-06 1.727397519905753603e-05
8.809959950026869909e-04 1.164052982600131646e-06 1.702873407907846550e-05
8.742045637167836008e-04 8.865363981436561587e-07 1.678293490987584749e-05
8.674654862885270139e-04 6.170604288574005366e-07 1.653671065406647970e-05
8.607783591319456218e-04 3.555071156819021820e-07 1.629019042204090290e-05
8.541427817722315949e-04 1.017583575631747647e-07 1.604349952847377325e-05
8.475583568217638598e-04 -1.443040285056503620e-07 1.579675954890292559e-05
8.410246899563074766e-04 -3.827982492344204057e-07 1.555008837634758650e-05
8.345413898913959204e-04 -6.138424785503781717e-07 1.530360027793792080e-05
8.281080683589028824e-04 -8.375548028494821242e-07 1.505740595152933982e-05
8.217243400837872169e-04 -1.054053167958088118e-06 1.481161258227464778e-05
8.153898227610181923e-04 -1.263455327777531249e-06 1.456632389912899313e-05
8.091041370326844048e-04 -1.465878794584392979e-06 1.432164023126316568e-05
8.028669064652724794e-04 -1.661440790959845706e-06 1.407765856436102487e-05
7.966777575271217354e-04 -1.850258203320881272e-06 1.383447259677821107e-05
7.905363195660583975e-04 -2.032447537026316232e-06 1.359217279554008997e-05
7.844422247871961221e-04 -2.208124873031155987e-06 1.335084645215708701e-05
7.783951082309076112e-04 -2.377405826062348035e-06 1.311057773823663541e-05
7.723946077509723012e-04 -2.540405504289171455e-06 1.287144776087219718e-05
7.664403639928868981e-04 -2.697238470461962226e-06 1.263353461778938721e-05
7.605320203723398443e-04 -2.848018704492787429e-06 1.239691345223076898e-05
7.546692230538653299e-04 -2.992859567451263305e-06 1.216165650756203415e-05
7.488516209296445375e-04 -3.131873766950137981e-06 1.192783318158102600e-05
7.430788655984848059e-04 -3.265173323893942471e-06 1.169551008051443976e-05
7.373506113449517733e-04 -3.392869540565241807e-06 1.146475107268514238e-05
7.316665151186641522e-04 -3.515072970022637395e-06 1.123561734183538514e-05
7.260262365137531938e-04 -3.631893386784878357e-06 1.100816744009134187e-05
7.204294377484742658e-04 -3.743439758775908898e-06 1.078245734055442578e-05
7.148757836449763994e-04 -3.849820220505588933e-06 1.055854048950631693e-05
7.093649416092331645e-04 -3.951142047460874772e-06 1.033646785821492712e-05
7.038965816111222981e-04 -4.047511631682975528e-06 1.011628799432867450e-05
6.984703761646597229e-04 -4.139034458505659979e-06 9.898047072847563621e-06
6.930860003083904501e-04 -4.225815084430234641e-06 9.681788946660125516e-06
6.877431315859256324e-04 -4.307957116113176265e-06 9.467555196635181000e-06
6.824414500266302126e-04 -4.385563190442320263e-06 9.255385181258647299e-06
6.771806381264637706e-04 -4.458734955677721263e-06 9.045316085805913138e-06
6.719603808289642674e-04 -4.527573053633845812e-06 8.837382971040480165e-06
6.667803655063793498e-04 -4.592177102879588658e-06 8.631618821430432558e-06
6.616402819409452143e-04 -4.652645682933074179e-06 8.428054592874882823e-06
6.565398223063075023e-04 -4.709076319428401855e-06 8.226719259932513000e-06
6.514786811490881277e-04 -4.761565470231629384e-06 8.027639862545360455e-06
6.464565553705913176e-04 -4.810208512483735944e-06 7.830841552251000863e-06
6.414731442086497306e-04 -4.855099730548291181e-06 7.636347637876916226e-06
6.365281492196168348e-04 -4.896332304842031539e-06 7.444179630711656575e-06
6.316212742604910158e-04 -4.933998301526613282e-06 7.254357289146810208e-06
6.267522254711798725e-04 -4.968188663040309651e-06 7.066898662785322853e-06
6.219207112569041579e-04 -4.998993199448304379e-06 6.881820136011553636e-06
6.171264422707335587e-04 -5.026500580590894476e-06 6.699136471018729383e-06
6.123691313962569167e-04 -5.050798329008905880e-06 6.518860850290126183e-06
6.076484937303906850e-04 -5.071972813625942367e-06 6.341004918530818808e-06
6.029642465663153207e-04 -5.090109244167464184e-06 6.165578824046567482e-06
5.983161093765428660e-04 -5.105291666296772504e-06 5.992591259567371225e-06
5.937038037961203793e-04 -5.117602957448433178e-06 5.822049502513554075e-06
5.891270536059575085e-04 -5.127124823339766462e-06 5.653959454701975250e-06
5.845855847162830833e-04 -5.133937795141452888e-06 5.488325681490919882e-06
5.800791251502346313e-04 -5.138121227288434212e-06 5.325151450362510753e-06
5.756074050275641202e-04 -5.139753295912679686e-06 5.164438768940976602e-06
5.711701565484823698e-04 -5.138910997879564962e-06 5.006188422446924398e-06
5.667671139776177388e-04 -5.135670150409943773e-06 4.850400010586237438e-06
5.623980136281003621e-04 -5.130105391270211121e-06 4.697071983873975377e-06
5.580625938457743239e-04 -5.122290179513009863e-06 4.546201679393336307e-06
5.537605949935259491e-04 -5.112296796751347847e-06 4.397785355989753744e-06
5.494917594357333086e-04 -5.100196348949388180e-06 4.251818228900936585e-06
5.452558315228402987e-04 -5.086058768713230363e-06 4.108294503823829518e-06
5.410525575760448879e-04 -5.069952818065409901e-06 3.967207410419262133e-06
5.368816858721053246e-04 -5.051946091686988909e-06 3.828549235255811407e-06
5.327429666282681000e-04 -5.032105020611591312e-06 3.692311354194570345e-06
5.286361519873075850e-04 -5.010494876355726919e-06 3.558484264216264864e-06
5.245609960026812423e-04 -4.987179775470223020e-06 3.427057614692889002e-06
5.205172546238034503e-04 -4.962222684497805732e-06 3.298020238106139532e-06
5.165046856814278558e-04 -4.935685425322014810e-06 3.171360180214760342e-06
5.125230488731440017e-04 -4.907628680893138739e-06 3.047064729673520655e-06
5.085721057489894217e-04 -4.878112001316858670e-06 2.925120447106685822e-06
5.046516196971638675e-04 -4.847193810291696269e-06 2.805513193638479852e-06
5.007613559298655084e-04 -4.814931411881696890e-06 2.688228158884256465e-06
4.969010814692267691e-04 -4.781380997610783673e-06 2.573249888404989224e-06
4.930705651333609730e-04 -4.746597653865713692e-06 2.460562310628825898e-06
4.892695775225203332e-04 -4.710635369594779895e-06 2.350148763243299332e-06
4.854978910053558039e-04 -4.673547044289488116e-06 2.241992019061631221e-06
4.817552797052844851e-04 -4.635384496236935653e-06 2.136074311367120871e-06
4.780415194869643632e-04 -4.596198471030703457e-06 2.032377358739629212e-06
4.743563879428703157e-04 -4.556038650328346709e-06 1.930882389368044683e-06
4.706996643799734952e-04 -4.514953660843845571e-06 1.831570164853032212e-06
4.670711298065270732e-04 -4.472991083563671777e-06 1.734421003504471569e-06
4.634705669189500502e-04 -4.430197463175203008e-06 1.639414803137792084e-06
4.598977600888124926e-04 -4.386618317696646394e-06 1.546531063373837842e-06
4.563524953499243112e-04 -4.342298148297755345e-06 1.455748907446944718e-06
4.528345603855202630e-04 -4.297280449300909346e-06 1.367047103525776513e-06
4.493437445155436141e-04 -4.251607718352274570e-06 1.280404085551777749e-06
4.458798386840316110e-04 -4.205321466753198574e-06 1.195797973600224070e-06
4.424426354465946253e-04 -4.158462229941939780e-06 1.113206593768636742e-06
4.390319289579901131e-04 -4.111069578116230586e-06 1.032607497597627331e-06
4.356475149598004401e-04 -4.063182126987532077e-06 9.539779810294898275e-07
4.322891907681953834e-04 -4.014837548657607074e-06 8.772951029092659083e-07
4.289567552617970904e-04 -3.966072582608827682e-06 8.025357030339254316e-07
4.256500088696344298e-04 -3.916923046799392098e-06 7.296764197546280979e-07
4.223687535591898797e-04 -3.867423848855053211e-06 6.586937071374917425e-07
4.191127928245423130e-04 -3.817608997349243554e-06 5.895638516883029830e-07
4.158819316745973865e-04 -3.767511613163402839e-06 5.222629886464165344e-07
4.126759766214091658e-04 -3.717163940919842436e-06 4.567671178533725164e-07
4.094947356685947745e-04 -3.666597360479508239e-06 3.930521192017676945e-07
4.063380182998350748e-04 -3.615842398497206673e-06 3.310937676697540751e-07
4.032056354674639818e-04 -3.564928740027092371e-06 2.708677479467724757e-07
4.000973995811492301e-04 -3.513885240171500633e-06 2.123496686561425639e-07
3.970131244966569497e-04 -3.462739935766183254e-06 1.555150761799592280e-07
3.939526255047027061e-04 -3.411520057095364567e-06 1.003394680919637167e-07
3.909157193198920964e-04 -3.360252039630281896e-06 4.679830620405618426e-08
3.879022240697431478e-04 -3.308961535784802192e-06 -5.132970768044750819e-09
3.849119592837936641e-04 -3.257673426682125917e-06 -5.547893491429492914e-08
3.819447458827944942e-04 -3.206411833926730233e-06 -1.042641572093115426e-07
3.790004061679839542e-04 -3.155200131375739615e-06 -1.515131959552746862e-07
3.760787638104474127e-04 -3.104060956904299882e-06 -1.972505855830459713e-07
3.731796438405562402e-04 -3.053016224159475358e-06 -2.415008258059234342e-07
3.703028726374886699e-04 -3.002087134297535719e-06 -2.842883711203765970e-07
3.674482779188338708e-04 -2.951294187699646886e-06 -3.256376206480914756e-07
3.646156887302735416e-04 -2.900657195660987531e-06 -3.655729083138025966e-07
