1.000000000000000000e+00 -5.000000000000000000e+00 0.000000000000000000e+00
9.922796420431261311e-01 -4.957519486217567994e+00 -7.685082242838803257e-02
9.846188880132343835e-01 -4.907808756435881214e+00 -1.521970004714063851e-01
9.770172777466731295e-01 -4.851214271576267834e+00 -2.257533575831899286e-01
9.694743546324182670e-01 -4.788087972046914942e+00 -2.972545003215802950e-01
9.619896655846466027e-01 -4.718785915306333401e+00 -3.664547614040829515e-01
9.545627610155197340e-01 -4.643666973929768460e+00 -4.331280673514209534e-01
9.471931948081779851e-01 -4.563091595529303213e+00 -4.970677365264650760e-01
9.398805242899438417e-01 -4.477420625506632668e+00 -5.580862132530088893e-01
9.326243102057312218e-01 -4.387014193270577955e+00 -6.160147435573578578e-01
9.254241166916603589e-01 -4.292230662229039595e+00 -6.707029979184228052e-01
9.182795112488768563e-01 -4.193425643566815353e+00 -7.220186462412337969e-01
9.111900647175722456e-01 -4.090951073546027494e+00 -7.698468900866282105e-01
9.041553512512054969e-01 -3.985154353814229999e+00 -8.140899569983544026e-01
8.971749482909231466e-01 -3.876377553975921764e+00 -8.546665615697480733e-01
8.902484365401772681e-01 -3.764956675475435777e+00 -8.915113376873136097e-01
8.833753999395398404e-01 -3.651220975652089695e+00 -9.245742461794126399e-01
8.765554256417098511e-01 -3.535492350661423089e+00 -9.538199618864282581e-01
8.697881039867159103e-01 -3.418084775808491571e+00 -9.792272439555168573e-01
8.630730284773077132e-01 -3.299303801708995731e+00 -1.000788292949472469e+00
8.564097957545396822e-01 -3.179446104581872934e+00 -1.018508098146708507e+00
8.497980055735413485e-01 -3.058799088880356010e+00 -1.032403778198507593e+00
8.432372607794760277e-01 -2.937640540387930432e+00 -1.042503918101764127e+00
8.367271672836846808e-01 -2.816238327839120537e+00 -1.048847905240923195e+00
8.302673340400135160e-01 -2.694850151072375688e+00 -1.051485267052635120e+00
8.238573730213252233e-01 -2.573723333682205627e+00 -1.050475012671233443e+00
8.174968991961907294e-01 -2.453094658109413739e+00 -1.045884980723111646e+00
8.111855305057616983e-01 -2.333190241091008588e+00 -1.037791195253881416e+00
8.049228878408205556e-01 -2.214225447383971979e+00 -1.026277231594103556e+00
7.987085950190087047e-01 -2.096404839679214316e+00 -1.011433593797863573e+00
7.925422787622300458e-01 -1.979922162632474114e+00 -9.933571051236290694e-01
7.864235686742291342e-01 -1.864960358957103326e+00 -9.721503128688798734e-01
7.803520972183418669e-01 -1.751691615548977898e+00 -9.479209087191639016e-01
7.743274996954189193e-01 -1.640277437645182745e+00 -9.207811656285005419e-01
7.683494142219191581e-01 -1.530868749055378730e+00 -8.908473921115019900e-01
7.624174817081715849e-01 -1.423606016546699937e+00 -8.582394046981612901e-01
7.565313458368060351e-01 -1.318619396509770780e+00 -8.230800191801391774e-01
7.506906530413504086e-01 -1.216028902083623464e+00 -7.854945611621252377e-01
7.448950524849916599e-01 -1.115944588970986029e+00 -7.456103963237837862e-01
7.391441960395032096e-01 -1.018466758231859171e+00 -7.035564806964660356e-01
7.334377382643324506e-01 -9.236861744019866372e-01 -6.594629311643489533e-01
7.277753363858517899e-01 -8.316842973435222275e-01 -6.134606163116785860e-01
7.221566502767686746e-01 -7.425335262971642925e-01 -5.656807676561870224e-01
7.165813424356949346e-01 -6.562974546683204569e-01 -5.162546112334135406e-01
7.110490779668741101e-01 -5.730311341436979955e-01 -4.653130194272540598e-01
7.055595245600647658e-01 -4.927813467989730079e-01 -4.129861828784346378e-01
7.001123524705792356e-01 -4.155868839227904732e-01 -3.594033022446811443e-01
6.947072344994773552e-01 -3.414788303464358910e-01 -3.046922995335762385e-01
6.893438459739114066e-01 -2.704808531324873755e-01 -2.489795486815971348e-01
6.840218647276246067e-01 -2.026094935389721741e-01 -1.923896250101186922e-01
6.787409710815990316e-01 -1.378744612379623757e-01 -1.350450731511544378e-01
6.735008478248527553e-01 -7.627892982895045915e-02 -7.706619300199459011e-02
6.683011801953868680e-01 -1.781983274760744196e-02 -1.857084323849420016e-02
6.631416558612771572e-01 3.751184127060160078e-02 4.032573810874945375e-02
6.580219649019140027e-01 8.973075395485652361e-02 9.951109653272176281e-02
6.529417997893857128e-01 1.388569252185615499e-01 1.588757079185604271e-01
6.479008553700061901e-01 1.849154435066619750e-01 2.183131099529095065e-01
6.428988288459849265e-01 2.279361793907723199e-01 2.777200186365557655e-01
6.379354197572388863e-01 2.679535029812234459e-01 3.369964304717279480e-01
6.330103299633443870e-01 3.050060056761347838e-01 3.960457109018186705e-01
6.281232636256284252e-01 3.391362267203608116e-01 4.547746695850743981e-01
6.232739271893987798e-01 3.703903850018137600e-01 5.130936230852831681e-01
6.184620293663100066e-01 3.988181164692899960e-01 5.709164455620701073e-01
6.136872811168674335e-01 4.244722175142701115e-01 6.281606080406740844e-01
6.089493956330644941e-01 4.474083946196115713e-01 6.847472068369800935e-01
6.042480883211551745e-01 4.676850205402942606e-01 7.406009817076214530e-01
5.995830767845590215e-01 4.853628972454382962e-01 7.956503242875643256e-01
5.949540808068984887e-01 5.005050258168859401e-01 8.498272773689807824e-01
5.903608223351662909e-01 5.131763834674087921e-01 9.030675255653556333e-01
5.858030254630243183e-01 5.234437078112265107e-01 9.553103778938256685e-01
5.812804164142301167e-01 5.313752884909201946e-01 1.006498742796999579e+00
5.767927235261914864e-01 5.370407662379219627e-01 1.056579096112818084e+00
5.723396772336490912e-01 5.405109394185455551e-01 1.105501442487687891e+00
5.679210100524836324e-01 5.418575780939657305e-01 1.153219270714214373e+00
5.635364565636491463e-01 5.411532456005830882e-01 1.199689503460417583e+00
5.591857533972293126e-01 5.384711276367293298e-01 1.244872441842435506e+00
5.548686392166185533e-01 5.338848688227691985e-01 1.288731705277578410e+00
5.505848547028227014e-01 5.274684166841068222e-01 1.331234167039185179e+00
5.463341425388834605e-01 5.192958729904860737e-01 1.372349885919058599e+00
5.421162473944215465e-01 5.094413523701756263e-01 1.412052034387611066e+00
5.379309159102994009e-01 4.979788481041171888e-01 1.450316823626050411e+00
5.337778966834028083e-01 4.849821049927875993e-01 1.487123425789164344e+00
5.296569402515396430e-01 4.705244991774255592e-01 1.522453893841568373e+00
5.255677990784551890e-01 4.546789247872259354e-01 1.556293079294673198e+00
5.215102275389631448e-01 4.375176872751816437e-01 1.588628548156194364e+00
5.174839819041915367e-01 4.191124032972566860e-01 1.619450495388697453e+00
5.134888203269427631e-01 3.995339069826350786e-01 1.648751658158698952e+00
5.095245028271657706e-01 3.788521624366616436e-01 1.676527228142989490e+00
5.055907912775418067e-01 3.571361823128852420e-01 1.702774763144353498e+00
5.016874493891801956e-01 3.344539522861828540e-01 1.727494098254622301e+00
4.978142426974245804e-01 3.108723612552814486e-01 1.750687256789158264e+00
4.939709385477703552e-01 2.864571371000550482e-01 1.772358361203233423e+00
4.901573060818885663e-01 2.612727878166749007e-01 1.792513544187669394e+00
4.863731162237593941e-01 2.353825478520776004e-01 1.811160860128257166e+00
4.826181416659117707e-01 2.088483294580914529e-01 1.828310197100996293e+00
4.788921568557695796e-01 1.817306788850960031e-01 1.843973189563237858e+00
4.751949379821036601e-01 1.540887372350328577e-01 1.858163131889111863e+00
4.715262629615872836e-01 1.259802057940369313e-01 1.870894892886401317e+00
4.678859114254568241e-01 9.746131566585951311e-02 1.882184831421213067e+00
4.642736647062740696e-01 6.858680152850177292e-02 1.892050713266329787e+00
4.606893058247920059e-01 3.940987933814774774e-02 1.900511629279155734e+00
4.571326194769207985e-01 9.982227806421809305e-03 1.907587915005541923e+00
4.536033920207954706e-01 -1.964602652067895180e-02 1.913301071796559061e+00
4.501014114639427799e-01 -4.942632075132986219e-02 1.917673689516521618e+00
4.466264674505469601e-01 -7.931166387021769404e-02 1.920729370912123812e+00
4.431783512488146060e-01 -1.092566418579846987e-01 1.922492657704532037e+00
4.397568557384365362e-01 -1.392174198678856334e-01 1.922988958458700326e+00
4.363617753981465230e-01 -1.691517416163540455e-01 1.922244478276833091e+00
4.329929062933757788e-01 -1.990189261406631049e-01 1.920286150356136368e+00
4.296500460640037544e-01 -2.287798620731609778e-01 1.917141569444370974e+00
4.263329939122022516e-01 -2.583969995778103712e-01 1.912838927220669394e+00
4.230415505903742379e-01 -2.878343400908635052e-01 1.907406949623136283e+00
4.197755183891856423e-01 -3.170574240035548552e-01 1.900874836139369917e+00
4.165347011256887999e-01 -3.460333164206890189e-01 1.893272201070787419e+00
4.133189041315389889e-01 -3.747305911249201871e-01 1.884629016776881771e+00
4.101279342413006179e-01 -4.031193128724511188e-01 1.874975558900902062e+00
4.069615997808445629e-01 -4.311710181417452992e-01 1.864342353574284905e+00
4.038197105558343769e-01 -4.588586944527461298e-01 1.852760126593155032e+00
4.007020778403021510e-01 -4.861567583699531458e-01 1.840259754556554439e+00
3.976085143653118048e-01 -5.130410322986425076e-01 1.826872217952625110e+00
3.945388343077107507e-01 -5.394887201793977516e-01 1.812628556175821304e+00
3.914928532789674342e-01 -5.654783821820985601e-01 1.797559824455288169e+00
3.884703883140959157e-01 -5.909899084964983507e-01 1.781697052671900261e+00
3.854712578606652729e-01 -6.160044923125412852e-01 1.765071206038927087e+00
3.824952817678944905e-01 -6.405046020797038331e-01 1.747713147619135654e+00
3.795422812758310060e-01 -6.644739531307384262e-01 1.729653602649020350e+00
3.766120790046130207e-01 -6.878974787514713363e-01 1.710923124639065040e+00
3.737044989438149667e-01 -7.107613007745297029e-01 1.691552063217265145e+00
3.708193664418744651e-01 -7.330526997712802917e-01 1.671570533681653092e+00
3.679565081956019945e-01 -7.547600849126541167e-01 1.651008388226291368e+00
3.651157522397705524e-01 -7.758729635660656099e-01 1.629895188804015183e+00
3.622969279367861950e-01 -7.963819106922263025e-01 1.608260181588230919e+00
3.594998659664384588e-01 -8.162785381023036635e-01 1.586132272995225412e+00
3.567243983157293852e-01 -8.355554636326851803e-01 1.563540007227712358e+00
3.539703582687814820e-01 -8.542062802914153208e-01 1.540511545299756868e+00
3.512375803968235677e-01 -8.722255254273411085e-01 1.517074645502772601e+00
3.485259005482538308e-01 -8.896086499700175398e-01 1.493256645271875405e+00
3.458351558387794400e-01 -9.063519877855492624e-01 1.469084444411707713e+00
3.431651846416327589e-01 -9.224527251907589376e-01 1.444584489640619696e+00
3.405158265778626681e-01 -9.379088706653714302e-01 1.419782760412083178e+00
3.378869225067007709e-01 -9.527192247992900542e-01 1.394704755972249188e+00
3.352783145160025402e-01 -9.668833505095283387e-01 1.369375483612621514e+00
3.326898459127615726e-01 -9.804015435589430449e-01 1.343819448077067324e+00
3.301213612136978948e-01 -9.932748034065452813e-01 1.318060642082600209e+00
3.275727061359176018e-01 -1.005504804416953224e+00 1.292122537913683145e+00
3.250437275876464915e-01 -1.017093867454349043e+00 1.266028080050237925e+00
3.225342736590332549e-01 -1.028044931884250390e+00 1.239799678789889725e+00
3.200441936130251075e-01 -1.038361528004396517e+00 1.213459204825535709e+00
3.175733378763135883e-01 -1.048047749924137184e+00 1.187027984739821518e+00
3.151215580303490804e-01 -1.057108228909901193e+00 1.160526797378662822e+00
3.126887068024269967e-01 -1.065548107212526796e+00 1.133975871066601027e+00
3.102746380568403017e-01 -1.073373012390622883e+00 1.107394881627362215e+00
3.078792067861019777e-01 -1.080589032142472039e+00 1.080802951173717164e+00
3.055022691022348802e-01 -1.087202689657514876e+00 1.054218647631387507e+00
3.031436822281283749e-01 -1.093220919496963761e+00 1.027659984962487449e+00
3.008033044889624197e-01 -1.098651044011750733e+00 1.001144424054728477e+00
2.984809953036970387e-01 -1.103500750304676981e+00 9.746888742433452713e-01
2.961766151766285216e-01 -1.107778067742402284e+00 9.483096954335236139e-01
2.938900256890096818e-01 -1.111491346021735716e+00 9.220227007918211370e-01
2.916210894907355633e-01 -1.114649233793560734e+00 8.958431599759345554e-01
2.893696702920935948e-01 -1.117260657846695482e+00 8.697858028729242852e-01
2.871356328555760284e-01 -1.119334802852971933e+00 8.438648238168100502e-01
2.849188429877574369e-01 -1.120881091673896490e+00 8.180938862573055026e-01
2.827191675312336061e-01 -1.121909166228375554e+00 7.924861278521987407e-01
2.805364743566231001e-01 -1.122428868920136047e+00 7.670541659567605697e-01
2.783706323546306094e-01 -1.122450224622732140e+00 7.418101034843322950e-01
2.762215114281714179e-01 -1.121983423219272247e+00 7.167655351130626240e-01
2.740889824845572087e-01 -1.121038802693336889e+00 6.919315538145617284e-01
2.719729174277411010e-01 -1.119626832766920987e+00 6.673187576810323263e-01
2.698731891506236380e-01 -1.117758099080646828e+00 6.429372570282325672e-01
2.677896715274176720e-01 -1.115443287910952375e+00 6.187966817523979923e-01
2.657222394060722581e-01 -1.112693171418441596e+00 5.949061889200210063e-01
2.636707686007552787e-01 -1.109518593421139121e+00 5.712744705701542358e-01
2.616351358843934105e-01 -1.105930455685943725e+00 5.479097617096413408e-01
2.596152189812704902e-01 -1.101939704731192959e+00 5.248198484824332377e-01
2.576108965596828893e-01 -1.097557319132895781e+00 5.020120764948688974e-01
2.556220482246508996e-01 -1.092794297326858066e+00 4.794933592794992649e-01
2.536485545106872963e-01 -1.087661645898633900e+00 4.572701868807654835e-01
2.516902968746211888e-01 -1.082170368352977530e+00 4.353486345464976925e-01
2.497471576884772171e-01 -1.076331454354229056e+00 4.137343715098976138e-01
2.478190202324103419e-01 -1.070155869428863760e+00 3.924326698473245556e-01
2.459057686876943150e-01 -1.063654545121244910e+00 3.714484133978269154e-01
2.440072881297651319e-01 -1.056838369593471993e+00 3.507861067310333314e-01
2.421234645213172776e-01 -1.049718178660074663e+00 3.304498841505879025e-01
2.402541847054542046e-01 -1.042304747248188113e+00 3.104435187209564906e-01
2.383993363988912151e-01 -1.034608781273761657e+00 2.907704313059817913e-01
2.365588081852105784e-01 -1.026640909924267930e+00 2.714336996081511133e-01
2.347324895081692731e-01 -1.018411678338342785e+00 2.524360671981027426e-01
2.329202706650580768e-01 -1.009931540672724060e+00 2.337799525244172727e-01
2.311220428001118099e-01 -1.001210853546867563e+00 2.154674578942791519e-01
2.293376978979710379e-01 -9.922598698555920027e-01 1.975003784160997700e-01
2.275671287771933449e-01 -9.830887329401152286e-01 1.798802108956774337e-01
2.258102290838153448e-01 -9.737074711078868017e-01 1.626081626779643519e-01
2.240668932849645967e-01 -9.641259924916328883e-01 1.456851604269679412e-01
2.223370166625199540e-01 -9.543540802380974242e-01 1.291118588367473619e-01
2.206204953068218733e-01 -9.444013880170084585e-01 1.128886492669338992e-01
2.189172261104304351e-01 -9.342774358408793001e-01 9.701566829658744839e-02
2.172271067619319651e-01 -9.239916061863243657e-01 8.149280619063421771e-02
2.155500357397937827e-01 -9.135531404076674411e-01 6.631971527351378237e-02
2.138859123062655798e-01 -9.029711354337005558e-01 5.149581820502713986e-02
2.122346365013287051e-01 -8.922545407385716887e-01 3.702031615377258250e-02
2.105961091366914395e-01 -8.814121555778838824e-01 2.289219686387155075e-02
2.089702317898312622e-01 -8.704526264811994762e-01 9.110242611058616199e-03
2.073569067980828573e-01 -8.593844449922730666e-01 -4.326961955493745585e-03
2.057560372527714732e-01 -8.482159456484639204e-01 -1.742102208891854395e-02
2.041675269933922454e-01 -8.369553041909111313e-01 -3.017372534096321446e-02
2.025912806018335399e-01 -8.256105359971774860e-01 -4.258703408159442844e-02
2.010272033966458705e-01 -8.141894947282439787e-01 -5.466307814432472961e-02
1.994752014273544760e-01 -8.026998711818348342e-01 -6.640414759944859857e-02
1.979351814688158073e-01 -7.911491923442363072e-01 -7.781268565710763863e-02
1.964070510156177285e-01 -7.795448206329042007e-01 -8.889128170186356981e-02
1.948907182765231560e-01 -7.678939533223131386e-01 -9.964266446022551627e-02
1.933860921689560808e-01 -7.562036221456435170e-01 -1.100696953023680147e-01
1.918930823135307495e-01 -7.444806930650779142e-01 -1.201753616790440932e-01
1.904115990286224525e-01 -7.327318662036051977e-01 -1.299627706945170880e-01
1.889415533249807211e-01 -7.209636759314171917e-01 -1.394351428161300366e-01
1.874828569003840761e-01 -7.091824911001197718e-01 -1.485958057209494643e-01
1.860354221343357151e-01 -6.973945154181422357e-01 -1.574481882797604260e-01
1.845991620828005553e-01 -6.856057879608922212e-01 -1.659958146785013022e-01
1.831739904729823565e-01 -6.738221838093546578e-01 -1.742422986770973958e-01
1.817598216981418657e-01 -6.620494148109957733e-01 -1.821913380054776821e-01
1.803565708124546529e-01 -6.502930304569838338e-01 -1.898467088964419791e-01
1.789641535259081928e-01 -6.385584188698942842e-01 -1.972122607548996986e-01
1.775824861992392756e-01 -6.268508078962323760e-01 -2.042919109628763552e-01
1.762114858389095262e-01 -6.151752662982422626e-01 -2.110896398195779844e-01
1.748510700921205030e-01 -6.035367050396428512e-01 -2.176094856156742530e-01
1.735011572418668768e-01 -5.919398786600663653e-01 -2.238555398408751118e-01
1.721616662020278021e-01 -5.803893867331302303e-01 -2.298319425237668190e-01
1.708325165124963130e-01 -5.688896754032306546e-01 -2.355428777027835097e-01
1.695136283343462724e-01 -5.574450389962730679e-01 -2.409925690271087773e-01
1.682049224450365976e-01 -5.460596216997152252e-01 -2.461852754862176584e-01
1.669063202336527052e-01 -5.347374193074370119e-01 -2.511252872666974723e-01
1.656177436961842886e-01 -5.234822810250825409e-01 -2.558169217349177682e-01
1.643391154308399549e-01 -5.122979113316732391e-01 -2.602645195440532744e-01
1.630703586333978605e-01 -5.011878718934141830e-01 -2.644724408639068658e-01
1.618113970925921796e-01 -4.901555835257579985e-01 -2.684450617319274479e-01
1.605621551855355433e-01 -4.792043281999153193e-01 -2.721867705237622226e-01
1.593225578731760350e-01 -4.683372510901345764e-01 -2.757019645416463605e-01
1.580925306957903786e-01 -4.575573626582074560e-01 -2.789950467188825889e-01
1.568719997685107947e-01 -4.468675407717573322e-01 -2.820704224386341163e-01
1.556608917768872169e-01 -4.362705328530261384e-01 -2.849324964652192871e-01
1.544591339724834811e-01 -4.257689580549589570e-01 -2.875856699860608323e-01
1.532666541685071271e-01 -4.153653094615265551e-01 -2.900343377624282071e-01
1.520833807354738665e-01 -4.050619563093371678e-01 -2.922828853870775845e-01
1.509092425969044693e-01 -3.948611462276849782e-01 -2.943356866468809785e-01
1.497441692250556511e-01 -3.847650074943206322e-01 -2.961971009885200345e-01
1.485880906366835175e-01 -3.747755513043091735e-01 -2.978714710853009873e-01
1.474409373888398711e-01 -3.648946740494655727e-01 -2.993631205031443421e-01
1.463026405747009928e-01 -3.551241596059467875e-01 -3.006763514637859069e-01
1.451731318194284248e-01 -3.454656816276902576e-01 -3.018154427032300191e-01
1.440523432760620060e-01 -3.359208058434788868e-01 -3.027846474234835994e-01
1.429402076214443262e-01 -3.264909923555096571e-01 -3.035881913356031636e-01
1.418366580521768783e-01 -3.171775979374387711e-01 -3.042302707920889193e-01
1.407416282806073504e-01 -3.079818783299628215e-01 -3.047150510066591322e-01
1.396550525308478119e-01 -2.989049905320840805e-01 -3.050466643594474947e-01
1.385768655348235956e-01 -2.899479950862942634e-01 -3.052292087856687264e-01
1.375070025283531838e-01 -2.811118583560006101e-01 -3.052667462458092396e-01
1.364453992472575150e-01 -2.723974547935812951e-01 -3.051633012754088048e-01
1.353919919235000990e-01 -2.638055691975611516e-01 -3.049228596125095336e-01
1.343467172813565258e-01 -2.553368989574507641e-01 -3.045493669008631499e-01
1.333095125336135334e-01 -2.469920562848852141e-01 -3.040467274669995668e-01
1.322803153777976359e-01 -2.387715704297587171e-01 -3.034188031692788834e-01
1.312590639924328395e-01 -2.306758898801290480e-01 -3.026694123170609041e-01
1.302456970333270847e-01 -2.227053845447261038e-01 -3.018023286581467124e-01
1.292401536298872222e-01 -2.148603479169715336e-01 -3.008212804326656498e-01
1.282423733814631317e-01 -2.071409992194803151e-01 -2.997299494915998674e-01
1.272522963537191520e-01 -1.995474855280661708e-01 -2.985319704781579930e-01
1.262698630750342110e-01 -1.920798838743505987e-01 -2.972309300702320467e-01
1.252950145329295162e-01 -1.847382033261142642e-01 -2.958303662821946123e-01
1.243276921705235571e-01 -1.775223870445976349e-01 -2.943337678243127531e-01
1.233678378830151134e-01 -1.704323143180124234e-01 -2.927445735180797537e-01
1.224153940141926300e-01 -1.634678025705642024e-01 -2.910661717657928582e-01
1.214703033529713344e-01 -1.566286093463576667e-01 -2.893019000727218848e-01
1.205325091299563056e-01 -1.499144342675833019e-01 -2.874550446202459586e-01
1.196019550140328402e-01 -1.433249209664505808e-01 -2.855288398883560341e-01
1.186785851089826038e-01 -1.368596589903626759e-01 -2.835264683259473006e-01
1.177623439501259139e-01 -1.305181856798790507e-01 -2.814510600673514329e-01
1.168531765009904605e-01 -1.242999880190592682e-01 -2.793056926935852391e-01
1.159510281500050338e-01 -1.182045044578052262e-01 -2.770933910368167385e-01
1.150558447072194124e-01 -1.122311267058801465e-01 -2.748171270265779009e-01
1.141675724010492027e-01 -1.063792014983005879e-01 -2.724798195762779818e-01
1.132861578750458120e-01 -1.006480323318456604e-01 -2.700843345085994218e-01
1.124115481846915121e-01 -9.503688117245881473e-02 -2.676334845183839795e-01
1.115436907942192885e-01 -8.954497013335135924e-02 -2.651300291716445212e-01
1.106825335734570315e-01 -8.417148312364583496e-02 -2.625766749393623756e-01
1.098280247946962496e-01 -7.891556746743429163e-02 -2.599760752647606865e-01
1.089801131295848047e-01 -7.377633549314764616e-02 -2.573308306627659081e-01
1.081387476460437674e-01 -6.875286609317089737e-02 -2.546434888504009453e-01
1.073038778052082393e-01 -6.384420625365598567e-02 -2.519165449068784257e-01
1.064754534583913503e-01 -5.904937255451316036e-02 -2.491524414621853478e-01
1.056534248440721274e-01 -5.436735263959209530e-02 -2.463535689129833228e-01
1.048377425849062461e-01 -4.979710665707590828e-02 -2.435222656646686135e-01
1.040283576847601393e-01 -4.533756867014710618e-02 -2.406608183984670357e-01
1.032252215257680600e-01 -4.098764803799538614e-02 -2.377714623624613277e-01
1.024282858654115003e-01 -3.674623076726014209e-02 -2.348563816854746245e-01
1.016375028336215375e-01 -3.261218083402520757e-02 -2.319177097127609055e-01
1.008528249299032176e-01 -2.858434147649426688e-02 -2.289575293624759311e-01
1.000742050204824068e-01 -2.466153645849831696e-02 -2.259778735019303819e-01
9.930159633547468168e-02 -2.084257130400142197e-02 -2.229807253426485392e-01
9.853495246607579805e-02 -1.712623450278437376e-02 -2.199680188532805725e-01
9.777422736177415752e-02 -1.351129868750569445e-02 -2.169416391894428142e-01
9.701937532758450611e-02 -9.996521782348631591e-03 -2.139034231395829377e-01
9.627035102130324096e-02 -6.580648123480440856e-03 -2.108551595859897154e-01
9.552710945078489446e-02 -3.262409551559194553e-03 -2.077985899800921243e-01
9.478960597123935183e-02 -4.052647653525982477e-05 -2.047354088312134668e-01
9.405779628255032943e-02 3.086291084988444788e-03 -2.016672642079715416e-01
9.333163642661433668e-02 6.119342499573647044e-03 -1.985957582515351094e-01
9.261108278470005228e-02 9.059935533656939682e-03 -1.955224476999710970e-01
9.189609207482846154e-02 1.190938539686552285e-02 -1.924488444229394413e-01
9.118662134917292217e-02 1.466901381164336521e-02 -1.893764159660104585e-01
9.048262799147945012e-02 1.734014810887968619e-02 -1.863065861039038262e-01
8.978406971450655916e-02 1.992412034923100178e-02 -1.832407354019669476e-01
8.909090455748562565e-02 2.242226646981299726e-02 -1.801802017852354443e-01
8.840309088360016887e-02 2.483592545594217812e-02 -1.771262811144290739e-01
8.772058737748469892e-02 2.716643853759429308e-02 -1.740802277682659549e-01
8.704335304274325724e-02 2.941514841024211666e-02 -1.710432552314934962e-01
8.637134719948676154e-02 3.158339847973470199e-02 -1.680165366880503053e-01
8.570452948188926612e-02 3.367253213087197800e-02 -1.650012056187969145e-01
8.504285983576360952e-02 3.568389201932618826e-02 -1.619983564032706491e-01
8.438629851615531141e-02 3.761881938655815133e-02 -1.590090449249338955e-01
8.373480608495496857e-02 3.947865339737521850e-02 -1.560342891794060105e-01
8.308834340852966349e-02 4.126473049977040508e-02 -1.530750698851897906e-01
8.244687165537213647e-02 4.297838380668672631e-02 -1.501323310964110258e-01
8.181035229376824869e-02 4.462094249934333429e-02 -1.472069808171146410e-01
8.117874708948237539e-02 4.619373125176221007e-02 -1.442998916166736145e-01
8.055201810346102054e-02 4.769806967612970350e-02 -1.414119012458849856e-01
7.993012768955373715e-02 4.913527178863117545e-02 -1.385438132533381717e-01
7.931303849225172786e-02 5.050664549539140430e-02 -1.356963976016611340e-01
7.870071344444423689e-02 5.181349209815668683e-02 -1.328703912832641110e-01
7.809311576519178955e-02 5.305710581935416809e-02 -1.300664989352105783e-01
7.749020895751690396e-02 5.423877334616198503e-02 -1.272853934528662689e-01
7.689195680621190021e-02 5.535977339322790958e-02 -1.245277166019860965e-01
7.629832337566344602e-02 5.642137628367254604e-02 -1.217940796289130045e-01
7.570927300769401957e-02 5.742484354801517116e-02 -1.190850638685794910e-01
7.512477031941991457e-02 5.837142754066162315e-02 -1.164012213500100063e-01
7.454478020112603742e-02 5.926237107359436096e-02 -1.137430753990420762e-01
7.396926781415688601e-02 6.009890706690816653e-02 -1.111111212379887053e-01
7.339819858882373760e-02 6.088225821583550385e-02 -1.085058265819823786e-01
7.283153822232828201e-02 6.161363667390788723e-02 -1.059276322317516117e-01
7.226925267670218644e-02 6.229424375190222019e-02 -1.033769526625914481e-01
7.171130817676225899e-02 6.292526963222341840e-02 -1.008541766092980185e-01
7.115767120808194623e-02 6.350789309837731600e-02 -9.835966764685702413e-02
7.060830851497799932e-02 6.404328127918969271e-02 -9.589376476667461902e-02
7.006318709851298843e-02 6.453258940743161753e-02 -9.345678294815980280e-02
6.952227421451302736e-02 6.497696059251324707e-02 -9.104901372547069549e-02
6.898553737160102728e-02 6.537752560691101333e-02 -8.867072574925237427e-02
6.845294432924500794e-02 6.573540268599775693e-02 -8.632216534319779588e-02
6.792446309582127195e-02 6.605169734094740175e-02 -8.400355705527624839e-02
6.740006192669303897e-02 6.632750218438933365e-02 -8.171510420348535031e-02
6.687970932230351273e-02 6.656389676849196191e-02 -7.945698941598274001e-02
6.636337402628364468e-02 6.676194743515787011e-02 -7.722937516547127845e-02
6.585102502357481624e-02 6.692270717801633573e-02 -7.503240429771595998e-02
6.534263153856574580e-02 6.704721551590346607e-02 -7.286620055407729002e-02
6.483816303324391184e-02 6.713649837752416749e-02 -7.073086908795694905e-02
6.433758920536110371e-02 6.719156799699241289e-02 -6.862649697505648905e-02
6.384087998661343299e-02 6.721342281995275336e-02 -6.655315371736025831e-02
6.334800554083495905e-02 6.720304741998706088e-02 -6.451089174075579080e-02
6.285893626220566410e-02 6.716141242501773301e-02 -6.249974688621819791e-02
6.237364277347311192e-02 6.708947445341939542e-02 -6.051973889448702959e-02
6.189209592418772748e-02 6.698817605955760535e-02 -5.857087188417157281e-02
6.141426678895180874e-02 6.685844568847647273e-02 -5.665313482322858335e-02
6.094012666568213860e-02 6.670119763946041891e-02 -5.476650199376139477e-02
6.046964707388582244e-02 6.651733203820117679e-02 -5.291093345009394155e-02
6.000279975294960794e-02 6.630773481730359298e-02 -5.108637547008163665e-02
5.953955666044222217e-02 6.607327770486901009e-02 -4.929276099962384000e-02
5.907988997043002455e-02 6.581481822089930989e-02 -4.753001009035054403e-02
5.862377207180559380e-02 6.553319968126780637e-02 -4.579803033045915656e-02
5.817117556662905475e-02 6.522925120900938123e-02 -4.409671726868175795e-02
5.772207326848250580e-02 6.490378775268416944e-02 -4.242595483137151513e-02
5.727643820083693632e-02 6.455761011157534757e-02 -4.078561573269670615e-02
5.683424359543169657e-02 6.419150496748407542e-02 -3.917556187793839323e-02
5.639546289066678375e-02 6.380624492289087291e-02 -3.759564475989266713e-02
5.596006973000725027e-02 6.340258854525496202e-02 -3.604570584837903796e-02
5.552803796039998407e-02 6.298128041722808601e-02 -3.452557697286370852e-02
5.509934163070279861e-02 6.254305119256424461e-02 -3.303508069820961651e-02
5.467395499012570742e-02 6.208861765750981615e-02 -3.157403069356796294e-02
5.425185248668391164e-02 6.161868279746290228e-02 -3.014223209442909793e-02
5.383300876566318033e-02 6.113393586869592111e-02 -2.873948185785677942e-02
5.341739866809672166e-02 6.063505247493777839e-02 -2.736556911092913325e-02
5.300499722925398893e-02 6.012269464861812185e-02 -2.602027549241604093e-02
5.259577967714102603e-02 5.959751093657785631e-02 -2.470337548772344807e-02
5.218972143101260897e-02 5.906013649005698724e-02 -2.341463675714017256e-02
5.178679809989569782e-02 5.851119315877184590e-02 -2.215382045742255585e-02
5.138698548112413667e-02 5.795128958889979309e-02 -2.092068155675711957e-02
5.099025955888516343e-02 5.738102132479346029e-02 -1.971496914314472756e-02
5.059659650277666815e-02 5.680097091424875233e-02 -1.853642672624819521e-02
5.020597266637571304e-02 5.621170801715616450e-02 -1.738479253275146755e-02
4.981836458581825194e-02 5.561378951736908882e-02 -1.625979979527966690e-02
4.943374897838967441e-02 5.500775963762510878e-02 -1.516117703492943572e-02
4.905210274112627167e-02 5.439415005736139563e-02 -1.408864833746354024e-02
4.867340294942740925e-02 5.377348003326812981e-02 -1.304193362322352868e-02
4.829762685567867697e-02 5.314625652242861709e-02 -1.202074891081789804e-02
4.792475188788532237e-02 5.251297430789687165e-02 -1.102480657464219652e-02
4.755475564831647406e-02 5.187411612656861459e-02 -1.005381559629205113e-02
4.718761591215978740e-02 5.123015279920416221e-02 -9.107481809929401928e-03
4.682331062618644291e-02 5.058154336246577232e-02 -8.185508141664223081e-03
4.646181790742637957e-02 4.992873520283456351e-02 -7.287594843015396742e-03
4.610311604185394346e-02 4.927216419227743033e-02 -6.413439718516198741e-03
4.574718348308352833e-02 4.861225482553533511e-02 -5.562738347529230451e-03
4.539399885107534005e-02 4.794942035890980420e-02 -4.735184300338663582e-03
4.504354093085113225e-02 4.728406295042617002e-02 -3.930469348587112971e-03
4.469578867121985072e-02 4.661657380125663191e-02 -3.148283670126467756e-03
4.435072118351325587e-02 4.594733329828878943e-02 -2.388316048352080289e-03
4.400831774033100996e-02 4.527671115772773092e-02 -1.650254066090198288e-03
4.366855777429580476e-02 4.460506656962494321e-02 -9.337842941107395633e-04
4.333142087681782217e-02 4.393274834322764139e-02 -2.385924743360148381e-04
4.299688679686881898e-02 4.326009505304774516e-02 4.356363021819384764e-04
4.266493543976580122e-02 4.258743518555098417e-02 1.089217422442397215e-03
4.233554686596388561e-02 4.191508728636991060e-02 1.722466583762991693e-03
4.200870128985866037e-02 4.124336010794823343e-02 2.335699631058585270e-03
4.168437907859755265e-02 4.057255275752515156e-02 2.929232399058843191e-03
4.136256075090074397e-02 3.990295484537370596e-02 3.503380559389339486e-03
4.104322697589085633e-02 3.923484663320658122e-02 4.058459472443273243e-03
4.072635857193174919e-02 3.856849918266811589e-02 4.594784043968497440e-03
4.041193650547642707e-02 3.790417450383339049e-02 5.112668586295235351e-03
4.009994188992369729e-02 3.724212570363672620e-02 5.612426684130416600e-03
3.979035598448363298e-02 3.658259713415556308e-02 6.094371064843647282e-03
3.948316019305197350e-02 3.592582454067830972e-02 6.558813473169953882e-03
3.917833606309304578e-02 3.527203520948619941e-02 7.006064550255249566e-03
3.887586528453125523e-02 3.462144811528222732e-02 7.436433716969882875e-03
3.857572968865145835e-02 3.397427406820362206e-02 7.850229061415373022e-03
3.827791124700745395e-02 3.333071586035408346e-02 8.247757230551199317e-03
3.798239207033912018e-02 3.269096841179695151e-02 8.629323325866841699e-03
3.768915440749776025e-02 3.205521891595099204e-02 8.995230803025890468e-03
3.739818064437998302e-02 3.142364698433397496e-02 9.345781375408404937e-03
3.710945330286954252e-02 3.079642479059966492e-02 9.681274921478806583e-03
3.682295503978748330e-02 3.017371721381766417e-02 1.000200939590635725e-02
3.653866864585045976e-02 2.955568198094700103e-02 1.030828074436565024e-02
3.625657704463689651e-02 2.894246980845555095e-02 1.060038282194555523e-02
3.597666329156131576e-02 2.833422454304087429e-02 1.087860731509459472e-02
3.569891057285653341e-02 2.773108330140877653e-02 1.114324366703181406e-02
3.542330220456364059e-02 2.713317660906812076e-02 1.139457900655254860e-02
3.514982163152989558e-02 2.654062853810290265e-02 1.163289808015884920e-02
3.487845242641421373e-02 2.595355684388292450e-02 1.185848318744485604e-02
3.460917828870049145e-02 2.537207310067845015e-02 1.207161411966808408e-02
3.434198304371845895e-02 2.479628283614332407e-02 1.227256810143808989e-02
3.407685064167206845e-02 2.422628566463481958e-02 1.246161973545451343e-02
3.381376515667542521e-02 2.366217541933906751e-02 1.263904095022700368e-02
3.355271078579622618e-02 2.310404028317315089e-02 1.280510095071041472e-02
3.329367184810640840e-02 2.255196291843543713e-02 1.296006617178908395e-02
3.303663278374032591e-02 2.200602059517911199e-02 1.310420023454453124e-02
3.278157815296004612e-02 2.146628531828311329e-02 1.323776390524191056e-02
3.252849263522796658e-02 2.093282395319830819e-02 1.336101505697094224e-02
3.227736102828646786e-02 2.040569835034635598e-02 1.347420863387780061e-02
3.202816824724483841e-02 1.988496546815170241e-02 1.357759661792511466e-02
3.178089932367314518e-02 1.937067749468699210e-02 1.367142799811806031e-02
3.153553940470300854e-02 1.886288196791448615e-02 1.375594874213508650e-02
3.129207375213559350e-02 1.836162189450761886e-02 1.383140177030246949e-02
3.105048774155621735e-02 1.786693586723662325e-02 1.389802693185296367e-02
3.081076686145587176e-02 1.737885818090497900e-02 1.395606098340916243e-02
3.057289671235963527e-02 1.689741894682398465e-02 1.400573756963312613e-02
3.033686300596168117e-02 1.642264420581349138e-02 1.404728720598463591e-02
3.010265156426701616e-02 1.595455603971864672e-02 1.408093726353091234e-02
2.987024831873982128e-02 1.549317268143326869e-02 1.410691195575188364e-02
2.963963930945844386e-02 1.503850862342161719e-02 1.412543232728523217e-02
2.941081068427680092e-02 1.459057472473106534e-02 1.413671624455684582e-02
2.918374869799232607e-02 1.414937831648970315e-02 1.414097838824255812e-02
2.895843971152036941e-02 1.371492330588354285e-02 1.413843024750818279e-02
2.873487019107488424e-02 1.328721027860875481e-02 1.412928011597546635e-02
2.851302670735547662e-02 1.286623659979573703e-02 1.411373308936240967e-02
2.829289593474077977e-02 1.245199651340254607e-02 1.409199106474715198e-02
2.807446465048799369e-02 1.204448124007569641e-02 1.406425274140546064e-02
2.785771973393862816e-02 1.164367907347775566e-02 1.403071362317261615e-02
2.764264816573035882e-02 1.124957547508152224e-02 1.399156602228122936e-02
2.742923702701499308e-02 1.086215316743165821e-02 1.394699906462745082e-02
2.721747349868250399e-02 1.048139222587518744e-02 1.389719869641854212e-02
2.700734486059093789e-02 1.010727016876288541e-02 1.384234769215595025e-02
2.679883849080243186e-02 9.739762046124927561e-03 1.378262566390842103e-02
2.659194186482499375e-02 9.378840526823846099e-03 1.371820907183071876e-02
2.638664255486015964e-02 9.024475984189381586e-03 1.364927123588416912e-02
2.618292822905655265e-02 8.676636580140105817e-03 1.357598234871615177e-02
2.598078665076909016e-02 8.335288347797063443e-03 1.349850948965620502e-02
2.578020567782399880e-02 8.000395272595718990e-03 1.341701663978748030e-02
2.558117326178935974e-02 7.671919371902598261e-03 1.333166469805271113e-02
2.538367744725153127e-02 7.349820773144281200e-03 1.324261149835496802e-02
2.518770637109692817e-02 7.034057790455766623e-03 1.315001182761396312e-02
2.499324826179942158e-02 6.724586999856831289e-03 1.305401744473946683e-02
2.480029143871330735e-02 6.421363312965060362e-03 1.295477710048434719e-02
2.460882431137165205e-02 6.124340049254469245e-03 1.285243655814015395e-02
2.441883537879003738e-02 5.833469006869325402e-03 1.274713861503920000e-02
2.423031322877579677e-02 5.548700532003424113e-03 1.263902312482768908e-02
2.404324653724248390e-02 5.269983586854800651e-03 1.252822702047517132e-02
2.385762406752960085e-02 4.997265816166857923e-03 1.241488433798626848e-02
2.367343466972773522e-02 4.730493612367264213e-03 1.229912624078163472e-02
2.349066728000876250e-02 4.469612179315644342e-03 1.218108104471528515e-02
2.330931091996127705e-02 4.214565594672267136e-03 1.206087424369670438e-02
2.312935469593110221e-02 3.965296870899625084e-03 1.193862853588635760e-02
2.295078779836700472e-02 3.721748014909639045e-03 1.181446385043440073e-02
2.277359950117136336e-02 3.483860086368813225e-03 1.168849737473249759e-02
2.259777916105583026e-02 3.251573254674602377e-03 1.156084358214989026e-02
2.242331621690209914e-02 3.024826854616231939e-03 1.143161426022517441e-02
2.225020018912744410e-02 2.803559440733230466e-03 1.130091853928599614e-02
2.207842067905527519e-02 2.587708840385616327e-03 1.116886292146961231e-02
2.190796736829051655e-02 2.377212205549532331e-03 1.103555131011783180e-02
2.173883001809979662e-02 2.172006063352401213e-03 1.090108503952042993e-02
2.157099846879643318e-02 1.972026365361975037e-03 1.076556290498201750e-02
2.140446263913014374e-02 1.777208535643618392e-03 1.062908119318755479e-02
2.123921252568151952e-02 1.587487517600651632e-03 1.049173371284283646e-02
2.107523820226114494e-02 1.402797819612226727e-03 1.035361182556640558e-02
2.091252981931331079e-02 1.223073559483822854e-03 1.021480447701023260e-02
2.075107760332440751e-02 1.048248507725320659e-03 1.007539822818704148e-02
2.059087185623587751e-02 8.782561296718036786e-04 9.935477286982751649e-03
2.043190295486161170e-02 7.130296264621643768e-04 9.795123539832957180e-03
2.027416135030996741e-02 5.525019748910575852e-04 9.654416583543209279e-03
2.011763756741015083e-02 3.966059661493379573e-04 9.513433757233138999e-03
1.996232220414309588e-02 2.452742434686366055e-04 9.372250174385187219e-03
1.980820593107665561e-02 9.843933868537988244e-05 9.230938754979234676e-03
1.965527949080526568e-02 -4.396629225994909651e-05 9.089570257694946920e-03
1.950353369739386139e-02 -1.820102348729465047e-04 8.948213312164148697e-03
1.935295943582602402e-02 -3.157600826891311489e-04 8.806934451256033178e-03
1.920354766145658185e-02 -4.452834048756748012e-04 8.665798143378845853e-03
1.905528939946825318e-02 -5.706477148356735914e-04 8.524866824781599656e-03
1.890817574433252893e-02 -6.919204397990905402e-04 8.384200931840420437e-03
1.876219785927479844e-02 -8.091688913847204599e-04 8.243858933314413343e-03
1.861734697574349978e-02 -9.224602371176354775e-04 8.103897362556296280e-03
1.847361439288344037e-02 -1.031861472886405184e-03 7.964370849663801252e-03
1.833099147701311785e-02 -1.137439396324550506e-03 7.825332153557979648e-03
1.818946966110617652e-02 -1.239260581100557054e-03 7.686832193975402794e-03
1.804904044427673576e-02 -1.337391352101095082e-03 7.548920083361242150e-03
1.790969539126883656e-02 -1.431897761491761909e-03 7.411643158651157193e-03
1.777142613194966289e-02 -1.522845565640154174e-03 7.275047012929789815e-03
1.763422436080686745e-02 -1.610300202885602905e-03 7.139175526954798581e-03
1.749808183644960616e-02 -1.694326772140581413e-03 7.004070900534957629e-03
1.736299038111353832e-02 -1.774990012308313818e-03 6.869773683752037653e-03
1.722894188016958067e-02 -1.852354282501533734e-03 6.736322808016028535e-03
1.709592828163649172e-02 -1.926483543047267629e-03 6.603755616943990034e-03
1.696394159569722740e-02 -1.997441337262674359e-03 6.472107897053077166e-03
1.683297389421893608e-02 -2.065290773987033326e-03 6.341413908258545368e-03
1.670301731027684991e-02 -2.130094510854995803e-03 6.211706414168379278e-03
1.657406403768166281e-02 -2.191914738296495222e-03 6.083016712165845510e-03
1.644610633051060700e-02 -2.250813164248655854e-03 5.955374663272224728e-03
1.631913650264225218e-02 -2.306850999565110416e-03 5.828808721782212550e-03
1.619314692729476382e-02 -2.360088944108494711e-03 5.703345964664490939e-03
1.606813003656779038e-02 -2.410587173511694221e-03 5.579012120720721127e-03
1.594407832098788599e-02 -2.458405326593740645e-03 5.455831599496347058e-03
1.582098432905743729e-02 -2.503602493416309718e-03 5.333827519936917491e-03
1.569884066680701795e-02 -2.546237203966906972e-03 5.213021738783941116e-03
1.557763999735133596e-02 -2.586367417454876663e-03 5.093434878704813755e-03
1.545737504044846465e-02 -2.624050512206707337e-03 4.975086356151244005e-03
1.533803857206256401e-02 -2.659343276146935390e-03 4.857994408941311397e-03
1.521962342392989970e-02 -2.692301897851420624e-03 4.742176123560308543e-03
1.510212248312833502e-02 -2.722981958159550152e-03 4.627647462176046056e-03
1.498552869165002688e-02 -2.751438422332409643e-03 4.514423289364223602e-03
1.486983504597748189e-02 -2.777725632743851224e-03 4.402517398540115728e-03
1.475503459666287730e-02 -2.801897302091631899e-03 4.291942538092839363e-03
1.464112044791057894e-02 -2.824006507115966406e-03 4.182710437218789025e-03
1.452808575716300031e-02 -2.844105682812876536e-03 4.074831831451192730e-03
1.441592373468953726e-02 -2.862246617130029952e-03 3.968316487882728519e-03
1.430462764317873628e-02 -2.878480446132745865e-03 3.863173230078643765e-03
1.419419079733361296e-02 -2.892857649628096089e-03 3.759409962677904855e-03
1.408460656347002883e-02 -2.905428047235173936e-03 3.657033695680109078e-03
1.397586835911830173e-02 -2.916240794889687123e-03 3.556050568416346380e-03
1.386796965262775821e-02 -2.925344381771307137e-03 3.456465873201977450e-03
1.376090396277441716e-02 -2.932786627642223077e-03 3.358284078669955541e-03
1.365466485837163110e-02 -2.938614680585611288e-03 3.261508852783193656e-03
1.354924595788385179e-02 -2.942875015132844808e-03 3.166143085524976593e-03
1.344464092904325975e-02 -2.945613430768414566e-03 3.072188911266203123e-03
1.334084348846940535e-02 -2.946875050801711637e-03 2.979647730808846796e-03
1.323784740129178850e-02 -2.946704321594981191e-03 2.888520233104951030e-03
1.313564648077535091e-02 -2.945145012136887123e-03 2.798806416650730013e-03
1.303423458794881161e-02 -2.942240213951323718e-03 2.710505610555446684e-03
1.293360563123597748e-02 -2.938032341331234254e-03 2.623616495285128070e-03
1.283375356608980507e-02 -2.932563131887378632e-03 2.538137123080955355e-03
1.273467239462928134e-02 -2.925873647402137383e-03 2.454064938052652207e-03
1.263635616527922050e-02 -2.918004274978615916e-03 2.371396795947303300e-03
1.253879897241271142e-02 -2.908994728475429101e-03 2.290128983593917034e-03
1.244199495599639972e-02 -2.898884050217769189e-03 2.210257238024544279e-03
1.234593830123848629e-02 -2.887710612975444638e-03 2.131776765272642288e-03
1.225062323823944248e-02 -2.875512122198799463e-03 2.054682258849626145e-03
1.215604404164544530e-02 -2.862325618503538081e-03 1.978967917900645128e-03
1.206219503030441474e-02 -2.848187480395637187e-03 1.904627465040685747e-03
1.196907056692483699e-02 -2.833133427227738262e-03 1.831654163872421109e-03
1.187666505773710135e-02 -2.817198522378455954e-03 1.760040836187009867e-03
1.178497295215747212e-02 -2.800417176646324662e-03 1.689779878849446753e-03
1.169398874245473723e-02 -2.782823151850163327e-03 1.620863280370115744e-03
1.160370696341933051e-02 -2.764449564627827552e-03 1.553282637164124427e-03
1.151412219203506136e-02 -2.745328890425464269e-03 1.487029169500311962e-03
1.142522904715336310e-02 -2.725492967669543385e-03 1.422093737141804986e-03
1.133702218917006198e-02 -2.704973002114080885e-03 1.358466854680096675e-03
1.124949631970465456e-02 -2.683799571355617499e-03 1.296138706564736471e-03
1.116264618128199812e-02 -2.662002629508657559e-03 1.235099161830733195e-03
1.107646655701656664e-02 -2.639611512034455675e-03 1.175337788526015573e-03
1.099095227029906439e-02 -2.616654940716142078e-03 1.116843867841120323e-03
1.090609818448543683e-02 -2.593161028773314104e-03 1.059606407943549647e-03
1.082189920258839512e-02 -2.569157286109452834e-03 1.003614157519302835e-03
1.073835026697120103e-02 -2.544670624685533514e-03 9.488556190239695294e-04
1.065544635904388908e-02 -2.519727364013450710e-03 8.953190616460577223e-04
1.057318249896179937e-02 -2.494353236762955096e-03 8.429925339851393994e-04
1.049155374532645749e-02 -2.468573394475989148e-03 7.918638764475275814e-04
1.041055519488876327e-02 -2.442412413382372745e-03 7.419207333622075207e-04
1.033018198225442615e-02 -2.415894300310993982e-03 6.931505648197931659e-04
1.025042927959177175e-02 -2.389042498690787091e-03 6.455406582374265904e-04
1.017129229634170830e-02 -2.361879894635852701e-03 5.990781396523890039e-04
1.009276627892995506e-02 -2.334428823109273819e-03 5.537499847474033855e-04
1.001484651048154678e-02 -2.306711074160299781e-03 5.095430296106297002e-04
9.937528310537478704e-03 -2.278747899229659722e-03 4.664439812332531578e-04
9.860807034773558244e-03 -2.250560017517929355e-03 4.244394277477689338e-04
9.784678074721444088e-03 -2.222167622412011406e-03 3.835158484099991183e-04
9.709136857491817291e-03 -2.193590387964863397e-03 3.436596233279272622e-04
9.634178845499708627e-03 -2.164847475423794208e-03 3.048570429404787673e-04
9.559799536191907615e-03 -2.135957539802696425e-03 2.670943172493522779e-04
9.485994461776546885e-03 -2.106938736493815193e-03 2.303575848071347286e-04
9.412759188954714432e-03 -2.077808727914612699e-03 1.946329214647898908e-04
9.340089318654128461e-03 -2.048584690185553669e-03 1.599063488817647290e-04
9.267980485764942475e-03 -2.019283319834690605e-03 1.261638428019568774e-04
9.196428358877520998e-03 -1.989920840525003821e-03 9.339134109869718053e-05
9.125428640022237997e-03 -1.960513009800624821e-03 6.157475159202254985e-05
9.054977064411355234e-03 -1.931075125848180380e-03 3.069995964151729786e-05
8.985069400182814012e-03 -1.901622034269528786e-03 7.528355179053674715e-07
8.915701448146047883e-03 -1.872168134862374966e-03 -2.828075844328997712e-05
8.846869041529738242e-03 -1.842727388405249319e-03 -5.641496090277836579e-05
8.778568045731540564e-03 -1.813313323443550579e-03 -8.366390478995682607e-05
8.710794358069724047e-03 -1.783939043073333322e-03 -1.100417107835165024e-04
8.643543907536707302e-03 -1.754617231719725638e-03 -1.355624809969545471e-04
8.576812654554564694e-03 -1.725360161906925368e-03 -1.602402928656819795e-04
8.510596590732355873e-03 -1.696179701016774059e-03 -1.840891932325291721e-04
8.444891738625349628e-03 -1.667087318033090354e-03 -2.071231926283494443e-04
8.379694151496114296e-03 -1.638094090268967526e-03 -2.293562597444905146e-04
8.314999913077440047e-03 -1.609210710074371938e-03 -2.508023160938933579e-04
8.250805137337112113e-03 -1.580447491521462869e-03 -2.714752308575851900e-04
8.187105968244460380e-03 -1.551814377065108188e-03 -2.913888159133588580e-04
8.123898579538752981e-03 -1.523320944176242281e-03 -3.105568210434112909e-04
8.061179174499373198e-03 -1.494976411945706353e-03 -3.289929293177563312e-04
7.998943985717738014e-03 -1.466789647656340260e-03 -3.467107526502464544e-04
7.937189274871012112e-03 -1.438769173321194318e-03 -3.637238275240147942e-04
7.875911332497553125e-03 -1.410923172185776613e-03 -3.800456108831991395e-04
7.815106477774070790e-03 -1.383259495192341740e-03 -3.956894761878259996e-04
7.754771058294569405e-03 -1.355785667404351596e-03 -4.106687096287128260e-04
7.694901449850927860e-03 -1.328508894389211076e-03 -4.249965064993320267e-04
7.635494056215209185e-03 -1.301436068557579534e-03 -4.386859677215351945e-04
7.576545308923643245e-03 -1.274573775457546031e-03 -4.517500965220940315e-04
7.518051667062277364e-03 -1.247928300022072218e-03 -4.642017952570270294e-04
7.460009617054288826e-03 -1.221505632768159601e-03 -4.760538623806985807e-04
7.402415672448906317e-03 -1.195311475946266456e-03 -4.873189895567167185e-04
7.345266373712026203e-03 -1.169351249638612197e-03 -4.980097589076444044e-04
7.288558288018378781e-03 -1.143630097804979040e-03 -5.081386404006153421e-04
7.232288009045334705e-03 -1.118152894274794485e-03 -5.177179893659228501e-04
7.176452156768296960e-03 -1.092924248684272936e-03 -5.267600441457032925e-04
7.121047377257676628e-03 -1.067948512357477396e-03 -5.352769238698498744e-04
7.066070342477388279e-03 -1.043229784130214437e-03 -5.432806263563408605e-04
7.011517750085010693e-03 -1.018771916115794466e-03 -5.507830261331399246e-04
6.957386323233377863e-03 -9.945785194116242567e-04 -5.577958725789402368e-04
6.903672810373755533e-03 -9.706529697457827151e-04 -5.643307881799665372e-04
6.850373985060531287e-03 -9.469984130627263864e-04 -5.703992669001322832e-04
6.797486645757406035e-03 -9.236177710473212092e-04 -5.760126726618572997e-04
6.745007615645092977e-03 -9.005137465864820109e-04 -5.811822379348870367e-04
6.692933742430471136e-03 -8.776888291677062328e-04 -5.859190624304830503e-04
6.641261898157267175e-03 -8.551453002139230292e-04 -5.902341118983809969e-04
6.589988979018143213e-03 -8.328852383540021227e-04 -5.941382170239538438e-04
6.539111905168267826e-03 -8.109105246284478621e-04 -5.976420724230355674e-04
6.488627620540312127e-03 -7.892228476297560033e-04 -6.007562357319022389e-04
6.438533092660880461e-03 -7.678237085770057155e-04 -6.034911267899316888e-04
6.388825312468364437e-03 -7.467144263242866302e-04 -6.058570269125029438e-04
6.339501294132170867e-03 -7.258961423025931748e-04 -6.078640782517171241e-04
6.290558074873404265e-03 -7.053698253949123188e-04 -6.095222832425648560e-04
6.241992714786876416e-03 -6.851362767441851118e-04 -6.108415041321895410e-04
6.193802296664527134e-03 -6.651961344939494574e-04 -6.118314625899342035e-04
6.145983925820167754e-03 -6.455498784614498858e-04 -6.125017393958858769e-04
6.098534729915647094e-03 -6.261978347430913758e-04 -6.128617742056678089e-04
6.051451858788269890e-03 -6.071401802520705847e-04 -6.129208653892628334e-04
6.004732484279633360e-03 -5.883769471881674642e-04 -6.126881699416845441e-04
5.958373800065724056e-03 -5.699080274395922031e-04 -6.121727034633375145e-04
5.912373021488356514e-03 -5.517331769169138422e-04 -6.113833402079550802e-04
5.866727385387900812e-03 -5.338520198190751164e-04 -6.103288131960208718e-04
5.821434149937310294e-03 -5.162640528315505517e-04 -6.090177143916255002e-04
5.776490594477428665e-03 -4.989686492567275066e-04 -6.074584949407311509e-04
5.731894019353546074e-03 -4.819650630766161392e-04 -6.056594654688610829e-04
5.687641745753270993e-03 -4.652524329480570001e-04 -6.036287964362544453e-04
5.643731115545595582e-03 -4.488297861305523464e-04 -6.013745185485628187e-04
5.600159491121235213e-03 -4.326960423469510789e-04 -5.989045232211977427e-04
5.556924255234192700e-03 -4.168500175771939001e-04 -5.962265630954711234e-04
5.514022810844548990e-03 -4.012904277853674069e-04 -5.933482526047021820e-04
5.471452580962464680e-03 -3.860158925803395245e-04 -5.902770685884914945e-04
5.429211008493371564e-03 -3.710249388102616441e-04 -5.870203509534095091e-04
5.387295556084406231e-03 -3.563160040912763307e-04 -5.835853033783586392e-04
5.345703705971957369e-03 -3.418874402707305460e-04 -5.799789940629151899e-04
5.304432959830465526e-03 -3.277375168252952167e-04 -5.762083565169849163e-04
5.263480838622333104e-03 -3.138644241943367905e-04 -5.722801903901333356e-04
5.222844882449025235e-03 -3.002662770489539158e-04 -5.682011623389857363e-04
5.182522650403291291e-03 -2.869411174970875017e-04 -5.639778069311246868e-04
5.142511720422569474e-03 -2.738869182251532338e-04 -5.596165275839429807e-04
5.102809689143486885e-03 -2.611015855766244276e-04 -5.551235975369382550e-04
5.063414171757493233e-03 -2.485829625680455743e-04 -5.505051608559634931e-04
5.024322801867616914e-03 -2.363288318429593196e-04 -5.457672334679900114e-04
4.985533231346313959e-03 -2.243369185642352288e-04 -5.409157042249517844e-04
4.947043130194433286e-03 -2.126048932453211064e-04 -5.359563359952865822e-04
4.908850186401237520e-03 -2.011303745209259844e-04 -5.308947667818030534e-04
4.870952105805551394e-03 -1.899109318576959091e-04 -5.257365108645483190e-04
4.833346611957943170e-03 -1.789440882054028610e-04 -5.204869599673663579e-04
4.796031445983983330e-03 -1.682273225892261790e-04 -5.151513844468671782e-04
4.759004366448562305e-03 -1.577580726436927678e-04 -5.097349345025702387e-04
4.722263149221252523e-03 -1.475337370888551601e-04 -5.042426414069900355e-04
4.685805587342717349e-03 -1.375516781493015775e-04 -4.986794187544828314e-04
4.649629490892110556e-03 -1.278092239165859521e-04 -4.930500637276735059e-04
4.613732686855585158e-03 -1.183036706557186451e-04 -4.873592583803553944e-04
4.578113018995729443e-03 -1.090322850562886549e-04 -4.816115709357154332e-04
4.542768347722056857e-03 -9.999230642887705159e-05 -4.758114570988297904e-04
4.507696549962485547e-03 -9.118094884737598649e-05 -4.699632613823597122e-04
4.472895519035811895e-03 -8.259540323785559998e-05 -4.640712184444200326e-04
4.438363164525157244e-03 -7.423283941461572793e-05 -4.581394544376124174e-04
4.404097412152419011e-03 -6.609040806408366189e-05 -4.521719883682489161e-04
4.370096203653659438e-03 -5.816524267719421339e-05 -4.461727334648026705e-04
4.336357496655476179e-03 -5.045446143092083871e-05 -4.401454985546625820e-04
4.302879264552321795e-03 -4.295516901961819804e-05 -4.340939894482845687e-04
4.269659496384766925e-03 -3.566445843683760722e-05 -4.280218103298530233e-04
4.236696196718713232e-03 -2.857941270828896979e-05 -4.219324651536060337e-04
4.203987385525517068e-03 -2.169710657661143698e-05 -4.158293590449743541e-04
4.171531098063076780e-03 -1.501460813864179419e-05 -4.097157997057424938e-04
4.139325384757797793e-03 -8.528980435837444813e-06 -4.035949988224250633e-04
4.107368311087491834e-03 -2.237282998544233600e-06 -3.974700734771049082e-04
4.075657957465179081e-03 3.863426655217119064e-06 -3.913440475599878616e-04
4.044192419123768950e-03 9.776091565769814127e-06 -3.852198531829461800e-04
4.012969806001656821e-03 1.550365392191951306e-05 -3.791003320933619778e-04
3.981988242629196789e-03 2.104905369453518817e-05 -3.729882370875836563e-04
3.951245868016034848e-03 2.641522731289807507e-05 -3.668862334233374866e-04
3.920740835539331115e-03 3.160510638313305615e-05 -3.607969002304641003e-04
3.890471312832834237e-03 3.662161644804579454e-05 -3.547227319193561467e-04
3.860435481676814488e-03 4.146767578769139888e-05 -3.486661395865030266e-04
3.830631537888855558e-03 4.614619425999502066e-05 -3.426294524165684574e-04
3.801057691215462084e-03 5.066007218075601416e-05 -3.366149190804334492e-04
3.771712165224549301e-03 5.501219924235398049e-05 -3.306247091286810798e-04
3.742593197198719381e-03 5.920545347049890330e-05 -3.246609143799854638e-04
3.713699038029383021e-03 6.324270021834752648e-05 -3.187255503039146962e-04
3.685027952111697216e-03 6.712679119732839136e-05 -3.128205573976604206e-04
3.656578217240308380e-03 7.086056354400846480e-05 -3.069478025562249958e-04
3.628348124505907744e-03 7.444683892234567975e-05 -3.011090804356214134e-04
3.600335978192569127e-03 7.788842266067381808e-05 -2.953061148086487072e-04
3.572540095675910254e-03 8.118810292275959850e-05 -2.895405599128355744e-04
3.544958807322009988e-03 8.434864991229533979e-05 -2.838140017901440593e-04
3.517590456387110522e-03 8.737281511017636634e-05 -2.781279596180532350e-04
3.490433398918117974e-03 9.026333054392155213e-05 -2.724838870316640088e-04
3.463486003653844583e-03 9.302290808860733931e-05 -2.668831734364602204e-04
3.436746651927013313e-03 9.565423879868071558e-05 -2.613271453113952952e-04
3.410213737567048282e-03 9.815999227002295002e-05 -2.558170675019913356e-04
3.383885666803581205e-03 1.005428160316471629e-04 -2.503541445031269076e-04
3.357760858170721549e-03 1.028053349664076818e-04 -2.449395217312337440e-04
3.331837742412063069e-03 1.049501507601154272e-04 -2.395742867856200391e-04
3.306114762386418507e-03 1.069798413784463730e-04 -2.342594706986515318e-04
3.280590372974292405e-03 1.088969605710474902e-04 -2.289960491745454045e-04
3.255263040985056054e-03 1.107040374022428045e-04 -2.237849438165292820e-04
3.230131245064868806e-03 1.124035758077469432e-04 -2.186270233421511210e-04
3.205193475605284600e-03 1.139980541768073022e-04 -2.135231047865150721e-04
3.180448234652574063e-03 1.154899249591911676e-04 -2.084739546932484820e-04
3.155894035817747873e-03 1.168816142964483525e-04 -2.034802902930100857e-04
3.131529404187273578e-03 1.181755216768817188e-04 -1.985427806693619297e-04
3.107352876234471123e-03 1.193740196136652647e-04 -1.936620479118346730e-04
3.083362999731621354e-03 1.204794533455545334e-04 -1.888386682560419842e-04
3.059558333662712459e-03 1.214941405596435542e-04 -1.840731732106836544e-04
3.035937448136898954e-03 1.224203711356232750e-04 -1.793660506713219054e-04
3.012498924302602944e-03 1.232604069110093724e-04 -1.747177460207933325e-04
2.989241354262291497e-03 1.240164814668073541e-04 -1.701286632161509921e-04
2.966163340987895431e-03 1.246907999330950788e-04 -1.655991658620294853e-04
2.943263498236911146e-03 1.252855388140044178e-04 -1.611295782703461941e-04
2.920540450469120888e-03 1.258028458315940548e-04 -1.567201865062439650e-04
2.897992832763968737e-03 1.262448397881101925e-04 -1.523712394202083177e-04
2.875619290738575407e-03 1.266136104461387628e-04 -1.480829496662898980e-04
2.853418480466381017e-03 1.269112184261597870e-04 -1.438554947063734385e-04
2.831389068396423635e-03 1.271396951210211450e-04 -1.396890178004466876e-04
2.809529731273222811e-03 1.273010426268554888e-04 -1.355836289828224158e-04
2.787839156057313195e-03 1.273972336899710609e-04 -1.315394060242899702e-04
2.766316039846361020e-03 1.274302116692542996e-04 -1.275563953801590021e-04
2.744959089796904662e-03 1.274018905136275689e-04 -1.236346131241854987e-04
2.723767023046697131e-03 1.273141547541135302e-04 -1.197740458683658365e-04
2.702738566637647062e-03 1.271688595100648053e-04 -1.159746516685960231e-04
2.681872457439360338e-03 1.269678305091214007e-04 -1.122363609161985124e-04
2.661167442073247239e-03 1.267128641204693957e-04 -1.085590772153222999e-04
2.640622276837262337e-03 1.264057274009784335e-04 -1.049426782462442554e-04
2.620235727631183009e-03 1.260481581538021984e-04 -1.013870166145770747e-04
2.600006569882479940e-03 1.256418649990350583e-04 -9.789192068642408760e-05
2.579933588472762673e-03 1.251885274560217117e-04 -9.445719540951038457e-05
2.560015577664792423e-03 1.246897960369267630e-04 -9.108262312033045993e-05
2.540251341030046531e-03 1.241472923511749145e-04 -8.776796433735523746e-05
2.520639691376864912e-03 1.235626092203811403e-04 -8.451295854035381367e-05
2.501179450679130809e-03 1.229373108033962765e-04 -8.131732493587872149e-05
2.481869450005510114e-03 1.222729327310991280e-04 -7.818076320897823480e-05
2.462708529449237575e-03 1.215709822505748390e-04 -7.510295426120061710e-05
2.443695538058442054e-03 1.208329383783238544e-04 -7.208356093495783292e-05
2.424829333767016936e-03 1.200602520621545951e-04 -6.912222872432434494e-05
2.406108783326007042e-03 1.192543463514155995e-04 -6.621858647234512944e-05
2.387532762235551522e-03 1.184166165752350137e-04 -6.337224705494081149e-05
2.369100154677328523e-03 1.175484305284362998e-04 -6.058280805148850431e-05
2.350809853447534143e-03 1.166511286648091452e-04 -5.784985240217248873e-05
2.332660759890374438e-03 1.157260242974183351e-04 -5.517294905219588693e-05
2.314651783832068731e-03 1.147744038056425925e-04 -5.255165358294871321e-05
2.296781843515368141e-03 1.137975268486381836e-04 -4.998550883023412868e-05
2.279049865534580211e-03 1.127966265849315728e-04 -4.747404548965375101e-05
2.261454784771087505e-03 1.117729098978487981e-04 -4.501678270925677352e-05
2.243995544329368836e-03 1.107275576264979405e-04 -4.261322866956294004e-05
2.226671095473515757e-03 1.096617248020247739e-04 -4.026288115106959844e-05
2.209480397564235216e-03 1.085765408888692690e-04 -3.796522808935617909e-05
2.192422417996344429e-03 1.074731100307564847e-04 -3.571974811790241315e-05
2.175496132136737169e-03 1.063525113011598187e-04 -3.352591109873716740e-05
2.158700523262846623e-03 1.052157989579831615e-04 -3.138317864104157618e-05
2.142034582501565771e-03 1.040640027022103750e-04 -2.929100460782403843e-05
2.125497308768650468e-03 1.028981279402812294e-04 -2.724883561079542249e-05
2.109087708708583947e-03 1.017191560499534155e-04 -2.525611149356838577e-05
2.092804796634910140e-03 1.005280446494199954e-04 -2.331226580330933825e-05
2.076647594471027567e-03 9.932572786945504501e-05 -2.141672625097242559e-05
2.060615131691429479e-03 9.811311662836552162e-05 -1.956891516024487034e-05
2.044706445263420620e-03 9.689109890953564997e-05 -1.776824990533925074e-05
2.028920579589261163e-03 9.566054004135042673e-05 -1.601414333776168643e-05
2.013256586448763409e-03 9.442228297929511891e-05 -1.430600420219280811e-05
1.997713524942344721e-03 9.317714859003143897e-05 -1.264323754161853569e-05
1.982290461434502854e-03 9.192593593725261109e-05 -1.102524509184351533e-05
1.966986469497731052e-03 9.066942256913087302e-05 -9.451425665526779187e-06
1.951800629856880690e-03 8.940836480717160814e-05 -7.921175525879017455e-06
1.936732030333933102e-03 8.814349803629385933e-05 -6.433888750156902254e-06
1.921779765793211591e-03 8.687553699596315597e-05 -4.988957583096643052e-06
1.906942938087010427e-03 8.560517607220685427e-05 -3.585772780425526886e-06
1.892220656001645379e-03 8.433308959034637928e-05 -2.223723942591967837e-06
1.877612035203923184e-03 8.305993210828667905e-05 -9.021998388548929499e-07
1.863116198188014125e-03 8.178633871020557315e-05 3.794112781275084334e-07
1.848732274222752211e-03 8.051292530049428380e-05 1.621721367066262727e-06
1.834459399299326549e-03 7.924028889779984128e-05 2.825342302029105116e-06
1.820296716079383616e-03 7.796900792902848522e-05 3.990885585503397500e-06
1.806243373843528311e-03 7.669964252317192077e-05 5.118962070394090845e-06
1.792298528440224199e-03 7.543273480482266629e-05 6.210181690815407837e-06
1.778461342235088637e-03 7.416880918724924198e-05 7.265153201535035436e-06
1.764730984060572556e-03 7.290837266490509338e-05 8.284483925930625857e-06
1.751106629166038165e-03 7.165191510525181111e-05 9.268779512316884656e-06
1.737587459168221096e-03 7.039990953977833346e-05 1.021864369850375315e-05
1.724172662002067041e-03 6.915281245410223620e-05 1.113467808444623559e-05
1.710861431871954583e-03 6.791106407704581454e-05 1.201748191284555674e-05
1.697652969203294459e-03 6.667508866857978353e-05 1.286765185756308274e-05
1.684546480594494846e-03 6.544529480653319710e-05 1.368578181970922801e-05
1.671541178769312850e-03 6.422207567197307820e-05 1.447246273126799566e-05
1.658636282529558567e-03 6.300580933315672375e-05 1.522828236612200424e-05
1.645831016708171248e-03 6.179685902796796984e-05 1.595382515834007826e-05
1.633124612122658238e-03 6.059557344474953555e-05 1.664967202759228216e-05
1.620516305528890179e-03 5.940228700144659324e-05 1.731640021155723158e-05
1.608005339575257261e-03 5.821732012298256741e-05 1.795458310518758987e-05
1.595590962757171541e-03 5.704097951678815790e-05 1.856479010670085371e-05
1.583272429371932691e-03 5.587355844641161658e-05 1.914758647016183719e-05
1.571048999473931805e-03 5.471533700313723620e-05 1.970353316452692642e-05
1.558919938830204089e-03 5.356658237554570506e-05 2.023318673901846189e-05
1.546884518876326560e-03 5.242754911695122794e-05 2.073709919470005271e-05
1.534942016672657039e-03 5.129847941065375597e-05 2.121581786212422248e-05
1.523091714860897979e-03 5.017960333294645728e-05 2.166988528492555567e-05
1.511332901621022630e-03 4.907113911382554632e-05 2.209983910923119175e-05
1.499664870628507167e-03 4.797329339534496192e-05 2.250621197876576587e-05
1.488086921011905640e-03 4.688626148756867005e-05 2.288953143552476462e-05
1.476598357310751055e-03 4.581022762207191755e-05 2.325031982589417139e-05
1.465198489433779767e-03 4.474536520294599518e-05 2.358909421209427285e-05
1.453886632617481123e-03 4.369183705526440229e-05 2.390636628882710738e-05
1.442662107384959803e-03 4.264979567096940981e-05 2.420264230500824903e-05
1.431524239505129695e-03 4.161938345214349384e-05 2.447842299046435266e-05
1.420472359952208111e-03 4.060073295162762485e-05 2.473420348748007447e-05
1.409505804865531344e-03 3.959396711095554655e-05 2.497047328707844310e-05
1.398623915509677497e-03 3.859919949557262991e-05 2.518771616992030463e-05
1.387826038234897877e-03 3.761653452731093664e-05 2.538641015170991168e-05
1.377111524437855212e-03 3.664606771409457980e-05 2.556702743299492633e-05
1.366479730522658295e-03 3.568788587685018065e-05 2.573003435325041399e-05
1.355930017862210608e-03 3.474206737360239111e-05 2.587589134913767308e-05
1.345461752759843661e-03 3.380868232073202514e-05 2.600505291683039821e-05
1.335074306411255639e-03 3.288779281138040747e-05 2.611796757830184059e-05
1.324767054866735202e-03 3.197945313098257198e-05 2.621507785146777412e-05
1.314539378993691450e-03 3.108370996991655007e-05 2.629682022408186154e-05
1.304390664439453000e-03 3.020060263325372943e-05 2.636362513128129211e-05
1.294320301594375621e-03 2.933016324760225331e-05 2.641591693668165000e-05
1.284327685555217884e-03 2.847241696503208301e-05 2.645411391692188333e-05
1.274412216088807812e-03 2.762738216407562486e-05 2.647862824956120627e-05
1.264573297595989040e-03 2.679507064779748093e-05 2.648986600423124357e-05
1.254810339075843441e-03 2.597548783892955924e-05 2.648822713694860755e-05
1.245122754090192399e-03 2.516863297206827727e-05 2.647410548749360213e-05
1.235509960728367173e-03 2.437449928293249676e-05 2.644788877976315776e-05
1.225971381572260729e-03 2.359307419468370434e-05 2.640995862500677174e-05
1.216506443661639339e-03 2.282433950130782128e-05 2.636069052785599702e-05
1.207114578459727618e-03 2.206827154806328080e-05 2.630045389505930009e-05
1.197795221819057242e-03 2.132484140899880157e-05 2.622961204683572786e-05
1.188547813947580644e-03 2.059401506154645144e-05 2.614852223076181295e-05
1.179371799375046213e-03 1.987575355819673676e-05 2.605753563810803383e-05
1.170266626919628291e-03 1.917001319526313413e-05 2.595699742254221375e-05
1.161231749654826045e-03 1.847674567874623555e-05 2.584724672111875319e-05
1.152266624876603467e-03 1.779589828730557431e-05 2.572861667747411215e-05
1.143370714070796957e-03 1.712741403235271446e-05 2.560143446715004595e-05
1.134543482880763596e-03 1.647123181527544310e-05 2.546602132496765007e-05
1.125784401075286597e-03 1.582728658180799022e-05 2.532269257437701118e-05
1.117092942516720137e-03 1.519550947356002725e-05 2.517175765870758640e-05
1.108468585129393329e-03 1.457582797672091409e-05 2.501352017424735396e-05
1.099910810868244678e-03 1.396816606795348571e-05 2.484827790507848646e-05
1.091419105687706139e-03 1.337244435749530499e-05 2.467632285959995469e-05
1.082992959510825680e-03 1.278858022948435462e-05 2.449794130866795073e-05
1.074631866198627519e-03 1.221648797952775697e-05 2.431341382528705574e-05
1.066335323519711524e-03 1.165607894953244307e-05 2.412301532578561936e-05
1.058102833120080086e-03 1.110726165981733881e-05 2.392701511241080714e-05
1.049933900493210453e-03 1.056994193852841186e-05 2.372567691727995426e-05
1.041828034950345854e-03 1.004402304837642193e-05 2.351925894762564364e-05
1.033784749591022548e-03 9.529405810720076563e-06 2.330801393227387752e-05
1.025803561273822386e-03 9.025988727016566205e-06 2.309218916929571503e-05
1.017883990587352188e-03 8.533668097662411027e-06 2.287202657477381857e-05
1.010025561821448203e-03 8.052338138248163747e-06 2.264776273262716791e-05
1.002227802938593718e-03 7.581891093250225364e-06 2.241962894543726880e-05
9.944902455455762770e-04 7.122217347185931042e-06 2.218785128622256754e-05
9.868124248653448345e-04 6.673205533254471957e-06 2.195265065110622781e-05
9.791938797090932785e-04 6.234742639490673461e-06 2.171424281282585824e-05
9.716341524485588507e-04 5.806714112456690706e-06 2.147283847503412142e-05
9.641327889885328503e-04 5.389003958497806080e-06 2.122864332734015452e-05
9.566893387395819992e-04 4.981494842588560210e-06 2.098185810104321580e-05
9.493033545909871892e-04 4.584068184796703596e-06 2.073267862551132288e-05
9.419743928838834575e-04 4.196604254391037158e-06 2.048129588515803528e-05
9.347020133846106228e-04 3.818982261621306407e-06 2.022789607697254933e-05
9.274857792582705696e-04 3.451080447197505839e-06 1.997266066855882941e-05
9.203252570424864118e-04 3.092776169496451632e-06 1.971576645664084105e-05
9.132200166213670037e-04 2.743945989523884331e-06 1.945738562599190363e-05
9.061696311996675834e-04 2.404465753660115417e-06 1.919768580874734246e-05
8.991736772771574985e-04 2.074210674218292195e-06 1.893683014406082266e-05
8.922317346231790772e-04 1.753055407843222058e-06 1.867497733806538129e-05
8.853433862514054498e-04 1.440874131780097136e-06 1.841228172410171857e-05
8.785082183947942863e-04 1.137540618041912751e-06 1.814889332317699730e-05
8.717258204807314852e-04 8.429283055044600907e-07 1.788495790461842262e-05
8.649957851063704538e-04 5.569103699583627661e-07 1.762061704688713118e-05
8.583177080141619897e-04 2.793597921471795132e-07 1.735600819851870161e-05
8.516911880675689115e-04 1.014942382078155617e-08 1.709126473915733324e-05
8.451158272269718337e-04 -2.508479481665336330e-07 1.682651604065230888e-05
8.385912305257599069e-04 -5.037595396837883383e-07 1.656188752818564872e-05
8.321170060466054385e-04 -7.487125090477285939e-07 1.629750074140124487e-05
8.256927648979240199e-04 -9.858338986143297950e-07 1.603347339550653845e-05
8.193181211905109463e-04 -1.215250578208307542e-06 1.576991944231833319e-05
8.129926920143666115e-04 -1.437089190360806323e-06 1.550694913122614187e-05
8.067160974156929905e-04 -1.651476097326617802e-06 1.524466907004621470e-05
8.004879603740714007e-04 -1.858537329851157644e-06 1.498318228574097084e-05
7.943079067798154702e-04 -2.058398537658312467e-06 1.472258828497933837e-05
7.881755654114998549e-04 -2.251184941629902876e-06 1.446298311451405731e-05
7.820905679136622114e-04 -2.437021287647848865e-06 1.420445942135299101e-05
7.760525487746737635e-04 -2.616031802070152942e-06 1.394710651270218921e-05
7.700611453047887618e-04 -2.788340148811637134e-06 1.369101041565964222e-05
7.641159976143560312e-04 -2.954069388001116110e-06 1.343625393663861645e-05
7.582167485921992214e-04 -3.113341936186295989e-06 1.318291672050090829e-05
7.523630438841702028e-04 -3.266279528057765349e-06 1.293107530938120026e-05
7.465545318718617334e-04 -3.413003179664200005e-06 1.268080320118355782e-05
7.407908636514843811e-04 -3.553633153090466971e-06 1.243217090773269089e-05
7.350716930129130161e-04 -3.688288922570541231e-06 1.218524601256324247e-05
7.293966764188878011e-04 -3.817089142007816474e-06 1.194009322833024865e-05
7.237654729843797643e-04 -3.940151613874922892e-06 1.169677445382564700e-05
7.181777444561140153e-04 -4.057593259465752206e-06 1.145534883058565100e-05
7.126331551922523381e-04 -4.169530090472562378e-06 1.121587279907479275e-05
7.071313721422322349e-04 -4.276077181861023963e-06 1.097840015443291020e-05
7.016720648267586258e-04 -4.377348646016559564e-06 1.074298210177197701e-05
6.962549053179570941e-04 -4.473457608135255057e-06 1.050966731101069299e-05
6.908795682196729572e-04 -4.564516182833132846e-06 1.027850197123445998e-05
6.855457306479264623e-04 -4.650635451947601118e-06 1.004952984456997560e-05
6.802530722115176023e-04 -4.731925443505170907e-06 9.822792319563530155e-06
6.750012749927814188e-04 -4.808495111829815677e-06 9.598328464052982746e-06
6.697900235284912985e-04 -4.880452318766589535e-06 9.376175077523843526e-06
6.646190047909088542e-04 -4.947903815995295540e-06 9.156366742940344605e-06
6.594879081689815825e-04 -5.010955228409334363e-06 8.938935878043224092e-06
6.543964254496868879e-04 -5.069711038535040589e-06 8.723912786106049404e-06
6.493442507995164040e-04 -5.124274571967187519e-06 8.511325706142573442e-06
6.443310807461059223e-04 -5.174747983796467490e-06 8.301200862558228788e-06
6.393566141600070260e-04 -5.221232246005103754e-06 8.093562514239224201e-06
6.344205522365967435e-04 -5.263827135807043009e-06 7.888433003073043156e-06
6.295225984781324842e-04 -5.302631224909331833e-06 7.685832801895065689e-06
6.246624586759396813e-04 -5.337741869671737673e-06 7.485780561855718923e-06
6.198398408927403803e-04 -5.369255202141769079e-06 7.288293159203770314e-06
6.150544554451165945e-04 -5.397266121942659797e-06 7.093385741481281130e-06
6.103060148861099441e-04 -5.421868288992080432e-06 6.901071773126371255e-06
6.055942339879563869e-04 -5.443154117029729307e-06 6.711363080480368194e-06
6.009188297249504034e-04 -5.461214767932099836e-06 6.524269896195968281e-06
5.962795212564478507e-04 -5.476140146793104596e-06 6.339800903044129833e-06
5.916760299099945841e-04 -5.488018897749555608e-06 6.157963277116834472e-06
5.871080791645872429e-04 -5.496938400530670595e-06 5.978762730424052169e-06
5.825753946340639236e-04 -5.502984767711192567e-06 5.802203552883114304e-06
5.780777040506227893e-04 -5.506242842647862557e-06 5.628288653699226749e-06
5.736147372484640605e-04 -5.506796198079499465e-06 5.457019602135943888e-06
5.691862261475676404e-04 -5.504727135370933372e-06 5.288396667675436705e-06
5.647919047375860990e-04 -5.500116684381618870e-06 5.122418859567480929e-06
5.604315090618671108e-04 -5.493044603939850692e-06 4.959083965767636152e-06
5.561047772015984079e-04 -5.483589382903913881e-06 4.798388591264655755e-06
5.518114492600743794e-04 -5.471828241791704882e-06 4.640328195797612133e-06
5.475512673470856210e-04 -5.457837134960760561e-06 4.484897130963623224e-06
5.433239755634260105e-04 -5.441690753320790591e-06 4.332088676717040068e-06
5.391293199855244677e-04 -5.423462527561238897e-06 4.181895077261692914e-06
5.349670486501901211e-04 -5.403224631876573522e-06 4.034307576337411359e-06
5.308369115394781469e-04 -5.381047988172402366e-06 3.889316451902862410e-06
5.267386605656718341e-04 -5.357002270735688450e-06 3.746911050216594930e-06
5.226720495563804423e-04 -5.331155911352725415e-06 3.607079819318582971e-06
5.186368342397526358e-04 -5.303576104858791522e-06 3.469810341914730718e-06
5.146327722298016990e-04 -5.274328815103624817e-06 3.335089367666913212e-06
5.106596230118492542e-04 -5.243478781317285695e-06 3.202902844891655503e-06
5.067171479280753411e-04 -5.211089524861095043e-06 3.073235951670173459e-06
5.028051101631847214e-04 -5.177223356348754571e-06 2.946073126373320216e-06
4.989232747301794359e-04 -5.141941383122919448e-06 2.821398097604615060e-06
4.950714084562470464e-04 -5.105303517072936321e-06 2.699193913565239669e-06
4.912492799687510079e-04 -5.067368482779485231e-06 2.579442970844375853e-06
4.874566596813355345e-04 -5.028193825972470407e-06 2.462127042639197904e-06
4.836933197801334631e-04 -4.987835922288443086e-06 2.347227306408264272e-06
4.799590342100820499e-04 -4.946349986314318078e-06 2.234724370962687738e-06
4.762535786613446395e-04 -4.903790080904432954e-06 2.124598302999389969e-06
4.725767305558367421e-04 -4.860209126758095264e-06 2.016828653080903901e-06
4.689282690338568991e-04 -4.815658912245203691e-06 1.911394481066350440e-06
4.653079749408181630e-04 -4.770190103467662002e-06 1.808274380998229319e-06
4.617156308140868046e-04 -4.723852254544736644e-06 1.707446505450052514e-06
4.581510208699181102e-04 -4.676693818110498694e-06 1.608888589339503901e-06
4.546139309904950699e-04 -4.628762156012050728e-06 1.512577973212364462e-06
4.511041487110667588e-04 -4.580103550197260372e-06 1.418491626002265139e-06
4.476214632071863551e-04 -4.530763213781114470e-06 1.326606167271511711e-06
4.441656652820475510e-04 -4.480785302279957718e-06 1.236897888938303004e-06
4.407365473539170226e-04 -4.430212925003221835e-06 1.149342776495695862e-06
4.373339034436683282e-04 -4.379088156592442743e-06 1.063916529727935478e-06
4.339575291624062276e-04 -4.327452048697544529e-06 9.805945829294420726e-07
4.306072216991917796e-04 -4.275344641780783120e-06 8.993521246323611208e-07
4.272827798088589990e-04 -4.222804977038773981e-06 8.201641168480967762e-07
4.239840037999267615e-04 -4.169871108433416064e-06 7.430053138287167322e-07
4.207106955226026486e-04 -4.116580114822630957e-06 6.678502803539011101e-07
4.174626583568826908e-04 -4.062968112182253802e-06 5.946734095494071643e-07
4.142396972007393098e-04 -4.009070265910348131e-06 5.234489402427433489e-07
4.110416184584024480e-04 -3.954920803205749598e-06 4.541509738621010374e-07
4.078682300287307422e-04 -3.900553025512607967e-06 3.867534908844343220e-07
4.047193412936722504e-04 -3.845999321023110103e-06 3.212303668386819198e-07
4.015947631068151691e-04 -3.791291177230644628e-06 2.575553878701422097e-07
3.984943077820244728e-04 -3.736459193525900548e-06 1.957022658719906898e-07
3.954177890821704939e-04 -3.681533093828747526e-06 1.356446531901033696e-07
3.923650222079403901e-04 -3.626541739248661585e-06 7.735615690710710937e-08
3.893358237867382450e-04 -3.571513140766985626e-06 2.081035271185345913e-08
3.863300118616701706e-04 -3.516474471934257390e-06 -3.401920163963690660e-08
3.833474058806146277e-04 -3.461452081576183516e-06 -8.715895326564834702e-08
3.803878266853778561e-04 -3.406471506501998410e-06 -1.386353414965471678e-07
3.774510965009293738e-04 -3.351557484209013593e-06 -1.884747856028239646e-07
3.745370389247275724e-04 -3.296733965577685355e-06 -2.367036729071208040e-07
3.716454789161209907e-04 -3.242024127551221942e-06 -2.833483472743795334e-07
3.687762427858345894e-04 -3.187450385794373218e-06 -3.284350979738389645e-07
3.659291581855368528e-04 -3.133034407326008042e-06 -3.719901489068714230e-07
3.631040540974872304e-04 -3.078797123120281968e-06 -4.140396481945700464e-07
3.603007608242624537e-04 -3.024758740671389730e-06 -4.546096581190615940e-07
