1.000000000000000000e+00 5.000000000000000888e+00 0.000000000000000000e+00
9.922911893760835156e-01 4.960498009937883701e+00 7.678151570723706909e-02
9.846418045134024410e-01 4.919418627640069097e+00 1.523278252980110326e-01
9.770513873100171720e-01 4.876821472302171223e+00 2.266037508728314942e-01
9.695194831954093706e-01 4.832765969859564414e+00 2.995765569068695733e-01
9.620456411032586308e-01 4.787311291015555526e+00 3.712158933624778445e-01
9.546294134444293089e-01 4.740516292274795873e+00 4.414937382554970924e-01
9.472703560801656320e-01 4.692439459921946998e+00 5.103843397848096819e-01
9.399680282954937516e-01 4.643138856883909149e+00 5.778641581293061380e-01
9.327219927728276350e-01 4.592672072412561590e+00 6.439118070112682668e-01
9.255318155657799029e-01 4.541096174523677753e+00 7.085079951201468385e-01
9.183970660731736180e-01 4.488467665126716355e+00 7.716354674858009188e-01
9.113173170132550238e-01 4.434842437779310309e+00 8.332789468855186232e-01
9.042921443981042362e-01 4.380275737999567376e+00 8.934250753644834564e-01
8.973211275082438876e-01 4.324822126068961659e+00 9.520623559448903039e-01
8.904038488674436147e-01 4.268535442257968882e+00 1.009181094594511885e+00
8.835398942177181691e-01 4.211468774406697868e+00 1.064773342521333932e+00
8.767288524945184847e-01 4.153674427792444668e+00 1.118832838856758993e+00
8.699703158021147020e-01 4.095203897216344480e+00 1.171354953785938013e+00
8.632638793891673767e-01 4.036107841241308058e+00 1.222336632179953586e+00
8.566091416244887569e-01 3.976436058513876937e+00 1.271776337780906818e+00
8.500057039729899122e-01 3.916237466102855613e+00 1.319673997987383496e+00
8.434531709718132708e-01 3.855560079788210359e+00 1.366030949284349427e+00
8.369511502066497854e-01 3.794450996234150608e+00 1.410849883358226586e+00
8.304992522882376216e-01 3.732956376981091839e+00 1.454134793934715342e+00
8.240970908290433661e-01 3.671121434191807698e+00 1.495890924373882713e+00
8.177442824201217597e-01 3.608990418087962837e+00 1.536124716054094730e+00
8.114404466081545086e-01 3.546606606013974261e+00 1.574843757573558545e+00
8.051852058726660655e-01 3.484012293066175214e+00 1.612056734795555002e+00
7.989781856034144925e-01 3.421248784226095463e+00 1.647773381760825773e+00
7.928190140779572959e-01 3.358356387937768694e+00 1.682004432488158230e+00
7.867073224393902331e-01 3.295374411069985410e+00 1.714761573681797380e+00
7.806427446742565390e-01 3.232341155205471939e+00 1.746057398362087065e+00
7.746249175906282369e-01 3.169293914200162376e+00 1.775905360433587710e+00
7.686534807963552041e-01 3.106268972956795604e+00 1.804319730202865069e+00
7.627280766774818810e-01 3.043301607358269489e+00 1.831315550856172703e+00
7.568483503768311804e-01 2.980426085307409600e+00 1.856908595905440329e+00
7.510139497727524871e-01 2.917675668820931101e+00 1.881115327609158117e+00
7.452245254580348588e-01 2.855082617126680322e+00 1.903952856373127389e+00
7.394797307189808766e-01 2.792678190714412700e+00 1.925438901134425285e+00
7.337792215146434760e-01 2.730492656291608089e+00 1.945591750730442993e+00
7.281226564562222059e-01 2.668555292597118100e+00 1.964430226253452760e+00
7.225096967866181386e-01 2.606894397026591204e+00 1.981973644389789291e+00
7.169400063601468753e-01 2.545537293024992653e+00 1.998241781741506573e+00
7.114132516224069835e-01 2.484510338202621238e+00 2.013254840127137957e+00
7.059291015903051969e-01 2.423838933132442364e+00 2.027033412857132788e+00
7.004872278322340495e-01 2.363547530787641904e+00 2.039598451978429594e+00
6.950873044484030538e-01 2.303659646579599318e+00 2.050971236481693438e+00
6.897290080513217569e-01 2.244197868957727771e+00 2.061173341463814701e+00
6.844120177464323440e-01 2.185183870533728978e+00 2.070226608237410115e+00
6.791360151128924549e-01 2.126638419694141025e+00 2.078153115378269966e+00
6.739006841845059936e-01 2.068581392666109409e+00 2.084975150700977498e+00
6.687057114307998207e-01 2.011031786002574595e+00 2.090715184152216466e+00
6.635507857382484387e-01 1.954007729454184883e+00 2.095395841610670384e+00
6.584355983916413413e-01 1.897526499196340755e+00 2.099039879581846790e+00
6.533598430555950243e-01 1.841604531380975684e+00 2.101670160775604312e+00
6.483232157562076603e-01 1.786257435983709563e+00 2.103309630553692688e+00
6.433254148628545499e-01 1.731500010918107568e+00 2.103981294234177568e+00
6.383661410701242378e-01 1.677346256389868673e+00 2.103708195239215151e+00
6.334450973798942952e-01 1.623809389464775155e+00 2.102513394072290431e+00
6.285619890835443258e-01 1.570901858825258790e+00 2.100419948110706869e+00
6.237165237443069721e-01 1.518635359691463016e+00 2.097450892198846617e+00
6.189084111797547028e-01 1.467020848883637818e+00 2.093629220027457549e+00
6.141373634444208252e-01 1.416068560003669763e+00 2.088977866284015938e+00
6.094030948125565006e-01 1.365788018714495289e+00 2.083519689559048427e+00
6.047053217610178777e-01 1.316188058097027769e+00 2.077277455993099764e+00
6.000437629522876737e-01 1.267276834065170554e+00 2.070273823648960398e+00
5.954181392176263188e-01 1.219061840820321541e+00 2.062531327593641439e+00
5.908281735403528856e-01 1.171549926327631441e+00 2.054072365674517453e+00
5.862735910392558036e-01 1.124747307797125284e+00 2.044919184974018034e+00
5.817541189521306944e-01 1.078659587153569355e+00 2.035093868927210892e+00
5.772694866194453267e-01 1.033291766479782048e+00 2.024618325086633419e+00
5.728194254681305830e-01 9.886482634188182850e-01 2.013514273518743902e+00
5.684036689954961030e-01 9.447329265212354166e-01 2.001803235816368876e+00
5.640219527532704946e-01 9.015490505243207719e-01 1.989506524711638358e+00
5.596740143317640026e-01 8.590993915509070877e-01 1.976645234273911145e+00
5.553595933441533017e-01 8.173861822160376489e-01 1.963240230677319120e+00
5.510784314108878590e-01 7.764111466304292053e-01 1.949312143522630603e+00
5.468302721442164227e-01 7.361755152903065591e-01 1.934881357698287729e+00
5.426148611328319715e-01 6.966800398437855701e-01 1.919968005765550600e+00
5.384319459266362351e-01 6.579250077246037165e-01 1.904591960852869637e+00
5.342812760216208989e-01 6.199102566445460205e-01 1.888772830044717965e+00
5.301626028448657157e-01 5.826351889365023462e-01 1.872529948250309939e+00
5.260756797396520801e-01 5.460987857405834589e-01 1.855882372537768887e+00
5.220202619506909558e-01 5.102996210263039956e-01 1.838848876919513708e+00
5.179961066094658229e-01 4.752358754442866373e-01 1.821447947574814874e+00
5.140029727196874232e-01 4.409053500014570304e-01 1.803697778495641835e+00
5.100406211428610836e-01 4.073054795541511397e-01 1.785616267542154079e+00
5.061088145839661712e-01 3.744333461140198493e-01 1.767221012894384602e+00
5.022073175772434617e-01 3.422856919620165250e-01 1.748529309886845073e+00
4.983358964720954187e-01 3.108589325662180491e-01 1.729558148213069302e+00
4.944943194190923874e-01 2.801491692995714544e-01 1.710324209487238845e+00
4.906823563560881452e-01 2.501522019540913244e-01 1.690843865150341907e+00
4.868997789944419230e-01 2.208635410483704986e-01 1.671133174708490321e+00
4.831463608053470082e-01 1.922784199256340198e-01 1.651207884291268746e+00
4.794218770062641521e-01 1.643918066398935007e-01 1.631083425518219832e+00
4.757261045474602823e-01 1.371984156281051415e-01 1.610774914661801782e+00
4.720588220986504102e-01 1.106927191665098287e-01 1.590297152095390576e+00
4.684198100357427896e-01 8.486895860967308414e-02 1.569664622015124245e+00
4.648088504276863264e-01 5.972115541098680508e-02 1.548891492424644412e+00
4.612257270234189632e-01 3.524312192369266628e-02 1.527991615372006784e+00
4.576702252389172609e-01 1.142847198173645509e-02 1.506978527428270986e+00
4.541421321443452341e-01 -1.172936873999281572e-02 1.485865450397541698e+00
4.506412364513028290e-01 -3.423715258624764057e-02 1.464665292248423345e+00
4.471673285001721010e-01 -5.610180000281750345e-02 1.443390648257126818e+00
4.437202002475616469e-01 -7.733038983850114290e-02 1.422053802352690299e+00
4.402996452538469052e-01 -9.793014986724150883e-02 1.400666728654981652e+00
4.369054586708073784e-01 -1.179084475297811352e-01 1.379241093196427403e+00
4.335374372293587797e-01 -1.372727808940587824e-01 1.357788255818604295e+00
4.301953792273794930e-01 -1.560307698333613102e-01 1.336319272235071631e+00
4.268790845176317350e-01 -1.741901474210919842e-01 1.314844896252057582e+00
4.235883544957744773e-01 -1.917587515408794574e-01 1.293375582138810209e+00
4.203229920884701820e-01 -2.087445167105777544e-01 1.271921487139674900e+00
4.170828017415821876e-01 -2.251554661186004058e-01 1.250492474120156627e+00
4.138675894084638540e-01 -2.409997038708836525e-01 1.229098114339451042e+00
4.106771625383371371e-01 -2.562854074466638932e-01 1.207747690342137803e+00
4.075113300647617565e-01 -2.710208203611361166e-01 1.186450198961943814e+00
4.043699023941921822e-01 -2.852142450329687717e-01 1.165214354430687438e+00
4.012526913946237173e-01 -2.988740358545237119e-01 1.144048591585720143e+00
3.981595103843257877e-01 -3.120085924625772278e-01 1.122961069169388315e+00
3.950901741206616635e-01 -3.246263532072208857e-01 1.101959673214224056e+00
3.920444987889953325e-01 -3.367357888165579127e-01 1.081052020507786038e+00
3.890223019916826952e-01 -3.483453962547408689e-01 1.060245462131246263e+00
3.860234027371488019e-01 -3.594636927708200203e-01 1.039547087066021058e+00
3.830476214290482462e-01 -3.700992101358197561e-01 1.018963725862918057e+00
3.800947798555101009e-01 -3.802604890654006642e-01 9.985019543684650056e-01
3.771647011784646786e-01 -3.899560738254165271e-01 9.781680975032467362e-01
3.742572099230538907e-01 -3.991945070176304844e-01 9.579682330872798524e-01
3.713721319671217103e-01 -4.079843245428133036e-01 9.379081957075909859e-01
3.685092945307870127e-01 -4.163340507384075129e-01 9.179935806233654461e-01
3.656685261660961306e-01 -4.242521936879213862e-01 8.982297477041797373e-01
3.628496567467550116e-01 -4.317472406991720857e-01 8.786218253969863001e-01
3.600525174579412013e-01 -4.388276539484882166e-01 8.591747147177060118e-01
3.572769407861935420e-01 -4.455018662879594027e-01 8.398930932634078861e-01
3.545227605093805856e-01 -4.517782772127928448e-01 8.207814192412108412e-01
3.517898116867456682e-01 -4.576652489858477613e-01 8.018439355102208177e-01
3.490779306490293110e-01 -4.631711029163817495e-01 7.830846736329148960e-01
3.463869549886672283e-01 -4.683041157900629248e-01 7.645074579325558117e-01
3.437167235500645512e-01 -4.730725164472781019e-01 7.461159095533612673e-01
3.410670764199440486e-01 -4.774844825067803278e-01 7.279134505202506933e-01
3.384378549177698425e-01 -4.815481372317154118e-01 7.099033077951765192e-01
3.358289015862442328e-01 -4.852715465350719293e-01 6.920885173271227320e-01
3.332400601818779617e-01 -4.886627161216168247e-01 6.744719280930224770e-01
3.306711756656333101e-01 -4.917295887633645890e-01 6.570562061269252796e-01
3.281220941936391911e-01 -4.944800417056751662e-01 6.398438385349087820e-01
3.255926631079775202e-01 -4.969218842010524329e-01 6.228371374933017179e-01
3.230827309275414727e-01 -4.990628551677621649e-01 6.060382442279311777e-01
3.205921473389632959e-01 -5.009106209703829693e-01 5.894491329721905926e-01
3.181207631876124542e-01 -5.024727733194450652e-01 5.730716149018518779e-01
3.156684304686633857e-01 -5.037568272873061970e-01 5.569073420446356559e-01
3.132350023182315368e-01 -5.047702194374659168e-01 5.409578111626526242e-01
3.108203330045782309e-01 -5.055203060645228064e-01 5.252243676059420441e-01
3.084242779193832606e-01 -5.060143615420076291e-01 5.097082091354097066e-01
3.060466935690845380e-01 -5.062595767753687026e-01 4.944103897135675996e-01
3.036874375662846903e-01 -5.062630577573812296e-01 4.793318232615727537e-01
3.013463686212237702e-01 -5.060318242233217134e-01 4.644732873811361906e-01
2.990233465333178020e-01 -5.055728084032430347e-01 4.498354270399709254e-01
2.967182321827626645e-01 -5.048928538687375012e-01 4.354187582195194195e-01
2.944308875222025335e-01 -5.039987144715984968e-01 4.212236715237835383e-01
2.921611755684621614e-01 -5.028970533718271074e-01 4.072504357481536164e-01
2.899089603943441062e-01 -5.015944421524622943e-01 3.934992014072195565e-01
2.876741071204875766e-01 -5.000973600187467172e-01 3.799700042205948480e-01
2.854564819072914483e-01 -4.984121930791751143e-01 3.666627685558820904e-01
2.832559519468987319e-01 -4.965452337060049515e-01 3.535773108279496868e-01
2.810723854552428791e-01 -4.945026799728515221e-01 3.407133428537745812e-01
2.789056516641559291e-01 -4.922906351670147673e-01 3.280704751621567605e-01
2.767556208135369955e-01 -4.899151073742326612e-01 3.156482202576725848e-01
2.746221641435809824e-01 -4.873820091335804294e-01 3.034459958383014522e-01
2.725051538870679746e-01 -4.846971571602848305e-01 2.914631279662032171e-01
2.704044632617113586e-01 -4.818662721342510391e-01 2.796988541911924475e-01
2.683199664625650072e-01 -4.788949785521348090e-01 2.681523266264926320e-01
2.662515386544895279e-01 -4.757888046408398353e-01 2.568226149764202826e-01
2.641990559646756886e-01 -4.725531823303495416e-01 2.457087095156834933e-01
2.621623954752264618e-01 -4.691934472838416026e-01 2.348095240200366585e-01
2.601414352157955800e-01 -4.657148389830738089e-01 2.241238986480722506e-01
2.581360541562832678e-01 -4.621225008670631906e-01 2.136506027739741298e-01
2.561461321995873730e-01 -4.584214805221207834e-01 2.033883377711000473e-01
2.541715501744121197e-01 -4.546167299213448865e-01 1.933357397463088823e-01
2.522121898281302621e-01 -4.507131057117009232e-01 1.834913822249637227e-01
2.502679338197019709e-01 -4.467153695468696339e-01 1.738537787866088202e-01
2.483386657126470110e-01 -4.426281884640712039e-01 1.644213856513273564e-01
2.464242699680720683e-01 -4.384561353031091735e-01 1.551926042168411402e-01
2.445246319377513688e-01 -4.342036891659266096e-01 1.461657835464300614e-01
2.426396378572603096e-01 -4.298752359149864422e-01 1.373392228077887911e-01
2.407691748391631026e-01 -4.254750687088382222e-01 1.287111736629701353e-01
2.389131308662513220e-01 -4.210073885732619758e-01 1.202798426095794543e-01
2.370713947848363812e-01 -4.164763050064189120e-01 1.120433932734331006e-01
2.352438562980923298e-01 -4.118858366164729334e-01 1.039999486528949690e-01
2.334304059594505543e-01 -4.072399117901777665e-01 9.614759331514907692e-02
2.316309351660452154e-01 -4.025423693909710443e-01 8.848437554468184529e-02
2.298453361522094507e-01 -3.977969594851374358e-01 8.100830944426823388e-02
2.280735019830216204e-01 -3.930073440946451058e-01 7.371737698878122469e-02
2.263153265479011245e-01 -3.881770979752922068e-01 6.660953003216084356e-02
2.245707045542535141e-01 -3.833097094188301357e-01 5.968269226789817833e-02
2.228395315211652850e-01 -3.784085810777710890e-01 5.293476114341442995e-02
2.211217037731463275e-01 -3.734770308116089899e-01 4.636360972871707287e-02
2.194171184339213376e-01 -3.685182925532239917e-01 3.996708853974909048e-02
2.177256734202688560e-01 -3.635355171942705743e-01 3.374302731684818146e-02
2.160472674359072698e-01 -3.585317734883745056e-01 2.768923675875292756e-02
2.143817999654292483e-01 -3.535100489710075733e-01 2.180351021261039621e-02
2.127291712682813918e-01 -3.484732508949241470e-01 1.608362532043910997e-02
2.110892823727915646e-01 -3.434242071800875928e-01 1.052734562252924562e-02
2.094620350702412481e-01 -3.383656673770320533e-01 5.132422118257182891e-03
2.078473319089845783e-01 -3.333003036426473997e-01 -1.034052151834183693e-04
2.062450761886119310e-01 -3.282307117273918218e-01 -5.182405945637523319e-03
2.046551719541586656e-01 -3.231594119729684911e-01 -1.010685774991506788e-02
2.030775239903590546e-01 -3.180888503195405392e-01 -1.487904501826701163e-02
2.015120378159434844e-01 -3.130213993215666402e-01 -1.950125749888776544e-02
1.999586196779808422e-01 -3.079593591713862266e-01 -2.397578898190376451e-02
1.984171765462635628e-01 -3.029049587296968049e-01 -2.830493602231429207e-02
1.968876161077362241e-01 -2.978603565620965288e-01 -3.249099670133564349e-02
1.953698467609673306e-01 -2.928276419808921727e-01 -3.653626942559892038e-02
1.938637776106634236e-01 -2.878088360913959587e-01 -4.044305176364822868e-02
1.923693184622257413e-01 -2.828058928419580620e-01 -4.421363931917988294e-02
1.908863798163485670e-01 -2.778207000770097634e-01 -4.785032464046283518e-02
1.894148728636593504e-01 -2.728550805924128686e-01 -5.135539616537611318e-02
1.879547094794002116e-01 -2.679107931924356589e-01 -5.473113720149597183e-02
1.865058022181502462e-01 -2.629895337476991224e-01 -5.797982494066705739e-02
1.850680643085888810e-01 -2.580929362534578608e-01 -6.110372950748686055e-02
1.836414096482992253e-01 -2.532225738876054399e-01 -6.410511304113512832e-02
1.822257527986113901e-01 -2.483799600678097408e-01 -6.698622880997719131e-02
1.808210089794862752e-01 -2.435665495072147635e-01 -6.974932035836954591e-02
1.794270940644378809e-01 -2.387837392681547988e-01 -7.239662068510127613e-02
1.780439245754955324e-01 -2.340328698133551932e-01 -7.493035145289721199e-02
1.766714176782041568e-01 -2.293152260541115317e-01 -7.735272222841989287e-02
1.753094911766640007e-01 -2.246320383949579336e-01 -7.966592975219743966e-02
1.739580635086079574e-01 -2.199844837743556991e-01 -8.187215723791785305e-02
1.726170537405168348e-01 -2.153736867009486688e-01 -8.397357370052277448e-02
1.712863815627728159e-01 -2.108007202849563333e-01 -8.597233331254000577e-02
1.699659672848494729e-01 -2.062666072642868054e-01 -8.787057478809920386e-02
1.686557318305397790e-01 -2.017723210249739441e-01 -8.967042079406992161e-02
1.673555967332201189e-01 -1.973187866155575454e-01 -9.137397738777520984e-02
1.660654841311511865e-01 -1.929068817550438353e-01 -9.298333348072727877e-02
1.647853167628151594e-01 -1.885374378340971546e-01 -9.450056032784071025e-02
1.635150179622884836e-01 -1.842112409091333225e-01 -9.592771104158162587e-02
1.622545116546508792e-01 -1.799290326889990133e-01 -9.726682013051388132e-02
1.610037223514291516e-01 -1.756915115139337513e-01 -9.851990306170912981e-02
1.597625751460763632e-01 -1.714993333265304731e-01 -9.968895584648972130e-02
1.585309957094860334e-01 -1.673531126344244835e-01 -1.007759546489805924e-01
1.573089102855406707e-01 -1.632534234644500426e-01 -1.017828554169486893e-01
1.560962456866947512e-01 -1.592008003080239709e-01 -1.027115935344142528e-01
1.548929292895917242e-01 -1.551957390575235129e-01 -1.035640834955233042e-01
1.536988890307145472e-01 -1.512386979334414405e-01 -1.043422185991753764e-01
1.525140534020704430e-01 -1.473300984021173599e-01 -1.050478706639058624e-01
1.513383514469079649e-01 -1.434703260838453009e-01 -1.056828897625274877e-01
1.501717127554680897e-01 -1.396597316511858922e-01 -1.062491039760416339e-01
1.490140674607669802e-01 -1.358986317173069558e-01 -1.067483191663347458e-01
1.478653462344123870e-01 -1.321873097142016173e-01 -1.071823187671806787e-01
1.467254802824514703e-01 -1.285260167606321335e-01 -1.075528635930769472e-01
1.455944013412508453e-01 -1.249149725196673916e-01 -1.078616916654469848e-01
1.444720416734086854e-01 -1.213543660456884860e-01 -1.081105180557466877e-01
1.433583340636977732e-01 -1.178443566207460907e-01 -1.083010347450213962e-01
1.422532118150405533e-01 -1.143850745801667235e-01 -1.084349104994614815e-01
1.411566087445145501e-01 -1.109766221273099096e-01 -1.085137907615152525e-01
1.400684591793888156e-01 -1.076190741373917459e-01 -1.085392975561206425e-01
1.389886979531911315e-01 -1.043124789502976602e-01 -1.085130294116249533e-01
1.379172604018052417e-01 -1.010568591523146875e-01 -1.084365612949676899e-01
1.368540823595983391e-01 -9.785221234672408785e-02 -1.083114445607071125e-01
1.357991001555783339e-01 -9.469851191320258210e-02 -1.081392069134787109e-01
1.347522506095807093e-01 -9.159570775598716019e-02 -1.079213523834788996e-01
1.337134710284849370e-01 -8.854372704076879375e-02 -1.076593613145737649e-01
1.326826992024598140e-01 -8.554247492028488331e-02 -1.073546903646390022e-01
1.316598734012379146e-01 -8.259183524858937364e-02 -1.070087725177441690e-01
1.306449323704190202e-01 -7.969167128398713107e-02 -1.066230171077995337e-01
1.296378153278010537e-01 -7.684182638061967663e-02 -1.061988098532903879e-01
1.286384619597407963e-01 -7.404212466871001874e-02 -1.057375129027314509e-01
1.276468124175412777e-01 -7.129237172346003515e-02 -1.052404648904771284e-01
1.266628073138678090e-01 -6.859235522262052687e-02 -1.047089810025335355e-01
1.256863877191916334e-01 -6.594184559274683666e-02 -1.041443530520218264e-01
1.247174951582601943e-01 -6.334059664415901680e-02 -1.035478495639475666e-01
1.237560716065959632e-01 -6.078834619464263539e-02 -1.029207158689426360e-01
1.228020594870208732e-01 -5.828481668191348025e-02 -1.022641742056447228e-01
1.218554016662085071e-01 -5.582971576489097892e-02 -1.015794238313917630e-01
1.209160414512624460e-01 -5.342273691381952544e-02 -1.008676411409117901e-01
1.199839225863209846e-01 -5.106355998928612666e-02 -1.001299797926956114e-01
1.190589892491883822e-01 -4.875185181018597269e-02 -9.936757084274587537e-02
1.181411860479914949e-01 -4.648726671069104699e-02 -9.858152288540163177e-02
1.172304580178626515e-01 -4.426944708628323399e-02 -9.777292220094460640e-02
1.163267506176479671e-01 -4.209802392891429101e-02 -9.694283290969718525e-02
1.154300097266409142e-01 -3.997261735136185129e-02 -9.609229713233159720e-02
1.145401816413414153e-01 -3.789283710085111778e-02 -9.522233515611147614e-02
1.136572130722393187e-01 -3.585828306201788856e-02 -9.433394560679593532e-02
1.127810511406233118e-01 -3.386854574929020617e-02 -9.342810562594079660e-02
1.119116433754140105e-01 -3.192320678877035023e-02 -9.250577105333809835e-02
1.110489377100216252e-01 -3.002183938969978788e-02 -9.156787661433847536e-02
1.101928824792280381e-01 -2.816400880559533776e-02 -9.061533611181081527e-02
1.093434264160921404e-01 -2.634927278514345717e-02 -8.964904262249404066e-02
1.085005186488803425e-01 -2.457718201294839880e-02 -8.866986869750677347e-02
1.076641086980194145e-01 -2.284728054022362037e-02 -8.767866656677998638e-02
1.068341464730735851e-01 -2.115910620552697435e-02 -8.667626834719034667e-02
1.060105822697449685e-01 -1.951219104563658643e-02 -8.566348625417022355e-02
1.051933667668963346e-01 -1.790606169666665928e-02 -8.464111281658039110e-02
1.043824510235981523e-01 -1.634023978552950895e-02 -8.360992109463596944e-02
1.035777864761970035e-01 -1.481424231184317632e-02 -8.257066490067771491e-02
1.027793249354075483e-01 -1.332758202039444929e-02 -8.152407902259231620e-02
1.019870185834265280e-01 -1.187976776426249471e-02 -8.047087944968359108e-02
1.012008199710690004e-01 -1.047030485871247238e-02 -7.941176360080666463e-02
1.004206820149269735e-01 -9.098695425969732103e-03 -7.834741055457920822e-02
9.964655799454937013e-02 -7.764438730984454633e-03 -7.727848128148952223e-02
9.887840154964429307e-02 -6.467031508301013948e-03 -7.620561887772649146e-02
9.811616667730252428e-02 -5.205968280144006137e-03 -7.512944880056052210e-02
9.735980772924253401e-02 -3.980741665835800872e-03 -7.405057910510910724e-02
9.660927940907688971e-02 -2.790842682661251288e-03 -7.296960068232660745e-02
9.586453676959928727e-02 -1.635761038294199958e-03 -7.188708749805974851e-02
9.512553521009298185e-02 -5.149854149036394704e-04 -7.080359683301777618e-02
9.439223047365967456e-02 5.719962549441198144e-04 -6.971966952350887314e-02
9.366457864456911864e-02 1.625696520469545325e-03 -6.863583020279870328e-02
9.294253614562925092e-02 2.646628152832043290e-03 -6.755258754295197232e-02
9.222605973557605752e-02 3.635303893132585135e-03 -6.647043449702130791e-02
9.151510650648449208e-02 4.592236208146752846e-03 -6.538984854145345194e-02
9.080963388119846214e-02 5.517937053671546042e-03 -6.431129191858404870e-02
9.010959961078107705e-02 6.412917645364984293e-03 -6.323521187909897368e-02
8.941496177198468565e-02 7.277688236960801714e-03 -6.216204092434344380e-02
8.872567876473969051e-02 8.112757905739620412e-03 -6.109219704836152398e-02
8.804170930966385977e-02 8.918634345136121008e-03 -6.002608397955776914e-02
8.736301244558976331e-02 9.695823664365610384e-03 -5.896409142187008373e-02
8.668954752711185985e-02 1.044483019495003918e-02 -5.790659529535141514e-02
8.602127422215236074e-02 1.116615630402552177e-02 -5.685395797605954232e-02
8.535815250954575939e-02 1.186030221431404533e-02 -5.580652853515735701e-02
8.470014267664230379e-02 1.252776583064069832e-02 -5.476464297713130175e-02
8.404720531692937147e-02 1.316904257288051792e-02 -5.372862447703592725e-02
8.339930132767173210e-02 1.378462521521690159e-02 -5.269878361667998390e-02
8.275639190756978181e-02 1.437500373159645781e-02 -5.167541861966891414e-02
8.211843855443567985e-02 1.494066514726393423e-02 -5.065881558522433714e-02
8.148540306288781787e-02 1.548209339626233257e-02 -4.964924872070309442e-02
8.085724752206251142e-02 1.599976918478391436e-02 -4.864698057274127740e-02
8.023393431334380210e-02 1.649416986025794771e-02 -4.765226225695359114e-02
7.961542610811048193e-02 1.696576928606229745e-02 -4.666533368611843619e-02
7.900168586550061767e-02 1.741503772174648329e-02 -4.568642379678454490e-02
7.839267683019336685e-02 1.784244170865441695e-02 -4.471575077423674272e-02
7.778836253020750269e-02 1.824844396083653494e-02 -4.375352227576040365e-02
7.718870677471757757e-02 1.863350326114046607e-02 -4.279993565214956081e-02
7.659367365188626819e-02 1.899807436237218802e-02 -4.185517816740257774e-02
7.600322752671377635e-02 1.934260789341861464e-02 -4.091942721655498355e-02
7.541733303890395257e-02 1.966755027022483102e-02 -3.999285054160094804e-02
7.483595510074617096e-02 1.997334361151948193e-02 -3.907560644545454709e-02
7.425905889501460688e-02 2.026042565918280067e-02 -3.816784400391060039e-02
7.368660987288268294e-02 2.052922970315322962e-02 -3.726970327555916007e-02
7.311857375185422392e-02 2.078018451076894466e-02 -3.638131550961765798e-02
7.255491651371030748e-02 2.101371426044202836e-02 -3.550280335164179152e-02
7.199560440247201876e-02 2.123023847956430690e-02 -3.463428104708087679e-02
7.144060392237895629e-02 2.143017198654401448e-02 -3.377585464264504928e-02
7.088988183588312841e-02 2.161392483687489888e-02 -3.292762218545318420e-02
7.034340516165848989e-02 2.178190227313906574e-02 -3.208967391993369778e-02
6.980114117262584128e-02 2.193450467884719771e-02 -3.126209248245134104e-02
6.926305739399278572e-02 2.207212753601994412e-02 -3.044495309363518323e-02
6.872912160130903447e-02 2.219516138641606379e-02 -2.963832374838583708e-02
6.819930181853642304e-02 2.230399179631391976e-02 -2.884226540353998156e-02
6.767356631613398454e-02 2.239899932475369199e-02 -2.805683216317445688e-02
6.715188360915788635e-02 2.248055949514937701e-02 -2.728207146153187324e-02
6.663422245537560518e-02 2.254904277018068143e-02 -2.651802424355201304e-02
6.612055185339520136e-02 2.260481452987579687e-02 -2.576472514299626981e-02
6.561084104080849855e-02 2.264823505279754332e-02 -2.502220265815142605e-02
6.510505949234902945e-02 2.267965950024667873e-02 -2.429047932510346522e-02
6.460317691806369278e-02 2.269943790339688794e-02 -2.356957188857089491e-02
6.410516326149894029e-02 2.270791515327783353e-02 -2.285949147029128076e-02
6.361098869790081378e-02 2.270543099352318947e-02 -2.216024373495400004e-02
6.312062363242861018e-02 2.269232001580221911e-02 -2.147182905367409078e-02
6.263403869838274352e-02 2.266891165785484691e-02 -2.079424266500484730e-02
6.215120475544582551e-02 2.263553020405069741e-02 -2.012747483348570690e-02
6.167209288793783911e-02 2.259249478839460770e-02 -1.947151100572597215e-02
6.119667440308414197e-02 2.254011939990165428e-02 -1.882633196402306100e-02
6.072492082929727142e-02 2.247871289026647304e-02 -1.819191397751836539e-02
6.025680391447189865e-02 2.240857898375271662e-02 -1.756822895089277248e-02
5.979229562429277250e-02 2.233001628922932566e-02 -1.695524457060539059e-02
5.933136814055584712e-02 2.224331831428229614e-02 -1.635292444868109013e-02
5.887399385950243397e-02 2.214877348133096127e-02 -1.576122826405242788e-02
5.842014539016594094e-02 2.204666514567984320e-02 -1.518011190146281893e-02
5.796979555273148316e-02 2.193727161543743837e-02 -1.460952758793913203e-02
5.752291737690830298e-02 2.182086617323565625e-02 -1.404942402684277412e-02
5.707948410031452730e-02 2.169771709968346118e-02 -1.349974652950863309e-02
5.663946916687435246e-02 2.156808769849073021e-02 -1.296043714448260990e-02
5.620284622522773998e-02 2.143223632319863833e-02 -1.243143478436967847e-02
5.576958912715236638e-02 2.129041640545461037e-02 -1.191267535030443928e-02
5.533967192599752172e-02 2.114287648477058967e-02 -1.140409185405707841e-02
5.491306887513031781e-02 2.098986023970501880e-02 -1.090561453778910762e-02
5.448975442639387989e-02 2.083160652040981151e-02 -1.041717099147310317e-02
5.406970322857709843e-02 2.066834938248457085e-02 -9.938686267991403769e-03
5.365289012589664203e-02 2.050031812208206322e-02 -9.470082995930466027e-03
5.323929015649028068e-02 2.032773731220930899e-02 -9.011281490086535048e-03
5.282887855092216478e-02 2.015082684017052705e-02 -8.562199859700402385e-03
5.242163073069922713e-02 1.996980194609866699e-02 -8.122754114438381773e-03
5.201752230679936723e-02 1.978487326252370906e-02 -7.692858268138270603e-03
5.161652907821089736e-02 1.959624685492730028e-02 -7.272424440338882100e-03
5.121862703048311871e-02 1.940412426323328762e-02 -6.861362955612046281e-03
5.082379233428811760e-02 1.920870254418636375e-02 -6.459582440717346469e-03
5.043200134399381668e-02 1.901017431457072832e-02 -6.066989919599525931e-03
5.004323059624787157e-02 1.880872779522265587e-02 -5.683490906249135874e-03
4.965745680857241301e-02 1.860454685579111811e-02 -5.308989495447261411e-03
4.927465687796980104e-02 1.839781106020258600e-02 -4.943388451416091088e-03
4.889480787953907198e-02 1.818869571278633468e-02 -4.586589294396800631e-03
4.851788706510292565e-02 1.797737190501792065e-02 -4.238492385176632730e-03
4.814387186184546780e-02 1.776400656283969037e-02 -3.898997007587933286e-03
4.777273987096042340e-02 1.754876249451787704e-02 -3.568001449001574968e-03
4.740446886630957091e-02 1.733179843899685518e-02 -3.245403078837470409e-03
4.703903679309184849e-02 1.711326911471244480e-02 -2.931098425115926873e-03
4.667642176652244540e-02 1.689332526882655547e-02 -2.624983249072615835e-03
4.631660207052227390e-02 1.667211372684697032e-02 -2.326952617861247161e-03
4.595955615641732217e-02 1.644977744259651029e-02 -2.036900975367363607e-03
4.560526264164822818e-02 1.622645554849720673e-02 -1.754722211157606817e-03
4.525370030848979014e-02 1.600228340613571790e-02 -1.480309727588421552e-03
4.490484810278017741e-02 1.577739265707711960e-02 -1.213556505098353083e-03
4.455868513266013353e-02 1.555191127389538887e-02 -9.543551657086782715e-04
4.421519066732171321e-02 1.532596361138928789e-02 -7.025980347565346975e-04
4.387434413576697667e-02 1.509967045795394293e-02 -4.581772008855925448e-04
4.353612512557580860e-02 1.487314908707823395e-02 -2.209845743184259029e-04
4.320051338168359734e-02 1.464651330894012511e-02 9.088056564142679155e-06
4.286748880516823290e-02 1.441987352207202075e-02 2.321489703121377133e-04
4.253703145204633385e-02 1.419333676506924664e-02 4.483064591392028810e-04
4.220912153207891787e-02 1.396700676831598605e-02 6.576687772739307986e-04
4.188373940758624570e-02 1.374098400570323772e-02 8.603440909049844690e-04
4.156086559227172017e-02 1.351536574631432251e-02 1.056440429695205052e-03
4.124048075005485453e-02 1.329024610605444509e-02 1.246065639839664735e-03
4.092256569391339305e-02 1.306571609920135178e-02 1.429327338642829908e-03
4.060710138473423714e-02 1.284186368985492342e-02 1.606332870590104593e-03
4.029406893017314223e-02 1.261877384326406774e-02 1.777189264888974886e-03
3.998344958352338663e-02 1.239652857701061678e-02 1.942003194454910162e-03
3.967522474259309317e-02 1.217520701202983932e-02 2.100880936317443132e-03
3.936937594859112044e-02 1.195488542344842926e-02 2.253928333421957239e-03
3.906588488502164835e-02 1.173563729122125213e-02 2.401250757802492804e-03
3.876473337658731255e-02 1.151753335054909663e-02 2.542953075101288610e-03
3.846590338810058907e-02 1.130064164205966254e-02 2.679139610410866471e-03
3.816937702340385957e-02 1.108502756173575590e-02 2.809914115414220009e-03
3.787513652429755351e-02 1.087075391057403667e-02 2.935379736799330428e-03
3.758316426947676953e-02 1.065788094395940001e-02 3.055638985923882309e-03
3.729344277347582809e-02 1.044646642073982813e-02 3.170793709706538205e-03
3.700595468562122015e-02 1.023656565198775674e-02 3.280945062721004560e-03
3.672068278899253552e-02 1.002823154943427442e-02 3.386193480469427714e-03
3.643760999939128775e-02 9.821514673562977901e-03 3.486638653811860791e-03
3.615671936431787137e-02 9.616463281351234418e-03 3.582379504528492888e-03
3.587799406195624208e-02 9.413123373646706260e-03 3.673514161991760837e-03
3.560141740016661838e-02 9.211538742168023236e-03 3.760139940925375825e-03
3.532697281548573265e-02 9.011751016118323826e-03 3.842353320227783267e-03
3.505464387213489547e-02 8.813799708401787517e-03 3.920249922837451204e-03
3.478441426103577594e-02 8.617722261433053560e-03 3.993924496617759327e-03
3.451626779883359281e-02 8.423554092530179463e-03 4.063470896239465037e-03
3.425018842692798687e-02 8.231328638882482937e-03 4.128982066038798353e-03
3.398616021051135971e-02 8.041077402084723796e-03 4.190550023829526377e-03
3.372416733761444269e-02 7.852829992229666892e-03 4.248265845647612900e-03
3.346419411815950568e-02 7.666614171551852132e-03 4.302219651407083144e-03
3.320622498302062270e-02 7.482455897615190345e-03 4.352500591446194569e-03
3.295024448309135517e-02 7.300379366038098339e-03 4.399196833943005112e-03
3.269623728835945736e-02 7.120407052749775506e-03 4.442395553179829225e-03
3.244418818698884682e-02 6.942559755772109882e-03 4.482182918636175295e-03
3.219408208440864561e-02 6.766856636521685099e-03 4.518644084890007830e-03
3.194590400240911870e-02 6.593315260626961619e-03 4.551863182307511711e-03
3.169963907824474569e-02 6.421951638256221707e-03 4.581923308501632125e-03
3.145527256374404390e-02 6.252780263951773082e-03 4.608906520539958647e-03
3.121278982442646927e-02 6.085814155967014631e-03 4.632893827882782201e-03
3.097217633862586056e-02 5.921064895102368282e-03 4.653965186032384301e-03
3.073341769662083292e-02 5.758542663037394260e-03 4.672199490874815765e-03
3.049649959977186395e-02 5.598256280156081732e-03 4.687674573695707440e-03
3.026140785966487806e-02 5.440213242862783002e-03 4.700467196851912215e-03
3.002812839726161365e-02 5.284419760386829291e-03 4.710653050080968428e-03
2.979664724205647805e-02 5.130880791073875666e-03 4.718306747430683554e-03
2.956695053123983494e-02 4.979600078162382641e-03 4.723501824791340870e-03
2.933902450886780380e-02 4.830580185044084339e-03 4.726310738013293766e-03
2.911285552503848489e-02 4.683822530007470883e-03 4.726804861592957818e-03
2.888843003507452628e-02 4.539327420463562524e-03 4.725054487910522981e-03
2.866573459871187696e-02 4.397094086653462013e-03 4.721128827002780276e-03
2.844475587929494800e-02 4.257120714837742473e-03 4.715096006854967332e-03
2.822548064297792855e-02 4.119404479967586630e-03 4.707023074195538885e-03
2.800789575793219410e-02 3.983941577838015675e-03 4.696975995778201150e-03
2.779198819355989045e-02 3.850727256723892548e-03 4.685019660135665218e-03
2.757774501971362729e-02 3.719755848499390477e-03 4.671217879789932824e-03
2.736515340592200404e-02 3.591020799241929472e-03 4.655633393904104814e-03
2.715420062062132850e-02 3.464514699321970693e-03 4.638327871360971473e-03
2.694487403039311224e-02 3.340229312979902093e-03 4.619361914253914542e-03
2.673716109920752995e-02 3.218155607391819020e-03 4.598795061775861476e-03
2.653104938767259294e-02 3.098283781225896327e-03 4.576685794492289273e-03
2.632652655228924152e-02 2.980603292691498714e-03 4.553091538984569212e-03
2.612358034471213772e-02 2.865102887083163883e-03 4.528068672850095629e-03
2.592219861101608541e-02 2.751770623821767417e-03 4.501672530045974958e-03
2.572236929096822361e-02 2.640593902995542596e-03 4.473957406563227289e-03
2.552408041730569802e-02 2.531559491403519071e-03 4.444976566418760641e-03
2.532732011501907451e-02 2.424653548104365418e-03 4.414782247952544689e-03
2.513207660064108173e-02 2.319861649473454069e-03 4.383425670417689067e-03
2.493833818154096715e-02 2.217168813771468443e-03 4.350957040851395966e-03
2.474609325522428641e-02 2.116559525227744171e-03 4.317425561214927564e-03
2.455533030863798691e-02 2.018017757641698932e-03 4.282879435790979544e-03
2.436603791748096978e-02 1.921526997506006838e-03 4.247365878827177171e-03
2.417820474551994267e-02 1.827070266655084164e-03 4.210931122414483287e-03
2.399181954391046284e-02 1.734630144442620651e-03 4.173620424589636300e-03
2.380687115052328162e-02 1.644188789452110874e-03 4.135478077650979120e-03
2.362334848927590686e-02 1.555727960744336755e-03 4.096547416677208224e-03
2.344124056946929671e-02 1.469229038645830524e-03 4.056870828238801942e-03
2.326053648512959107e-02 1.384673045082503596e-03 4.016489759292127260e-03
2.308122541435501940e-02 1.302040663462729819e-03 3.975444726246482076e-03
2.290329661866783231e-02 1.221312258114214035e-03 3.933775324194449530e-03
2.272673944237113552e-02 1.142467893278984077e-03 3.891520236296224650e-03
2.255154331191081343e-02 1.065487351671140503e-03 3.848717243308827276e-03
2.237769773524223710e-02 9.903501526017678951e-04 3.805403233251157709e-03
2.220519230120200985e-02 9.170355696758034558e-04 3.761614211196312105e-03
2.203401667888439663e-02 8.455226480653765635e-04 3.717385309182523034e-03
2.186416061702265226e-02 7.757902213645007832e-04 3.672750796234494370e-03
2.169561394337513396e-02 7.078169280298841686e-04 3.627744088486971677e-03
2.152836656411605265e-02 6.415812274126475329e-04 3.582397759402666370e-03
2.136240846323101891e-02 5.770614153859304285e-04 3.536743550076811970e-03
2.119772970191722422e-02 5.142356395732933455e-04 3.490812379620842395e-03
2.103432041798818444e-02 4.530819141828438265e-04 3.444634355617821019e-03
2.087217082528313589e-02 3.935781344521676662e-04 3.398238784642571442e-03
2.071127121308098673e-02 3.357020907090874908e-04 3.351654182839470478e-03
2.055161194551877180e-02 2.794314820532936734e-04 3.304908286551204704e-03
2.039318346101454821e-02 2.247439296639383468e-04 3.258028062991857442e-03
2.023597627169479440e-02 1.716169897383730233e-04 3.211039720957971008e-03
2.007998096282623268e-02 1.200281660670930706e-04 3.163968721571334877e-03
1.992518819225196081e-02 6.995492225006441774e-05 3.116839789047445158e-03
1.977158868983198634e-02 2.137469355960739179e-05 3.069676921483777653e-03
1.961917325688811164e-02 -2.573510154498311555e-05 3.022503401662172007e-03
1.946793276565295452e-02 -7.139705024597000369e-05 2.975341807859745950e-03
1.931785815872339926e-02 -1.156337345335507326e-04 2.928214024663027427e-03
1.916894044851811391e-02 -1.584677207050235457e-04 2.881141253780041076e-03
1.902117071673935580e-02 -1.999215491914604957e-04 2.834144024845352151e-03
1.887454011383882940e-02 -2.400177247067754413e-04 2.787242206213090979e-03
1.872903985848772476e-02 -2.787787067139573536e-04 2.740455015733320610e-03
1.858466123705086043e-02 -3.162269002033198909e-04 2.693801031507095118e-03
1.844139560306479533e-02 -3.523846467776400914e-04 2.647298202615787615e-03
1.829923437672005201e-02 -3.872742160389826076e-04 2.600963859820413192e-03
1.815816904434724641e-02 -4.209177972721333855e-04 2.554814726226778670e-03
1.801819115790732201e-02 -4.533374914194677270e-04 2.508866927912522214e-03
1.787929233448547900e-02 -4.845553033422416909e-04 2.463136004512059447e-03
1.774146425578928404e-02 -5.145931343631263491e-04 2.417636919755875545e-03
1.760469866765042996e-02 -5.434727750850099851e-04 2.372384071960439728e-03
1.746898737953039155e-02 -5.712158984810236564e-04 2.327391304465338626e-03
1.733432226402999848e-02 -5.978440532507193084e-04 2.282671916014357687e-03
1.720069525640266148e-02 -6.233786574375227776e-04 2.238238671077220302e-03
1.706809835407136280e-02 -6.478409923024370555e-04 2.194103810108952776e-03
1.693652361614943896e-02 -6.712521964490948418e-04 2.150279059743984665e-03
1.680596316296504786e-02 -6.936332601952693334e-04 2.106775642922075788e-03
1.667640917558924421e-02 -7.150050201860026116e-04 2.063604288943399721e-03
1.654785389536767709e-02 -7.353881542435169527e-04 2.020775243450181283e-03
1.642028962345604137e-02 -7.548031764490937970e-04 1.978298278332458939e-03
1.629370872035896742e-02 -7.732704324522269700e-04 1.936182701555528348e-03
1.616810360547245654e-02 -7.908100950022879097e-04 1.894437366906843133e-03
1.604346675663000446e-02 -8.074421596980374668e-04 1.853070683660284698e-03
1.591979070965205204e-02 -8.231864409503695905e-04 1.812090626155642452e-03
1.579706805789896779e-02 -8.380625681536705814e-04 1.771504743291444804e-03
1.567529145182749648e-02 -8.520899820612451436e-04 1.731320167929274387e-03
1.555445359855065629e-02 -8.652879313602976526e-04 1.691543626207844039e-03
1.543454726140094067e-02 -8.776754694420096405e-04 1.652181446765130929e-03
1.531556525949690634e-02 -8.892714513622850762e-04 1.613239569867056140e-03
1.519750046731320470e-02 -9.000945309887728538e-04 1.574723556441281168e-03
1.508034581425381389e-02 -9.101631583298515826e-04 1.536638597014659173e-03
1.496409428422856673e-02 -9.194955770412808517e-04 1.498989520553117589e-03
1.484873891523301286e-02 -9.281098221062782224e-04 1.461780803202775755e-03
1.473427279893149699e-02 -9.360237176848264099e-04 1.425016576931153762e-03
1.462068908024341703e-02 -9.432548751280783262e-04 1.388700638067444024e-03
1.450798095693265136e-02 -9.498206911537522687e-04 1.352836455740875432e-03
1.439614167920026666e-02 -9.557383461784620116e-04 1.317427180216351095e-03
1.428516454928024752e-02 -9.610248028030105851e-04 1.282475651126473637e-03
1.417504292103835550e-02 -9.656968044466718651e-04 1.247984405599269608e-03
1.406577019957417837e-02 -9.697708741265744078e-04 1.213955686280986102e-03
1.395733984082614051e-02 -9.732633133783359040e-04 1.180391449253300178e-03
1.384974535117957338e-02 -9.761902013141584211e-04 1.147293371844463391e-03
1.374298028707785814e-02 -9.785673938146198687e-04 1.114662860333934507e-03
1.363703825463655206e-02 -9.804105228504922040e-04 1.082501057550096235e-03
1.353191290926046043e-02 -9.817349959309112570e-04 1.050808850360708362e-03
1.342759795526363674e-02 -9.825559956743391745e-04 1.019586877055851399e-03
1.332408714549241681e-02 -9.828884794987455178e-04 9.888355346231731801e-04
1.322137428095126153e-02 -9.827471794275441808e-04 9.585549859152413992e-04
1.311945321043148441e-02 -9.821466020078332710e-04 9.287451667089193733e-04
1.301831783014294197e-02 -9.811010283375537228e-04 8.994057926567732659e-04
1.291796208334840962e-02 -9.796245141982398794e-04 8.705363661304247941e-04
1.281837996000094980e-02 -9.777308902900740898e-04 8.421361829560257114e-04
1.271956549638389097e-02 -9.754337625660087618e-04 8.142043390418462600e-04
1.262151277475376081e-02 -9.727465126617979149e-04 7.867397368982489677e-04
1.252421592298584747e-02 -9.696822984187830965e-04 7.597410920501627149e-04
1.242766911422250528e-02 -9.662540544963808733e-04 7.332069393423418929e-04
1.233186656652426362e-02 -9.624744930712372153e-04 7.071356391377292983e-04
1.223680254252352759e-02 -9.583561046200804456e-04 6.815253834092005383e-04
1.214247134908096049e-02 -9.539111587833433480e-04 6.563742017250932684e-04
1.204886733694455862e-02 -9.491517053066933322e-04 6.316799671289451872e-04
1.195598490041135595e-02 -9.440895750576497802e-04 6.074404019138768523e-04
1.186381847699168567e-02 -9.387363811145118218e-04 5.836530832920904053e-04
1.177236254707603180e-02 -9.331035199248784466e-04 5.603154489600212099e-04
1.168161163360453142e-02 -9.272021725311067148e-04 5.374248025597169222e-04
1.159156030173894014e-02 -9.210433058600659773e-04 5.149783190369832753e-04
1.150220315853712170e-02 -9.146376740746362151e-04 4.929730498969400526e-04
1.141353485263014132e-02 -9.079958199844260450e-04 4.714059283576550632e-04
1.132555007390175124e-02 -9.011280765132287590e-04 4.502737744024812175e-04
1.123824355317036561e-02 -8.940445682208074092e-04 4.295732997318349347e-04
1.115161006187351950e-02 -8.867552128766272718e-04 4.093011126151401306e-04
1.106564441175477212e-02 -8.792697230832107261e-04 3.894537226436884866e-04
1.098034145455296061e-02 -8.715976079468324127e-04 3.700275453851798748e-04
1.089569608169386680e-02 -8.637481747933191531e-04 3.510189069407525665e-04
1.081170322398433692e-02 -8.557305309267895874e-04 3.324240484053478189e-04
1.072835785130865985e-02 -8.475535854291653447e-04 3.142391302322056733e-04
1.064565497232730987e-02 -8.392260509983765198e-04 2.964602365023811734e-04
1.056358963417808848e-02 -8.307564458232231594e-04 2.790833791001757417e-04
1.048215692217943987e-02 -8.221530954928643218e-04 2.621045017953343797e-04
1.040135195953618800e-02 -8.134241349390062409e-04 2.455194842329827369e-04
1.032116990704741791e-02 -8.045775104088507147e-04 2.293241458321737991e-04
1.024160596281671956e-02 -7.956209814669562390e-04 2.135142495940468897e-04
1.016265536196459679e-02 -7.865621230241705850e-04 1.980855058205120472e-04
1.008431337634307749e-02 -7.774083273918503323e-04 1.830335757444493294e-04
1.000657531425261718e-02 -7.681668063596456446e-04 1.683540750724244676e-04
9.929436520161092836e-03 -7.588445932951305272e-04 1.540425774408824770e-04
9.852892374424975647e-03 -7.494485452636262405e-04 1.400946177868445260e-04
9.776938293012698081e-03 -7.399853451666088067e-04 1.265056956341278113e-04
9.701569727230142590e-03 -7.304615038971268900e-04 1.132712782961055141e-04
9.626782163448210222e-03 -7.208833625106737851e-04 1.003868039960337412e-04
9.552571122832486522e-03 -7.112570944100365077e-04 8.784768490599097245e-05
9.478932161075074095e-03 -7.015887075426683944e-04 7.564931010549097565e-05
9.405860868128399291e-03 -6.918840466091477799e-04 6.378704846079535820e-05
9.333352867941088413e-03 -6.821487952813470044e-04 5.225625142599751687e-05
9.261403818195946408e-03 -6.723884784289926040e-04 4.105225576695427305e-05
9.190009410049854166e-03 -6.626084643532702137e-04 3.017038620909835012e-05
9.119165367875773504e-03 -6.528139670262413357e-04 1.960595801024237671e-05
9.048867449006639530e-03 -6.430100483348100701e-04 9.354279459406933771e-06
8.979111443481320801e-03 -6.332016203280662692e-04 -5.893456972137188812e-07
8.909893173792487672e-03 -6.233934474668225735e-04 -1.022961590210212056e-05
8.841208494636390580e-03 -6.135901488742187375e-04 -1.957122950299353025e-05
8.773053292664674888e-03 -6.037962005863195579e-04 -2.861888253908965928e-05
8.705423486237999844e-03 -5.940159378016125541e-04 -3.737726659585160062e-05
8.638315025181600437e-03 -5.842535571283958987e-04 -4.585106672728247085e-05
8.571723890542740087e-03 -5.745131188290662902e-04 -5.404495944462053966e-05
8.505646094350042055e-03 -5.647985490603239355e-04 -6.196361077037122560e-05
8.440077679374647507e-03 -5.551136421083753504e-04 -6.961167435660894659e-05
8.375014718893200247e-03 -5.454620626182210769e-04 -7.699378966647328312e-05
8.310453316452736175e-03 -5.358473478161737517e-04 -8.411458021778388141e-05
8.246389605637307468e-03 -5.262729097247431740e-04 -9.097865188772422996e-05
8.182819749836414344e-03 -5.167420373690863886e-04 -9.759059127752499438e-05
8.119739942015279099e-03 -5.072578989742445449e-04 -1.039549641360822785e-04
8.057146404486835792e-03 -4.978235441523975058e-04 -1.100763138414731761e-04
7.995035388685482400e-03 -4.884419060794125030e-04 -1.159591599393114208e-04
7.933403174942591993e-03 -4.791158036599939231e-04 -1.216079967368979635e-04
7.872246072263779440e-03 -4.698479436807530773e-04 -1.270272919521337352e-04
7.811560418107830854e-03 -4.606409229505465633e-04 -1.322214854161631232e-04
7.751342578167353010e-03 -4.514972304274651174e-04 -1.371949878287219123e-04
7.691588946151157492e-03 -4.424192493318857521e-04 -1.419521795651635320e-04
7.632295943568272872e-03 -4.334092592449961812e-04 -1.464974095341626213e-04
7.573460019513616158e-03 -4.244694381922534425e-04 -1.508349940850841058e-04
7.515077650455386817e-03 -4.156018647112648119e-04 -1.549692159640147647e-04
7.457145340023996032e-03 -4.068085199035597504e-04 -1.589043233174785793e-04
7.399659618802734151e-03 -3.980912894698139981e-04 -1.626445287428382599e-04
7.342617044119938673e-03 -3.894519657280313659e-04 -1.661940083844217798e-04
7.286014199842874399e-03 -3.808922496142852130e-04 -1.695569010743934999e-04
7.229847696173122805e-03 -3.724137526655791003e-04 -1.727373075174209614e-04
7.174114169443563012e-03 -3.640179989844511592e-04 -1.757392895181851208e-04
7.118810281916963453e-03 -3.557064271849534934e-04 -1.785668692507854846e-04
7.063932721586080148e-03 -3.474803923196448157e-04 -1.812240285691186267e-04
7.009478201975289334e-03 -3.393411677872700829e-04 -1.837147083572991647e-04
6.955443461943789166e-03 -3.312899472208246363e-04 -1.860428079192107315e-04
6.901825265490303674e-03 -3.233278463556989472e-04 -1.882121844062819855e-04
6.848620401559280327e-03 -3.154559048776316675e-04 -1.902266522825944381e-04
6.795825683848566445e-03 -3.076750882502156587e-04 -1.920899828264352504e-04
6.743437950618627781e-03 -2.999862895217247070e-04 -1.938059036674163874e-04
6.691454064503180900e-03 -2.923903311110251650e-04 -1.953780983582990025e-04
6.639870912321287066e-03 -2.848879665723754134e-04 -1.968102059806661253e-04
6.588685404890953605e-03 -2.774798823389306693e-04 -1.981058207835934774e-04
6.537894476844084875e-03 -2.701666994447593419e-04 -1.992684918544899747e-04
6.487495086442947659e-03 -2.629489752252407221e-04 -2.003017228212764715e-04
6.437484215397967953e-03 -2.558272049956709124e-04 -2.012089715850924111e-04
6.387858868687010944e-03 -2.488018237079782824e-04 -2.019936500827227896e-04
6.338616074376000192e-03 -2.418732075854106460e-04 -2.026591240779532601e-04
6.289752883440921129e-03 -2.350416757351049307e-04 -2.032087129810703928e-04
6.241266369591240079e-03 -2.283074917384574022e-04 -2.036456896957313998e-04
6.193153629094645153e-03 -2.216708652192088706e-04 -2.039732804924460627e-04
6.145411780603136746e-03 -2.151319533891896140e-04 -2.041946649079145516e-04
6.098037964980479800e-03 -2.086908625716806496e-04 -2.043129756694834695e-04
6.051029345130990063e-03 -2.023476497023493669e-04 -2.043312986439890474e-04
6.004383105829617061e-03 -1.961023238077337465e-04 -2.042526728102684176e-04
5.958096453553330708e-03 -1.899548474612627771e-04 -2.040800902546298986e-04
5.912166616313857537e-03 -1.839051382168194952e-04 -2.038164961885862597e-04
5.866590843491655514e-03 -1.779530700198401951e-04 -2.034647889881613326e-04
5.821366405671174298e-03 -1.720984745959769162e-04 -2.030278202540962190e-04
5.776490594477423461e-03 -1.663411428173568163e-04 -2.025083948922884718e-04
5.731960722413765447e-03 -1.606808260464647777e-04 -2.019092712138094751e-04
5.687774122700953172e-03 -1.551172374577045130e-04 -2.012331610538563298e-04
5.643928149117436593e-03 -1.496500533366957155e-04 -2.004827299090049643e-04
5.600420175840896582e-03 -1.442789143573724672e-04 -1.996605970921420557e-04
5.557247597290980966e-03 -1.390034268369515907e-04 -1.987693359044628892e-04
5.514407827973247939e-03 -1.338231639688574899e-04 -1.978114738239342108e-04
5.471898302324357602e-03 -1.287376670336997026e-04 -1.967894927096329157e-04
5.429716474558411894e-03 -1.237464465883877614e-04 -1.957058290213762707e-04
5.387859818514479336e-03 -1.188489836334975948e-04 -1.945628740540785025e-04
5.346325827505345359e-03 -1.140447307590040162e-04 -1.933629741862715921e-04
5.305112014167351168e-03 -1.093331132684860127e-04 -1.921084311422403964e-04
5.264215910311472943e-03 -1.047135302819473933e-04 -1.908015022672372870e-04
5.223635066775472215e-03 -1.001853558173665143e-04 -1.894444008152430673e-04
5.183367053277248421e-03 -9.574793985112962404e-05 -1.880392962487592004e-04
5.143409458269288664e-03 -9.140060935748001473e-05 -1.865883145501229647e-04
5.103759888794228566e-03 -8.714266932713339098e-05 -1.850935385438439850e-04
5.064415970341571045e-03 -8.297340376522257057e-05 -1.835570082294797514e-04
5.025375346705471952e-03 -7.889207666871964791e-05 -1.819807211245670587e-04
4.986635679843623783e-03 -7.489793298350516182e-05 -1.803666326171424281e-04
4.948194649737241817e-03 -7.099019954125470450e-05 -1.787166563273943031e-04
4.910049954252138776e-03 -6.716808597631466831e-05 -1.770326644779968855e-04
4.872199309000842075e-03 -6.343078562274174147e-05 -1.753164882726855351e-04
4.834640447205776174e-03 -5.977747639168986372e-05 -1.735699182826439533e-04
4.797371119563537817e-03 -5.620732162933373365e-05 -1.717947048402864666e-04
4.760389094110179138e-03 -5.271947095550972624e-05 -1.699925584400182623e-04
4.723692156087524671e-03 -4.931306108326931592e-05 -1.681651501455747250e-04
4.687278107810564746e-03 -4.598721661954569099e-05 -1.663141120035496441e-04
4.651144768535825542e-03 -4.274105084712235295e-05 -1.644410374627236309e-04
4.615289974330760887e-03 -3.957366648810909597e-05 -1.625474817988207025e-04
4.579711577944183161e-03 -3.648415644913290319e-05 -1.606349625443290120e-04
4.544407448677656100e-03 -3.347160454844118625e-05 -1.587049599230238987e-04
4.509375472257886805e-03 -3.053508622513107114e-05 -1.567589172888486442e-04
4.474613550710119549e-03 -2.767366923071534328e-05 -1.547982415688127142e-04
4.440119602232482816e-03 -2.488641430323372368e-05 -1.528243037095732774e-04
4.405891561071332077e-03 -2.217237582412758695e-05 -1.508384391273820077e-04
4.371927377397523233e-03 -1.953060245808917146e-05 -1.488419481610761357e-04
4.338225017183647975e-03 -1.696013777610510352e-05 -1.468360965278122613e-04
4.304782462082241447e-03 -1.446002086191406270e-05 -1.448221157812424123e-04
4.271597709304894575e-03 -1.202928690209414802e-05 -1.428012037718414588e-04
4.238668771502305740e-03 -9.666967760001779497e-06 -1.407745251091025807e-04
4.205993676645284826e-03 -7.372092533787326465e-06 -1.387432116253291140e-04
4.173570467906637625e-03 -5.143688098703905773e-06 -1.367083628407504529e-04
4.141397203543973997e-03 -2.980779633934532754e-06 -1.346710464297052939e-04
4.109471956783434556e-03 -8.823911341641819178e-07 -1.326322986876400645e-04
4.077792815704297733e-03 1.152454093885205967e-06 -1.305931249986754200e-04
4.046357883124464608e-03 3.124732949729544295e-06 -1.285545003035032591e-04
4.015165276486864880e-03 5.035422071981627557e-06 -1.265173695673860340e-04
3.984213127746704178e-03 6.885497385573973789e-06 -1.244826482480309432e-04
3.953499583259581333e-03 8.675933663119532495e-06 -1.224512227631228728e-04
3.923022803670505980e-03 1.040770410018344145e-05 -1.204239509573095431e-04
3.892780963803702844e-03 1.208177990424913954e-05 -1.184016625684278370e-04
3.862772252553351490e-03 1.369912989714602359e-05 -1.163851596927840661e-04
3.832994872775100613e-03 1.526072013072468775e-05 -1.143752172492889136e-04
3.803447041178433224e-03 1.676751351555255006e-05 -1.123725834422664244e-04
3.774126988219891812e-03 1.822046946240743709e-05 -1.103779802227618771e-04
3.745032957997094115e-03 1.962054353635168128e-05 -1.083921037481713377e-04
3.716163208143567678e-03 2.096868712316420376e-05 -1.064156248400302925e-04
3.687516009724421413e-03 2.226584710791035905e-05 -1.044491894398025922e-04
3.659089647132797354e-03 2.351296556543388367e-05 -1.024934190625124297e-04
3.630882417987116046e-03 2.471097946255205167e-05 -1.005489112480725101e-04
3.602892633029144195e-03 2.586082037173657996e-05 -9.861624001016787390e-05
3.575118616022820387e-03 2.696341419606800688e-05 -9.669595628255434506e-05
3.547558703653861008e-03 2.801968090524811298e-05 -9.478858836264154007e-05
3.520211245430165427e-03 2.903053428245680971e-05 -9.289464235223598618e-05
3.493074603582964951e-03 2.999688168184473647e-05 -9.101460259531921743e-05
3.466147152968730282e-03 3.091962379645076626e-05 -8.914893211274645200e-05
3.439427280971871746e-03 3.179965443633435960e-05 -8.729807303375703754e-05
3.412913387408126470e-03 3.263786031672013909e-05 -8.546244702418382615e-05
3.386603884428766517e-03 3.343512085594438013e-05 -8.364245571126918623e-05
3.360497196425487037e-03 3.419230798300461235e-05 -8.183848110498192813e-05
3.334591759936039474e-03 3.491028595450784434e-05 -8.005088601574739072e-05
3.308886023550618952e-03 3.558991118081694281e-05 -7.828001446850425110e-05
3.283378447818945112e-03 3.623203206119910173e-05 -7.652619211300090100e-05
3.258067505158058520e-03 3.683748882777746392e-05 -7.478972663025423536e-05
3.232951679760857813e-03 3.740711339809235138e-05 -7.307090813509817099e-05
3.208029467505310334e-03 3.794172923607878444e-05 -7.137000957474685481e-05
3.183299375864367085e-03 3.844215122127035103e-05 -6.968728712330908169e-05
3.158759923816596270e-03 3.890918552603817948e-05 -6.802298057219158039e-05
3.134409641757478649e-03 3.934362950068072097e-05 -6.637731371632973377e-05
3.110247071411391135e-03 3.974627156617724214e-05 -6.475049473619199768e-05
3.086270765744289057e-03 4.011789111442275310e-05 -6.314271657550859238e-05
3.062479288877038072e-03 4.045925841576351244e-05 -6.155415731467289914e-05
3.038871215999417418e-03 4.077113453365406001e-05 -5.998498053977342049e-05
3.015445133284805779e-03 4.105427124625872726e-05 -5.843533570721660861e-05
2.992199637805506834e-03 4.130941097482331242e-05 -5.690535850390013490e-05
2.969133337448711871e-03 4.153728671864439034e-05 -5.539517120290259050e-05
2.946244850833164113e-03 4.173862199646505435e-05 -5.390488301466334618e-05
2.923532807226401128e-03 4.191413079413009623e-05 -5.243459043361597309e-05
2.900995846462684630e-03 4.206451751833337226e-05 -5.098437758025835151e-05
2.878632618861536995e-03 4.219047695629431194e-05 -4.955431653863196927e-05
2.856441785146903584e-03 4.229269424120126407e-05 -4.814446768919264960e-05
2.834422016366963410e-03 4.237184482326259403e-05 -4.675488003705796978e-05
2.812571993814532226e-03 4.242859444620809248e-05 -4.538559153561432837e-05
2.790890408948083594e-03 4.246359912908577650e-05 -4.403662940547395068e-05
2.769375963313397068e-03 4.247750515320095332e-05 -4.270801044877452083e-05
2.748027368465789239e-03 4.247094905404739793e-05 -4.139974135881219756e-05
2.726843345892945858e-03 4.244455761808197368e-05 -4.011181902500574384e-05
2.705822626938369363e-03 4.239894788419668736e-05 -3.884423083319156012e-05
2.684963952725394950e-03 4.233472714974433938e-05 -3.759695496124741215e-05
2.664266074081791252e-03 4.225249298097594826e-05 -3.636996067004923778e-05
2.643727751464968606e-03 4.215283322775101603e-05 -3.516320858976744955e-05
2.623347754887736354e-03 4.203632604238263570e-05 -3.397665100150687375e-05
2.603124863844629138e-03 4.190353990248341321e-05 -3.281023211430036799e-05
2.583057867238843820e-03 4.175503363767894176e-05 -3.166388833747015128e-05
2.563145563309681199e-03 4.159135646005844659e-05 -3.053754854836343281e-05
2.543386759560594020e-03 4.141304799823424399e-05 -2.943113435548327163e-05
2.523780272687766238e-03 4.122063833488434902e-05 -2.834456035702667109e-05
2.504324928509239160e-03 4.101464804765366358e-05 -2.727773439484931209e-05
2.485019561894607001e-03 4.079558825329280235e-05 -2.623055780387779251e-05
2.465863016695235034e-03 4.056396065491448102e-05 -2.520292565698809911e-05
2.446854145675011159e-03 4.032025759225042055e-05 -2.419472700537416432e-05
2.427991810441656496e-03 4.006496209479367922e-05 -2.320584511443164098e-05
2.409274881378542944e-03 3.979854793771316101e-05 -2.223615769518016495e-05
2.390702237577035927e-03 3.952147970042934553e-05 -2.128553713125205061e-05
2.372272766769380550e-03 3.923421282774317866e-05 -2.035385070147635762e-05
2.353985365262082144e-03 3.893719369341034720e-05 -1.944096079808565046e-05
2.335838937869805058e-03 3.863085966605743705e-05 -1.854672514057703522e-05
2.317832397849795781e-03 3.831563917733701630e-05 -1.767099698525975224e-05
2.299964666836794378e-03 3.799195179222111059e-05 -1.681362533052023793e-05
2.282234674778451603e-03 3.766020828133511984e-05 -1.597445511783942472e-05
2.264641359871249950e-03 3.732081069523555364e-05 -1.515332742859712795e-05
2.247183668496913027e-03 3.697415244053751043e-05 -1.435007967669834437e-05
2.229860555159311492e-03 3.662061835779939083e-05 -1.356454579705864380e-05
2.212670982421848214e-03 3.626058480107482263e-05 -1.279655642998528464e-05
2.195613920845322208e-03 3.589441971904285206e-05 -1.204593910149232732e-05
2.178688348926290010e-03 3.552248273763110851e-05 -1.131251839958962730e-05
2.161893253035885448e-03 3.514512524404625699e-05 -1.059611614658364126e-05
2.145227627359108224e-03 3.476269047212983345e-05 -9.896551567431110548e-06
2.128690473834602120e-03 3.437551358895898142e-05 -9.213641454187280675e-06
2.112280802094877296e-03 3.398392178261276018e-05 -8.547200326588587740e-06
2.095997629406992722e-03 3.358823435102725616e-05 -7.897040588812685133e-06
2.079839980613715656e-03 3.318876279186486384e-05 -7.262972682459004157e-06
2.063806888075115243e-03 3.278581089332374617e-05 -6.644805235791572546e-06
2.047897391610609304e-03 3.237967482581612029e-05 -6.042345209288211996e-06
2.032110538441469529e-03 3.197064323444639321e-05 -5.455398037540782123e-06
2.016445383133760351e-03 3.155899733222001575e-05 -4.883767767549372238e-06
2.000900987541711067e-03 3.114501099391723708e-05 -4.327257193455821562e-06
1.985476420751547226e-03 3.072895085056804936e-05 -3.785667987762244149e-06
1.970170759025721002e-03 3.031107638446359562e-05 -3.258800829077770728e-06
1.954983085747613418e-03 2.989164002464520930e-05 -2.746455526441943795e-06
1.939912491366626223e-03 2.947088724280912342e-05 -2.248431140267602514e-06
1.924958073343710063e-03 2.904905664957054871e-05 -1.764526099950898161e-06
1.910118936097323717e-03 2.862638009103039656e-05 -1.294538318194567422e-06
1.895394190949793419e-03 2.820308274558936277e-05 -8.382653020898300735e-07
1.880782956074089369e-03 2.777938322095659164e-05 -3.955042610038018672e-07
1.866284356441023787e-03 2.735549365130144465e-05 3.394778868065080068e-08
1.851897523766842966e-03 2.693161979449754822e-05 4.502939219270142186e-07
1.837621596461223947e-03 2.650796112941076530e-05 8.537372064620999325e-07
1.823455719575684496e-03 2.608471095318421582e-05 1.244480607200875943e-06
1.809399044752379266e-03 2.566205647847384739e-05 1.622726893633416087e-06
1.795450730173287152e-03 2.524017893059050710e-05 1.988678550126914359e-06
1.781609940509808025e-03 2.481925364450592906e-05 2.342537689095868293e-06
1.767875846872731579e-03 2.439945016168033334e-05 2.684505966994743767e-06
1.754247626762593226e-03 2.398093232667161917e-05 3.014784503086303476e-06
1.740724464020427902e-03 2.356385838348793433e-05 3.333573800938921601e-06
1.727305548778875150e-03 2.314838107164438603e-05 3.641073672607912964e-06
1.713990077413698153e-03 2.273464772188984938e-05 3.937483165453146339e-06
1.700777252495644723e-03 2.232280035156642456e-05 4.223000491548765790e-06
1.687666282742690364e-03 2.191297575956935176e-05 4.497822959638414991e-06
1.674656382972657120e-03 2.150530562087427883e-05 4.762146909590333174e-06
1.661746774056188907e-03 2.109991658060046313e-05 5.016167649307733210e-06
1.648936682870085066e-03 2.069693034757926896e-05 5.260079394048907941e-06
1.636225342251009917e-03 2.029646378739997787e-05 5.494075208112145793e-06
1.623611990949544708e-03 1.989862901490378072e-05 5.718346948841317595e-06
1.611095873584594091e-03 1.950353348609970366e-05 5.933085212907572226e-06
1.598676240598156462e-03 1.911128008947687062e-05 6.138479284822862435e-06
1.586352348210431484e-03 1.872196723668808786e-05 6.334717087642070810e-06
1.574123458375271522e-03 1.833568895258099959e-05 6.521985135809973090e-06
1.561988838735991515e-03 1.795253496455509357e-05 6.700468490109800345e-06
1.549947762581505191e-03 1.757259079122177128e-05 6.870350714670882332e-06
1.537999508802800853e-03 1.719593783034765555e-05 7.031813835992835753e-06
1.526143361849762814e-03 1.682265344606152826e-05 7.185038303943819545e-06
1.514378611688317871e-03 1.645281105530578252e-05 7.330202954691580433e-06
1.502704553757902486e-03 1.608648021351455744e-05 7.467484975525650326e-06
1.491120488929286673e-03 1.572372669950286174e-05 7.597059871529339989e-06
1.479625723462688449e-03 1.536461259954880355e-05 7.719101434061545667e-06
1.468219568966238698e-03 1.500919639065563828e-05 7.833781711007361252e-06
1.456901342354750481e-03 1.465753302297818456e-05 7.941270978758128434e-06
1.445670365808807535e-03 1.430967400140059788e-05 8.041737715881209172e-06
1.434525966734178683e-03 1.396566746625322675e-05 8.135348578440313656e-06
1.423467477721534948e-03 1.362555827315609989e-05 8.222268376928004729e-06
1.412494236506475027e-03 1.328938807197812465e-05 8.302660054771811635e-06
1.401605585929872758e-03 1.295719538490236071e-05 8.376684668376312661e-06
1.390800873898516464e-03 1.262901568358683200e-05 8.444501368663722402e-06
1.380079453346054691e-03 1.230488146541254032e-05 8.506267384076075035e-06
1.369440682194251373e-03 1.198482232881085755e-05 8.562138005002344006e-06
1.358883923314529616e-03 1.166886504766201738e-05 8.612266569594538215e-06
1.348408544489812771e-03 1.135703364475847092e-05 8.656804450937117981e-06
1.338013918376669293e-03 1.104934946432710051e-05 8.695901045534406128e-06
1.327699422467739938e-03 1.074583124360423056e-05 8.729703763081435259e-06
1.317464439054453562e-03 1.044649518345879524e-05 8.758358017483807787e-06
1.307308355190038920e-03 1.015135501805962604e-05 8.782007219092756862e-06
1.297230562652814875e-03 9.860422083582683520e-06 8.800792768122080850e-06
1.287230457909767064e-03 9.573705385955432701e-06 8.814854049213974657e-06
1.277307442080404063e-03 9.291211667635499333e-06 8.824328427121326714e-06
1.267460920900886565e-03 9.012945473421558795e-06 8.829351243474524761e-06
1.257690304688446458e-03 8.738909215295337900e-06 8.830055814601142221e-06
1.247995008306068080e-03 8.469103236293005035e-06 8.826573430367530858e-06
1.238374451127443113e-03 8.203525873405797858e-06 8.819033354011724890e-06
1.228828057002204557e-03 7.942173519509915667e-06 8.807562822937398857e-06
1.219355254221420048e-03 7.685040684325720477e-06 8.792287050439385541e-06
1.209955475483349063e-03 7.432120054407138740e-06 8.773329228331373759e-06
1.200628157859476601e-03 7.183402552162939978e-06 8.750810530447205454e-06
1.191372742760796882e-03 6.938877393910918938e-06 8.724850116987345637e-06
1.182188675904357472e-03 6.698532146967441901e-06 8.695565139682825530e-06
1.173075407280071850e-03 6.462352785775009198e-06 8.663070747749265850e-06
1.164032391117776578e-03 6.230323747070163280e-06 8.627480094604059836e-06
1.155059085854545642e-03 6.002427984095343923e-06 8.588904345320332647e-06
1.146154954102259361e-03 5.778647019858207455e-06 8.547452684791674896e-06
1.137319462615420931e-03 5.558960999442241970e-06 8.503232326582152949e-06
1.128552082259223852e-03 5.343348741372978926e-06 8.456348522436518721e-06
1.119852287977861349e-03 5.131787788044270917e-06 8.406904572426009286e-06
1.111219558763080172e-03 4.924254455209518761e-06 8.355001835705577211e-06
1.102653377622983110e-03 4.720723880543200305e-06 8.300739741858855039e-06
1.094153231551066134e-03 4.521170071277842448e-06 8.244215802807589296e-06
1.085718611495492319e-03 4.325565950922186025e-06 8.185525625262662284e-06
1.077349012328611671e-03 4.133883405066837861e-06 8.124762923694421311e-06
1.069043932816707548e-03 3.946093326283163050e-06 8.062019533800277236e-06
1.060802875589976187e-03 3.762165658122086985e-06 7.997385426448084815e-06
1.052625347112746707e-03 3.582069438219663456e-06 7.930948722074310285e-06
1.044510857653920769e-03 3.405772840515939853e-06 7.862795705516167804e-06
1.036458921257641655e-03 3.233243216594400585e-06 7.793010841257614496e-06
1.028469055714197316e-03 3.064447136149498491e-06 7.721676789069451289e-06
1.020540782531138965e-03 2.899350426589359690e-06 7.648874420023966486e-06
1.012673626904622357e-03 2.737918211781569335e-06 7.574682832865245067e-06
1.004867117690981526e-03 2.580114949950050781e-06 7.499179370716714009e-06
9.971207873785005015e-04 2.425904470730458608e-06 7.422439638107392211e-06
9.894341720594287438e-04 2.275250011393114432e-06 7.344537518299628254e-06
9.818068114021915281e-04 2.128114252240908910e-06 7.265545190900435795e-06
9.742382486238204166e-04 1.984459351191087931e-06 7.185533149739775637e-06
9.667280304626029580e-04 1.844246977549567582e-06 7.104570220999240209e-06
9.592757071509355662e-04 1.707438344986093440e-06 7.022723581574738538e-06
9.518808323883849992e-04 1.573994243719272281e-06 6.940058777657536131e-06
9.445429633149666788e-04 1.443875071920484200e-06 6.856639743518313424e-06
9.372616604846191425e-04 1.317040866345372878e-06 6.772528820478932649e-06
9.300364878388853607e-04 1.193451332202187979e-06 6.687786776057459371e-06
9.228670126808026552e-04 1.073065872266261651e-06 6.602472823272110271e-06
9.157528056489873391e-04 9.558436152495741805e-07 6.516644640090053726e-06
9.086934406919187435e-04 8.417434434349220513e-07 6.430358389007536075e-06
9.016884950424293487e-04 7.307240195841325967e-07 6.343668736748203704e-06
8.947375491923834599e-04 6.227438131295438336e-07 6.256628874066522448e-06
8.878401868675517977e-04 5.177611256583629790e-07 6.169290535643876784e-06
8.809959950026869909e-04 4.157341156995275883e-07 6.081704020065165965e-06
8.742045637167836008e-04 3.166208228224455424e-07 5.993918209863930192e-06
8.674654862885270139e-04 2.203791910572665168e-07 5.905980591624410959e-06
8.607783591319456218e-04 1.269670916465534444e-07 5.817937276129648485e-06
8.541427817722315949e-04 3.634234513757533240e-08 5.729833018544188062e-06
8.475583568217638598e-04 -5.153725717469565447e-08 5.641711238621343583e-06
8.410246899563074766e-04 -1.367139324444712025e-07 5.553614040924376129e-06
8.345413898913959204e-04 -2.192298861021433012e-07 5.465582235051728154e-06
8.281080683589028824e-04 -2.991272923016089800e-07 5.377655355856792598e-06
8.217243400837872169e-04 -3.764482749784110380e-07 5.289871683652606530e-06
8.153898227610181923e-04 -4.512348895089266683e-07 5.202268264392515291e-06
8.091041370326844048e-04 -5.235291049608497792e-07 5.114880929818133560e-06
8.028669064652724794e-04 -5.933727869254945292e-07 5.027744317565833981e-06
7.966777575271217354e-04 -6.608076809221723938e-07 4.940891891223741117e-06
7.905363195660583975e-04 -7.258753963650073687e-07 4.854355960331281331e-06
7.844422247871961221e-04 -7.886173910827064566e-07 4.768167700313468763e-06
7.783951082309076112e-04 -8.490749563816933190e-07 4.682357172342581966e-06
7.723946077509723012e-04 -9.072892026430201754e-07 4.596953343120183006e-06
7.664403639928868981e-04 -9.633010454436875398e-07 4.511984104572396171e-06
7.605320203723398443e-04 -1.017151192192936485e-06 4.427476293451818218e-06
7.546692230538653299e-04 -1.068880129273934549e-06 4.343455710839927677e-06
7.488516209296445375e-04 -1.118528109681815115e-06 4.259947141543357532e-06
7.430788655984848059e-04 -1.166135141148505669e-06 4.176974373378614504e-06
7.373506113449517733e-04 -1.211740974745258507e-06 4.094560216339123446e-06
7.316665151186641522e-04 -1.255385093953685732e-06 4.012726521639416377e-06
7.260262365137531938e-04 -1.297106704196077970e-06 3.931494200631173056e-06
7.204294377484742658e-04 -1.336944722816074193e-06 3.850883243585974999e-06
7.148757836449763994e-04 -1.374937769500616651e-06 3.770912738340087131e-06
7.093649416092331645e-04 -1.411124157134235443e-06 3.691600888796721931e-06
7.038965816111222981e-04 -1.445541883076859519e-06 3.612965033281242117e-06
6.984703761646597229e-04 -1.478228620856327380e-06 3.535021662745224298e-06
6.930860003083904501e-04 -1.509221712266856751e-06 3.457786438815471538e-06
6.877431315859256324e-04 -1.538558159864873711e-06 3.381274211684022169e-06
6.824414500266302126e-04 -1.566274619853605799e-06 3.305499037835662536e-06
6.771806381264637706e-04 -1.592407395347909707e-06 3.230474197609573745e-06
6.719603808289642674e-04 -1.616992430011000843e-06 3.156212212591774692e-06
6.667803655063793498e-04 -1.640065302054682646e-06 3.082724862835364983e-06
6.616402819409452143e-04 -1.661661218594854129e-06 3.010023203905742470e-06
6.565398223063075023e-04 -1.681815010354123470e-06 2.938117583747993006e-06
6.514786811490881277e-04 -1.700561126703447824e-06 2.867017659374021835e-06
6.464565553705913176e-04 -1.717933631034810534e-06 2.796732413366938480e-06
6.414731442086497306e-04 -1.733966196457022159e-06 2.727270170200533909e-06
6.365281492196168348e-04 -1.748692101806825903e-06 2.658638612371859041e-06
6.316212742604910158e-04 -1.762144227967568127e-06 2.590844796344840359e-06
6.267522254711798725e-04 -1.774355054487840704e-06 2.523895168303265254e-06
6.219207112569041579e-04 -1.785356656492476589e-06 2.457795579711559929e-06
6.171264422707335587e-04 -1.795180701878505476e-06 2.392551302681745828e-06
6.123691313962569167e-04 -1.803858448788682160e-06 2.328167045145327345e-06
6.076484937303906850e-04 -1.811420743355309674e-06 2.264646965828921578e-06
6.029642465663153207e-04 -1.817898017707200830e-06 2.201994689032452746e-06
5.983161093765428660e-04 -1.823320288232696557e-06 2.140213319209010456e-06
5.937038037961203793e-04 -1.827717154091732884e-06 2.079305455345591698e-06
5.891270536059575085e-04 -1.831117795970098361e-06 2.019273205143907067e-06
5.845855847162830833e-04 -1.833550975069069866e-06 1.960118199000701062e-06
5.800791251502346313e-04 -1.835045032323728040e-06 1.901841603787185815e-06
5.756074050275641202e-04 -1.835627887843357557e-06 1.844444136426997447e-06
5.711701565484823698e-04 -1.835327040567427868e-06 1.787926077272716558e-06
5.667671139776177388e-04 -1.834169568130736240e-06 1.732287283280476379e-06
5.623980136281003621e-04 -1.832182126931410103e-06 1.677527200982774022e-06
5.580625938457743239e-04 -1.829390952395552115e-06 1.623644879259521646e-06
5.537605949935259491e-04 -1.825821859432408566e-06 1.570638981907366360e-06
5.494917594357333086e-04 -1.821500243074026636e-06 1.518507800007542269e-06
5.452558315228402987e-04 -1.816451079293507914e-06 1.467249264092634583e-06
5.410525575760448879e-04 -1.810698925995992690e-06 1.416860956112515592e-06
5.368816858721053246e-04 -1.804267924176656486e-06 1.367340121199995466e-06
5.327429666282681000e-04 -1.797181799240097489e-06 1.318683679236794577e-06
5.286361519873075850e-04 -1.789463862475540778e-06 1.270888236220358242e-06
5.245609960026812423e-04 -1.781137012682443633e-06 1.223950095432279425e-06
5.205172546238034503e-04 -1.772223737941139975e-06 1.177865268409152263e-06
5.165046856814278558e-04 -1.762746117523257966e-06 1.132629485716607115e-06
5.125230488731440017e-04 -1.752725823936765646e-06 1.088238207527495925e-06
5.085721057489894217e-04 -1.742184125100573021e-06 1.044686634005257042e-06
5.046516196971638675e-04 -1.731141886643685894e-06 1.001969715493344219e-06
5.007613559298655084e-04 -1.719619574324103689e-06 9.600821625120576871e-07
4.969010814692267691e-04 -1.707637256562578752e-06 9.190184555636941137e-07
4.930705651333609730e-04 -1.695214607086595600e-06 8.787728547473677188e-07
4.892695775225203332e-04 -1.682370907679977514e-06 8.393394091847790436e-07
4.854978910053558039e-04 -1.669125051033542887e-06 8.007119662581586083e-07
4.817552797052844851e-04 -1.655495543692445940e-06 7.628841806618115463e-07
4.780415194869643632e-04 -1.641500509095836400e-06 7.258495232686975598e-07
4.743563879428703157e-04 -1.627157690704591127e-06 6.896012898134312014e-07
4.706996643799734952e-04 -1.612484455212959605e-06 6.541326093932415403e-07
4.670711298065270732e-04 -1.597497795840065995e-06 6.194364527884640474e-07
4.634705669189500502e-04 -1.582214335697247750e-06 5.855056406040639482e-07
4.598977600888124926e-04 -1.566650331227364077e-06 5.523328512338517567e-07
4.563524953499243112e-04 -1.550821675712244171e-06 5.199106286490609159e-07
4.528345603855202630e-04 -1.534743902844536222e-06 4.882313900129061200e-07
4.493437445155436141e-04 -1.518432190360318527e-06 4.572874331228683159e-07
4.458798386840316110e-04 -1.501901363728916893e-06 4.270709436824734027e-07
4.424426354465946253e-04 -1.485165899896420742e-06 3.975740024042758467e-07
4.390319289579901131e-04 -1.468239931079495404e-06 3.687885919458515495e-07
4.356475149598004401e-04 -1.451137248606219130e-06 3.407066036807011377e-07
4.322891907681953834e-04 -1.433871306800613253e-06 3.133198443057517019e-07
4.289567552617970904e-04 -1.416455226907783116e-06 2.866200422874696433e-07
4.256500088696344298e-04 -1.398901801056527096e-06 2.605988541483608014e-07
4.223687535591898797e-04 -1.381223496256415619e-06 2.352478705957951614e-07
4.191127928245423130e-04 -1.363432458426432751e-06 2.105586224950956330e-07
4.158819316745973865e-04 -1.345540516452269096e-06 1.865225866887663919e-07
4.126759766214091658e-04 -1.327559186269511030e-06 1.631311916638355346e-07
4.094947356685947745e-04 -1.309499674970013874e-06 1.403758230692880154e-07
4.063380182998350748e-04 -1.291372884928788708e-06 1.182478290855083759e-07
4.032056354674639818e-04 -1.273189417948848409e-06 9.673852564773725278e-08
4.000973995811492301e-04 -1.254959579421521993e-06 7.583920152554717351e-08
3.970131244966569497e-04 -1.236693382499781075e-06 5.554112326028615429e-08
3.939526255047027061e-04 -1.218400552282205486e-06 3.583553996251176074e-08
3.909157193198920964e-04 -1.200090530005338543e-06 1.671368797144075865e-08
3.879022240697431478e-04 -1.181772477242142221e-06 -1.833204621620070806e-09
3.849119592837936641e-04 -1.163455280104408611e-06 -1.981391358382577372e-08
3.819447458827944942e-04 -1.145147553447043103e-06 -3.723721428330699066e-08
3.790004061679839542e-04 -1.126857645072142379e-06 -5.411187756165282905e-08
3.760787638104474127e-04 -1.108593639930928141e-06 -7.044666573432814407e-08
3.731796438405562402e-04 -1.090363364321582257e-06 -8.625032871703213714e-08
3.703028726374886699e-04 -1.072174390081150562e-06 -1.015316002759779625e-07
3.674482779188338708e-04 -1.054034038769731032e-06 -1.162991944000684480e-07
3.646156887302735416e-04 -1.035949385845170111e-06 -1.305618017929956276e-07
