1.000000000000000000e+00 4.753543419436318690e-07 0.000000000000000000e+00
9.986004201026587035e-01 4.742318480198049659e-07 1.328384000946429814e-09
9.972027990292064992e-01 4.731076705460757331e-07 2.650490868986846814e-09
9.958071340381127179e-01 4.719818358508099807e-07 3.966327277659068293e-09
9.944134223916839543e-01 4.708543704260724296e-07 5.275900002023258084e-09
9.930216613560581829e-01 4.697253005626684843e-07 6.579215914346169616e-09
9.916318482011998725e-01 4.685946522496945428e-07 7.876281981772239166e-09
9.902439802008941028e-01 4.674624517392087521e-07 9.167105274217924244e-09
9.888580546327416787e-01 4.663287248332182082e-07 1.045169295200534433e-08
9.874740687781536908e-01 4.651934974011371533e-07 1.173005227216011808e-08
9.860920199223459637e-01 4.640567954107488896e-07 1.300219059143178605e-08
9.847119053543340605e-01 4.629186443299854775e-07 1.426811535024835468e-08
9.833337223669275096e-01 4.617790698178786629e-07 1.552783409230295225e-08
9.819574682567249191e-01 4.606380973751625453e-07 1.678135444997646292e-08
9.805831403241086486e-01 4.594957525162584296e-07 1.802868414673718598e-08
9.792107358732392575e-01 4.583520603173385442e-07 1.926983099415403558e-08
9.778402522120503981e-01 4.572070460174481712e-07 2.050480289737042825e-08
9.764716866522432648e-01 4.560607347146891690e-07 2.173360784714713298e-08
9.751050365092818195e-01 4.549131514678376682e-07 2.295625392957851998e-08
9.737402991023872412e-01 4.537643212455790042e-07 2.417274931888116705e-08
9.723774717545323742e-01 4.526142686321398928e-07 2.538310226082493884e-08
9.710165517924371770e-01 4.514630184742889353e-07 2.658732110601490328e-08
9.696575365465628371e-01 4.503105953947394835e-07 2.778541428383313381e-08
9.683004233511068870e-01 4.491570238747392698e-07 2.897739030861030069e-08
9.669452095439975414e-01 4.480023283268612420e-07 3.016325777578863155e-08
9.655918924668893677e-01 4.468465330494091037e-07 3.134302536770431750e-08
9.642404694651569574e-01 4.456896623467792135e-07 3.251670185526470452e-08
9.628909378878905967e-01 4.445317401503604544e-07 3.368429607379398099e-08
9.615432950878906038e-01 4.433727906606984457e-07 3.484581695796289076e-08
9.601975384216623333e-01 4.422128377168127572e-07 3.600127351868733889e-08
9.588536652494108470e-01 4.410519051992083556e-07 3.715067483912859618e-08
9.575116729350356959e-01 4.398900168753181918e-07 3.829403009848110117e-08
9.561715588461262572e-01 4.387271962393837446e-07 3.943134852551458891e-08
9.548333203539557390e-01 4.375634668688808205e-07 4.056263945211299883e-08
9.534969548334767397e-01 4.363988522548505961e-07 4.168791228370825363e-08
9.521624596633155857e-01 4.352333756135965705e-07 4.280717649082494485e-08
9.508298322257677793e-01 4.340670603742791343e-07 4.392044163202748109e-08
9.494990699067922257e-01 4.328999295564141157e-07 4.502771733893985372e-08
9.481701700960064594e-01 4.317320061778442945e-07 4.612901330449505324e-08
9.468431301866814254e-01 4.305633132622354309e-07 4.722433931772248079e-08
9.455179475757364838e-01 4.293938735528222231e-07 4.831370520949143799e-08
9.441946196637340805e-01 4.282237098335486196e-07 4.939712091033541930e-08
9.428731438548749733e-01 4.270528448490105532e-07 5.047459642506256412e-08
9.415535175569926807e-01 4.258813009387314140e-07 5.154614179496804792e-08
9.402357381815489301e-01 4.247091007348895573e-07 5.261176717065558922e-08
9.389198031436282177e-01 4.235362666089683026e-07 5.367148276436138622e-08
9.376057098619327013e-01 4.223628206477557844e-07 5.472529882414436113e-08
9.362934557587776485e-01 4.211887851762002318e-07 5.577322571171066064e-08
9.349830382600854417e-01 4.200141821696138379e-07 5.681527382556100006e-08
9.336744547953814699e-01 4.188390335788416663e-07 5.785145364272782794e-08
9.323677027977887999e-01 4.176633612554329613e-07 5.888177570575768702e-08
9.310627797040227360e-01 4.164871870354297528e-07 5.990625062494109460e-08
9.297596829543863794e-01 4.153105325103527052e-07 6.092488906735913605e-08
9.284584099927649659e-01 4.141334192489991831e-07 6.193770177646280336e-08
9.271589582666216467e-01 4.129558687964777392e-07 6.294469954669599398e-08
9.258613252269918270e-01 4.117779025251916202e-07 6.394589325932679117e-08
9.245655083284783915e-01 4.105995415608447739e-07 6.494129380626848386e-08
9.232715050292467085e-01 4.094208071705995148e-07 6.593091219489183385e-08
9.219793127910197450e-01 4.082417204782431669e-07 6.691475947989400713e-08
9.206889290790728486e-01 4.070623023802463574e-07 6.789284676207289078e-08
9.194003513622291957e-01 4.058825738539987825e-07 6.886518521239385330e-08
9.181135771128540179e-01 4.047025555689597281e-07 6.983178605890714868e-08
9.168286038068508281e-01 4.035222683545828921e-07 7.079266060147504008e-08
9.155454289236553134e-01 4.023417326641077892e-07 7.174782016583200173e-08
9.142640499462310055e-01 4.011609689477907368e-07 7.269727614793259797e-08
9.129844643610645072e-01 3.999799977634738365e-07 7.364104003117427037e-08
9.117066696581598295e-01 3.987988393020707638e-07 7.457912331760918325e-08
9.104306633310342844e-01 3.976175138123921197e-07 7.551153758159427148e-08
9.091564428767130446e-01 3.964360413082902476e-07 7.643829443326957531e-08
9.078840057957244802e-01 3.952544419165242301e-07 7.735940558041256987e-08
9.066133495920951635e-01 3.940727354702926002e-07 7.827488274071399365e-08
9.053444717733448721e-01 3.928909417792399690e-07 7.918473770387240445e-08
9.040773698504818157e-01 3.917090805117783684e-07 8.008898230150329423e-08
9.028120413379978615e-01 3.905271713046470976e-07 8.098762841813030778e-08
9.015484837538635388e-01 3.893452337616125810e-07 8.188068802592178594e-08
9.002866946195231534e-01 3.881632872260949198e-07 8.276817309207713603e-08
8.990266714598899034e-01 3.869813510711841911e-07 8.365009567710854121e-08
8.977684118033409932e-01 3.857994444068368813e-07 8.452646784783679339e-08
8.965119131817129716e-01 3.846175863836490585e-07 8.539730175511688935e-08
8.952571731302968461e-01 3.834357961952790993e-07 8.626260961023195042e-08
8.940041891878331981e-01 3.822540926327555211e-07 8.712240362531031771e-08
8.927529588965069651e-01 3.810724945315443074e-07 8.797669609542938208e-08
8.915034798019434437e-01 3.798910207648196547e-07 8.882549935764055068e-08
8.902557494532028493e-01 3.787096897771174361e-07 8.966882575987158367e-08
8.890097654027756535e-01 3.775285203853120032e-07 9.050668777751629870e-08
8.877655252065778102e-01 3.763475307623314973e-07 9.133909782253649236e-08
8.865230264239460922e-01 3.751667395177171979e-07 9.216606845806218438e-08
8.852822666176329847e-01 3.739861647182299779e-07 9.298761219783941487e-08
8.840432433538022439e-01 3.728058245981596392e-07 9.380374165245963010e-08
8.828059542020239014e-01 3.716257373491924501e-07 9.461446949459600771e-08
8.815703967352694903e-01 3.704459207742150153e-07 9.541980837021419420e-08
8.803365685299077148e-01 3.692663927638415652e-07 9.621977100229213779e-08
8.791044671656987886e-01 3.680871712345488402e-07 9.701437018381679358e-08
8.778740902257907708e-01 3.669082737850076130e-07 9.780361870940411982e-08
8.766454352967140151e-01 3.657297180659520658e-07 9.858752942742354000e-08
8.754184999683767288e-01 3.645515214265412585e-07 9.936611519739512373e-08
8.741932818340603095e-01 3.633737015980466422e-07 1.001393890150066602e-07
8.729697784904145719e-01 3.621962755966673072e-07 1.009073637808578082e-07
8.717479875374529730e-01 3.610192606534338810e-07 1.016700524980202475e-07
8.705279065785478387e-01 3.598426740481769942e-07 1.024274682348091382e-07
8.693095332204259229e-01 3.586665327034076993e-07 1.031796240475194623e-07
8.680928650731634111e-01 3.574908536493448054e-07 1.039265330603261777e-07
8.668778997501815908e-01 3.563156535724218062e-07 1.046682083917542417e-07
8.656646348682418557e-01 3.551409492371579926e-07 1.054046632449915397e-07
8.644530680474410422e-01 3.539667575234947116e-07 1.061359108515218341e-07
8.632431969112067671e-01 3.527930947592988874e-07 1.068619644432821821e-07
8.620350190862932083e-01 3.516199775509703060e-07 1.075828373221523805e-07
8.608285322027758868e-01 3.504474221140429644e-07 1.082985427579649203e-07
8.596237338940471151e-01 3.492754449526034331e-07 1.090090941685265392e-07
8.584206217968115560e-01 3.481040620238006379e-07 1.097145048859763863e-07
8.572191935510814487e-01 3.469332895682610271e-07 1.104147883461140321e-07
8.560194468001722790e-01 3.457631434995755984e-07 1.111099579769077645e-07
8.548213791906975612e-01 3.445936399008324658e-07 1.118000272961798407e-07
8.536249883725647303e-01 3.434247942857713539e-07 1.124850097370612144e-07
8.524302719989702570e-01 3.422566226526289571e-07 1.131649188890977961e-07
8.512372277263954290e-01 3.410891404921592787e-07 1.138397683053372170e-07
8.500458532146010215e-01 3.399223635094841615e-07 1.145095716131996719e-07
8.488561461266235231e-01 3.387563068783638400e-07 1.151743423459285925e-07
8.476681041287701390e-01 3.375909861873266541e-07 1.158340942297979213e-07
8.464817248906141289e-01 3.364264166220870143e-07 1.164888409073957381e-07
8.452970060849903655e-01 3.352626133646716140e-07 1.171385960931022397e-07
8.441139453879911159e-01 3.340995914838640830e-07 1.177833735086635273e-07
8.429325404789606013e-01 3.329373660612171783e-07 1.184231869275540440e-07
8.417527890404914448e-01 3.317759518792367694e-07 1.190580501072869426e-07
8.405746887584194527e-01 3.306153638280035508e-07 1.196879768604971696e-07
8.393982373218191739e-01 3.294556165244829785e-07 1.203129809986639220e-07
8.382234324229999034e-01 3.282967247643962768e-07 1.209330764137042581e-07
8.370502717575002416e-01 3.271387029865128631e-07 1.215482769449870595e-07
8.358787530240844310e-01 3.259815656173318235e-07 1.221585965053134585e-07
8.347088739247372491e-01 3.248253270339996579e-07 1.227640490176541708e-07
8.335406321646597894e-01 3.236700016176546148e-07 1.233646484402069272e-07
8.323740254522650206e-01 3.225156034521727531e-07 1.239604087198145317e-07
8.312090514991729018e-01 3.213621465590360438e-07 1.245513438306033816e-07
8.300457080202066074e-01 3.202096450964669571e-07 1.251374678070259838e-07
8.288839927333870872e-01 3.190581129928502845e-07 1.257187946910104937e-07
8.277239033599295137e-01 3.179075639130588147e-07 1.262953384828724022e-07
8.265654376242380641e-01 3.167580117169936667e-07 1.268671132690204236e-07
8.254085932539021453e-01 3.156094699871686039e-07 1.274341331311168431e-07
8.242533679796911761e-01 3.144619522632145470e-07 1.279964121815534811e-07
8.230997595355509233e-01 3.133154722680365236e-07 1.285539645870636094e-07
8.219477656585986169e-01 3.121700430263267560e-07 1.291068043752724379e-07
8.207973840891181760e-01 3.110256780635752674e-07 1.296549458105490323e-07
8.196486125705567671e-01 3.098823905992243599e-07 1.301984030221084781e-07
8.185014488495193641e-01 3.087401936124968918e-07 1.307371902084599061e-07
8.173558906757648623e-01 3.075991002698235026e-07 1.312713215614972253e-07
8.162119358022015270e-01 3.064591235081702179e-07 1.318008113309510251e-07
8.150695819848827739e-01 3.053202761073479585e-07 1.323256737111294704e-07
8.139288269830023959e-01 3.041825709900238283e-07 1.328459230038731202e-07
8.127896685588904546e-01 3.030460207326634012e-07 1.333615734475548050e-07
8.116521044780087291e-01 3.019106379899883020e-07 1.338726393288264598e-07
8.105161325089466073e-01 3.007764352575165539e-07 1.343791349411723725e-07
8.093817504234162019e-01 2.996434249313334593e-07 1.348810745523901599e-07
8.082489559962486858e-01 2.985116194652720091e-07 1.353784725575674326e-07
8.071177470053892966e-01 2.973810310918971599e-07 1.358713432332396670e-07
8.059881212318932286e-01 2.962516720082591530e-07 1.363597009530729044e-07
8.048600764599211921e-01 2.951235542541327934e-07 1.368435600590049733e-07
8.037336104767353051e-01 2.939966898366534772e-07 1.373229349020357632e-07
8.026087210726945420e-01 2.928710907617521197e-07 1.377978398827981450e-07
8.014854060412504033e-01 2.917467688023095322e-07 1.382682893769813245e-07
8.003636631789425859e-01 2.906237357308600365e-07 1.387342977916098565e-07
7.992434902853949863e-01 2.895020032559937432e-07 1.391958795165280323e-07
7.981248851633105934e-01 2.883815829090761653e-07 1.396530489831322973e-07
7.970078456184682691e-01 2.872624862269132554e-07 1.401058205889005627e-07
7.958923694597174192e-01 2.861447247334720113e-07 1.405542088201139913e-07
7.947784544989742184e-01 2.850283096214039757e-07 1.409982280600908826e-07
7.936660985512175026e-01 2.839132522423679927e-07 1.414378927980627211e-07
7.925552994344838842e-01 2.827995637138787004e-07 1.418732174597389730e-07
7.914460549698640879e-01 2.816872552375468149e-07 1.423042165675852017e-07
7.903383629814982880e-01 2.805763376912810472e-07 1.427309045055648017e-07
7.892322212965717787e-01 2.794668221441633267e-07 1.431532958195228221e-07
7.881276277453109769e-01 2.783587192750990672e-07 1.435714049508606234e-07
7.870245801609794256e-01 2.772520400081109885e-07 1.439852463931253757e-07
7.859230763798726871e-01 2.761467949874306815e-07 1.443948346564977797e-07
7.848231142413147898e-01 2.750429948223778974e-07 1.448001842389491379e-07
7.837246915876538988e-01 2.739406500580831720e-07 1.452013096318568401e-07
7.826278062642577638e-01 2.728397710890925299e-07 1.455982253306759452e-07
7.815324561195099440e-01 2.717403682403310750e-07 1.459909458551924015e-07
7.804386390048053679e-01 2.706424519742344696e-07 1.463794857284344140e-07
7.793463527745458919e-01 2.695460323034774333e-07 1.467638594318244321e-07
7.782555952861364146e-01 2.684511194758788670e-07 1.471440815268565710e-07
7.771663643999805471e-01 2.673577234784139812e-07 1.475201665207092759e-07
7.760786579794765050e-01 2.662658543954997570e-07 1.478921289448550348e-07
7.749924738910128896e-01 2.651755219532299159e-07 1.482599833005709086e-07
7.739078100039642472e-01 2.640867361352201241e-07 1.486237441585190057e-07
7.728246641906871828e-01 2.629995064570259115e-07 1.489834259648416623e-07
7.717430343265164749e-01 2.619138428212427606e-07 1.493390433444760791e-07
7.706629182897598573e-01 2.608297546070716314e-07 1.496906107675267042e-07
7.695843139616951323e-01 2.597472513940787042e-07 1.500381427470926371e-07
7.685072192265651747e-01 2.586663426496846911e-07 1.503816538801257980e-07
7.674316319715740464e-01 2.575870375872795117e-07 1.507211586173328396e-07
7.663575500868827772e-01 2.565093456018654198e-07 1.510566715528366713e-07
7.652849714656054791e-01 2.554332758532072616e-07 1.513882071822653323e-07
7.642138940038047945e-01 2.543588374142726169e-07 1.517157800235914056e-07
7.631443156004882322e-01 2.532860393966319572e-07 1.520394046146163566e-07
7.620762341576035048e-01 2.522148906894437482e-07 1.523590954591791235e-07
7.610096475800349758e-01 2.511454002062166942e-07 1.526748670862227424e-07
7.599445537755992186e-01 2.500775767265730251e-07 1.529867340148366886e-07
7.588809506550409090e-01 2.490114290873243058e-07 1.532947107523858339e-07
7.578188361320288280e-01 2.479469657602298533e-07 1.535988117724629993e-07
7.567582081231518654e-01 2.468841956031665187e-07 1.538990516914436823e-07
7.556990645479146895e-01 2.458231268972318494e-07 1.541954448843569325e-07
7.546414033287338619e-01 2.447637680962344698e-07 1.544880058905721795e-07
7.535852223909335068e-01 2.437061277403765531e-07 1.547767492457223253e-07
7.525305196627417592e-01 2.426502139452467325e-07 1.550616894039103600e-07
7.514772930752859903e-01 2.415960349632706491e-07 1.553428408304243703e-07
7.504255405625893660e-01 2.405435989256877756e-07 1.556202180135498370e-07
7.493752600615665171e-01 2.394929139695699889e-07 1.558938354595173491e-07
7.483264495120194315e-01 2.384439880462852390e-07 1.561637075857648841e-07
7.472791068566336792e-01 2.373968290375271925e-07 1.564298488729885345e-07
7.462332300409739716e-01 2.363514448965123165e-07 1.566922738079422664e-07
7.451888170134806089e-01 2.353078432804476504e-07 1.569509967855860529e-07
7.441458657254649278e-01 2.342660319404507500e-07 1.572060322452827903e-07
7.431043741311059714e-01 2.332260185166036070e-07 1.574573946577818630e-07
7.420643401874457146e-01 2.321878105923468027e-07 1.577050984186778573e-07
7.410257618543855118e-01 2.311514156434476516e-07 1.579491579672839590e-07
7.399886370946821001e-01 2.301168410544469345e-07 1.581895876882872201e-07
7.389529638739433803e-01 2.290840941999929081e-07 1.584264019853217870e-07
7.379187401606247532e-01 2.280531823703530950e-07 1.586596152802722163e-07
7.368859639260244565e-01 2.270241127047897692e-07 1.588892418929862200e-07
7.358546331442806787e-01 2.259968924832336603e-07 1.591152962869754449e-07
7.348247457923665626e-01 2.249715285961311668e-07 1.593377927246877800e-07
7.337962998500866529e-01 2.239480281699499713e-07 1.595567456398485879e-07
7.327692933000730102e-01 2.229263981104752068e-07 1.597721693610494486e-07
7.317437241277812143e-01 2.219066452177602452e-07 1.599840781931574232e-07
7.307195903214863675e-01 2.208887763392316875e-07 1.601924864786819548e-07
7.296968898722789865e-01 2.198727981686294447e-07 1.603974085433230913e-07
7.286756207740612279e-01 2.188587173539536483e-07 1.605988586548994137e-07
7.276557810235432244e-01 2.178465404721321984e-07 1.607968511091922573e-07
7.266373686202384219e-01 2.168362740565360990e-07 1.609914002199045867e-07
7.256203815664605816e-01 2.158279245877509552e-07 1.611825202344613939e-07
7.246048178673191176e-01 2.148214984109954423e-07 1.613702254181622103e-07
7.235906755307153215e-01 2.138170018081203778e-07 1.615545299943334907e-07
7.225779525673390324e-01 2.128144411027157686e-07 1.617354482131750542e-07
7.215666469906637515e-01 2.118138224482185843e-07 1.619129942986863497e-07
7.205567568169436443e-01 2.108151518493795104e-07 1.620871824093062643e-07
7.195482800652092115e-01 2.098184355275508564e-07 1.622580268279041751e-07
7.185412147572635133e-01 2.088236793377867251e-07 1.624255416325393538e-07
7.175355589176779514e-01 2.078308892640101618e-07 1.625897410470038060e-07
7.165313105737892707e-01 2.068400711259751181e-07 1.627506392278907867e-07
7.155284677556945638e-01 2.058512306872674145e-07 1.629082502854240559e-07
7.145270284962482732e-01 2.048643737113619103e-07 1.630625883644311842e-07
7.135269908310579723e-01 2.038795058678189514e-07 1.632136675877157738e-07
7.125283527984803689e-01 2.028966326655991869e-07 1.633615019994806074e-07
7.115311124396179743e-01 2.019157597029536675e-07 1.635061057394415440e-07
7.105352677983145515e-01 2.009368924363056652e-07 1.636474928518851697e-07
7.095408169211521177e-01 1.999600361798881160e-07 1.637856773553527425e-07
7.085477578574461699e-01 1.989851963340780010e-07 1.639206733173220812e-07
7.075560886592425769e-01 1.980123782355864462e-07 1.640524947791368351e-07
7.065658073813136930e-01 1.970415869185602529e-07 1.641811556542956155e-07
7.055769120811541395e-01 1.960728277100789356e-07 1.643066700370257532e-07
7.045894008189771407e-01 1.951061055778151292e-07 1.644290518539358382e-07
7.036032716577111934e-01 1.941414255615092822e-07 1.645483150412260762e-07
7.026185226629955149e-01 1.931787926527369287e-07 1.646644735548660248e-07
7.016351519031767126e-01 1.922182117408569757e-07 1.647775413279040538e-07
7.006531574493050085e-01 1.912596876576899645e-07 1.648875322376986575e-07
6.996725373751303545e-01 1.903032250996872041e-07 1.649944601703554808e-07
