1.000000000000000000e+00 4.624149407229768714e-16 0.000000000000000000e+00
9.922911893760835156e-01 1.201301214094143005e-01 1.859444915698039991e-03
9.846418045134024410e-01 2.373349613850530004e-01 7.348981916652955887e-03
9.770513873100171720e-01 3.515192448467888697e-01 1.633350325384477081e-02
9.695194831954093706e-01 4.625961604299749785e-01 2.867570369520233697e-02
9.620456411032586308e-01 5.704871887906460826e-01 4.423650324059948125e-02
9.546294134444293089e-01 6.751219197461921784e-01 6.287545105850597671e-02
9.472703560801656320e-01 7.764378593912282245e-01 8.445111069284100269e-02
9.399680282954937516e-01 8.743802282841185436e-01 1.088214266418494058e-01
9.327219927728276350e-01 9.689017517548250691e-01 1.358440724597826943e-01
9.255318155657799029e-01 1.059962443339726557e+00 1.653767805770057220e-01
9.183970660731736180e-01 1.147529382303928314e+00 1.972776540750206808e-01
9.113173170132550238e-01 1.231576486166569229e+00 2.314054606899916267e-01
9.042921443981042362e-01 1.312084279099829720e+00 2.676199093517969696e-01
8.973211275082438876e-01 1.389039657027967278e+00 3.057819095956600397e-01
8.904038488674436147e-01 1.462435650208812277e+00 3.457538142101178602e-01
8.835398942177181691e-01 1.532271184036954059e+00 3.873996455087085899e-01
8.767288524945184847e-01 1.598550838765335991e+00 4.305853056334063567e-01
8.699703158021147020e-01 1.661284608800295493e+00 4.751787713157079041e-01
8.632638793891673767e-01 1.720487662184379207e+00 5.210502735365051263e-01
8.566091416244887569e-01 1.776180100841432852e+00 5.680724625386444071e-01
8.500057039729899122e-01 1.828386722119813124e+00 6.161205586565239312e-01
8.434531709718132708e-01 1.877136782131894721e+00 6.650724894353239325e-01
8.369511502066497854e-01 1.922463761351569156e+00 7.148090135187256111e-01
8.304992522882376216e-01 1.964405132896126061e+00 7.652138317882823948e-01
8.240970908290433661e-01 2.003002133884814739e+00 8.161736862402211301e-01
8.177442824201217597e-01 2.038299540233438734e+00 8.675784470863528997e-01
8.114404466081545086e-01 2.070345445212791180e+00 9.193211885652734505e-01
8.051852058726660655e-01 2.099191042068220270e+00 9.712982539480087274e-01
7.989781856034144925e-01 2.124890410968602428e+00 1.023409310219135504e+00
7.928190140779572959e-01 2.147500310524960820e+00 1.075557392909907595e+00
7.867073224393902331e-01 2.167079974092458894e+00 1.127648941554572959e+00
7.806427446742565390e-01 2.183690911043988603e+00 1.179593826234603515e+00
7.746249175906282369e-01 2.197396713179413652e+00 1.231305365668273755e+00
7.686534807963552041e-01 2.208262866411573100e+00 1.282700337295018977e+00
7.627280766774818810e-01 2.216356567848333015e+00 1.333698979795216566e+00
7.568483503768311804e-01 2.221746548369303298e+00 1.384224988476665308e+00
7.510139497727524871e-01 2.224502900776469172e+00 1.434205503949203431e+00
7.452245254580348588e-01 2.224696913579496282e+00 1.483571094498461695e+00
7.394797307189808766e-01 2.222400910459234158e+00 1.532255732559042460e+00
7.337792215146434760e-01 2.217688095436784135e+00 1.580196765676309401e+00
7.281226564562222059e-01 2.210632403760185660e+00 1.627334882334575017e+00
7.225096967866181386e-01 2.201308358506691487e+00 1.673614073017898107e+00
7.169400063601468753e-01 2.189790932885330665e+00 1.718981586857944110e+00
7.114132516224069835e-01 2.176155418212175618e+00 1.763387884211434553e+00
7.059291015903051969e-01 2.160477297519318274e+00 1.806786585497776043e+00
7.004872278322340495e-01 2.142832124748099254e+00 1.849134416615441312e+00
6.950873044484030538e-01 2.123295409467360173e+00 1.890391151243661971e+00
6.897290080513217569e-01 2.101942507048683684e+00 1.930519550324005573e+00
6.844120177464323440e-01 2.078848514222399135e+00 1.969485299004539058e+00
6.791360151128924549e-01 2.054088169930805563e+00 2.007256941317410170e+00
6.739006841845059936e-01 2.027735761388310909e+00 2.043805812849039061e+00
6.687057114307998207e-01 1.999865035252238910e+00 2.079105971650519358e+00
6.635507857382484387e-01 1.970549113802631203e+00 2.113134127624461289e+00
6.584355983916413413e-01 1.939860416024607570e+00 2.145869570613339050e+00
6.533598430555950243e-01 1.907870583482653704e+00 2.177294097403336348e+00
6.483232157562076603e-01 1.874650410872558126e+00 2.207391937846997276e+00
6.433254148628545499e-01 1.840269781133555327e+00 2.236149680297373710e+00
6.383661410701242378e-01 1.804797605000616478e+00 2.263556196536092635e+00
6.334450973798942952e-01 1.768301764874595339e+00 2.289602566367693104e+00
6.285619890835443258e-01 1.730849062886206768e+00 2.314282002042823194e+00
6.237165237443069721e-01 1.692505173028441057e+00 2.337589772663333676e+00
6.189084111797547028e-01 1.653334597231049807e+00 2.359523128713089779e+00
6.141373634444208252e-01 1.613400625250101861e+00 2.380081226849299014e+00
6.094030948125565006e-01 1.572765298245349053e+00 2.399265055080554099e+00
6.047053217610178777e-01 1.531489375918118512e+00 2.417077358449279068e+00
6.000437629522876737e-01 1.489632307082798812e+00 2.433522565328242404e+00
5.954181392176263188e-01 1.447252203545520644e+00 2.448606714432895792e+00
5.908281735403528856e-01 1.404405817164484871e+00 2.462337382643790651e+00
5.862735910392558036e-01 1.361148519967405157e+00 2.474723613726040661e+00
5.817541189521306944e-01 1.317534287202815069e+00 2.485775848025806312e+00
5.772694866194453267e-01 1.273615683203395577e+00 2.495505853217095282e+00
5.728194254681305830e-01 1.229443849941140199e+00 2.503926656165714082e+00
5.684036689954961030e-01 1.185068498155902761e+00 2.511052475971056630e+00
5.640219527532704946e-01 1.140537900940829408e+00 2.516898658240540154e+00
5.596740143317640026e-01 1.095898889670181786e+00 2.521481610645831761e+00
5.553595933441533017e-01 1.051196852157245232e+00 2.524818739804689738e+00
5.510784314108878590e-01 1.006475732932264888e+00 2.526928389527080210e+00
5.468302721442164227e-01 9.617780355326772668e-01 2.527829780459370124e+00
5.426148611328319715e-01 9.171448267003734500e-01 2.527542951155807849e+00
5.384319459266362351e-01 8.726157423831631954e-01 2.526088700602040493e+00
5.342812760216208989e-01 8.282289954402041188e-01 2.523488532211318969e+00
5.301626028448657157e-01 7.840213849537195356e-01 2.519764599310055253e+00
5.260756797396520801e-01 7.400283070519571016e-01 2.514939652125709024e+00
5.220202619506909558e-01 6.962837671510206938e-01 2.509036986286426796e+00
5.179961066094658229e-01 6.528203935258459767e-01 2.502080392838596623e+00
5.140029727196874232e-01 6.096694521233099184e-01 2.494094109785320867e+00
5.100406211428610836e-01 5.668608625331474915e-01 2.485102775145930032e+00
5.061088145839661712e-01 5.244232150350394139e-01 2.475131381533894448e+00
5.022073175772434617e-01 4.823837886429190869e-01 2.464205232247933086e+00
4.983358964720954187e-01 4.407685700702493325e-01 2.452349898868780631e+00
4.944943194190923874e-01 3.996022735426314476e-01 2.439591180351753152e+00
4.906823563560881452e-01 3.589083613868054301e-01 2.425955063603294271e+00
4.868997789944419230e-01 3.187090653276470342e-01 2.411467685527702187e+00
4.831463608053470082e-01 2.790254084274128576e-01 2.396155296528483358e+00
4.794218770062641521e-01 2.398772276039778939e-01 2.380044225447192296e+00
4.757261045474602823e-01 2.012831966673722106e-01 2.363160845921053355e+00
4.720588220986504102e-01 1.632608498163476418e-01 2.345531544139378255e+00
4.684198100357427896e-01 1.258266055391830118e-01 2.327182687977467967e+00
4.648088504276863264e-01 8.899579086528802696e-02 2.308140597485635048e+00
4.612257270234189632e-01 5.278266591652251011e-02 2.288431516709921176e+00
4.576702252389172609e-01 1.720044870944678964e-02 2.268081586820189344e+00
4.541421321443452341e-01 -1.773865983805829674e-02 2.247116820520479674e+00
4.506412364513028290e-01 -5.202345074013672160e-02 2.225563077715773108e+00
4.471673285001721010e-01 -8.564368165851687920e-02 2.203446042408712557e+00
4.437202002475616469e-01 -1.185900515403684879e-01 2.180791200799296892e+00
4.402996452538469052e-01 -1.508541752165986072e-01 2.157623820560078176e+00
4.369054586708073784e-01 -1.824285579966457849e-01 2.133968931259059953e+00
4.335374372293587797e-01 -2.133065702940080133e-01 2.109851305902148422e+00
4.301953792273794930e-01 -2.434824223147883104e-01 2.085295443566812512e+00
4.268790845176317350e-01 -2.729511388397656835e-01 2.060325553098395712e+00
4.235883544957744773e-01 -3.017085341287328304e-01 2.034965537840438099e+00
4.203229920884701820e-01 -3.297511869741248658e-01 2.009238981370323085e+00
4.170828017415821876e-01 -3.570764159293210449e-01 1.983169134211514528e+00
4.138675894084638540e-01 -3.836822547354000190e-01 1.956778901493758882e+00
4.106771625383371371e-01 -4.095674279685793673e-01 1.930090831532674356e+00
4.075113300647617565e-01 -4.347313269290868920e-01 1.903127105300310706e+00
4.043699023941921822e-01 -4.591739857907715106e-01 1.875909526758429813e+00
4.012526913946237173e-01 -4.828960580293626403e-01 1.848459514026489003e+00
3.981595103843257877e-01 -5.058987931459680842e-01 1.820798091356535142e+00
3.950901741206616635e-01 -5.281840137011055702e-01 1.792945881887511916e+00
3.920444987889953325e-01 -5.497540926733196498e-01 1.764923101151799179e+00
3.890223019916826952e-01 -5.706119311552716455e-01 1.736749551307124717e+00
3.860234027371488019e-01 -5.907609363990213858e-01 1.708444616067356758e+00
3.830476214290482462e-01 -6.102050002211500956e-01 1.680027256306072747e+00
3.800947798555101009e-01 -6.289484777773102220e-01 1.651516006307205631e+00
3.771647011784646786e-01 -6.469961667148002027e-01 1.622928970637462331e+00
3.742572099230538907e-01 -6.643532867107898587e-01 1.594283821615696928e+00
3.713721319671217103e-01 -6.810254594029161446e-01 1.565597797354819409e+00
3.685092945307870127e-01 -6.970186887180872537e-01 1.536887700352326469e+00
3.656685261660961306e-01 -7.123393416045056270e-01 1.508169896605989768e+00
3.628496567467550116e-01 -7.269941291711237152e-01 1.479460315231726053e+00
3.600525174579412013e-01 -7.409900882379875098e-01 1.450774448561194419e+00
3.572769407861935420e-01 -7.543345633002090933e-01 1.422127352697102998e+00
3.545227605093805856e-01 -7.670351889076270080e-01 1.393533648504792222e+00
3.517898116867456682e-01 -7.790998724615604276e-01 1.365007523019094116e+00
3.490779306490293110e-01 -7.905367774294527194e-01 1.336562731246038860e+00
3.463869549886672283e-01 -8.013543069776322136e-01 1.308212598339445476e+00
3.437167235500645512e-01 -8.115610880218445677e-01 1.279970022132994156e+00
3.410670764199440486e-01 -8.211659556947215055e-01 1.251847476008848492e+00
3.384378549177698425e-01 -8.301779382288433373e-01 1.223857012084440976e+00
3.358289015862442328e-01 -8.386062422535983663e-01 1.196010264699532755e+00
3.332400601818779617e-01 -8.464602385036336107e-01 1.168318454186175748e+00
3.306711756656333101e-01 -8.537494479362437438e-01 1.140792390904703302e+00
3.281220941936391911e-01 -8.604835282547168562e-01 1.113442479529382689e+00
3.255926631079775202e-01 -8.666722608342644074e-01 1.086278723567872806e+00
3.230827309275414727e-01 -8.723255380468553088e-01 1.059310730099096265e+00
3.205921473389632959e-01 -8.774533509809596676e-01 1.032547714714659337e+00
3.181207631876124542e-01 -8.820657775519357147e-01 1.005998506649402824e+00
3.156684304686633857e-01 -8.861729709985042280e-01 9.796715540871658856e-01
3.132350023182315368e-01 -8.897851487605543674e-01 9.535749296283033694e-01
3.108203330045782309e-01 -8.929125817332590476e-01 9.277163359059630299e-01
3.084242779193832606e-01 -8.955655838923088918e-01 9.021031113385918898e-01
3.060466935690845380e-01 -8.977545022848744116e-01 8.767422360065663112e-01
3.036874375662846903e-01 -8.994897073807227583e-01 8.516403376413144155e-01
3.013463686212237702e-01 -9.007815837778039292e-01 8.268036977156987266e-01
2.990233465333178020e-01 -9.016405212564385652e-01 8.022382576248743291e-01
2.967182321827626645e-01 -9.020769061761552132e-01 7.779496249472428460e-01
2.944308875222025335e-01 -9.021011132090889229e-01 7.539430797755293234e-01
2.921611755684621614e-01 -9.017234974037907635e-01 7.302235811084101247e-01
2.899089603943441062e-01 -9.009543865731857171e-01 7.067957732935171711e-01
2.876741071204875766e-01 -8.998040740003698801e-01 6.836639925130030271e-01
2.854564819072914483e-01 -8.982828114558767396e-01 6.608322733032570007e-01
2.832559519468987319e-01 -8.964008025199872165e-01 6.383043551006903904e-01
2.810723854552428791e-01 -8.941681962036424069e-01 6.160836888058901506e-01
2.789056516641559291e-01 -8.915950808614703238e-01 5.941734433587758657e-01
2.767556208135369955e-01 -8.886914783904411586e-01 5.725765123177265492e-01
2.746221641435809824e-01 -8.854673387076493762e-01 5.512955204359850647e-01
2.725051538870679746e-01 -8.819325345007286154e-01 5.303328302289578300e-01
2.704044632617113586e-01 -8.780968562444040337e-01 5.096905485263378832e-01
2.683199664625650072e-01 -8.739700074767174920e-01 4.893705330032850909e-01
2.662515386544895279e-01 -8.695616003284830642e-01 4.693743986851948158e-01
2.641990559646756886e-01 -8.648811512995411288e-01 4.497035244208545945e-01
2.621623954752264618e-01 -8.599380772754560143e-01 4.303590593190905200e-01
2.601414352157955800e-01 -8.547416917782942880e-01 4.113419291442476089e-01
2.581360541562832678e-01 -8.493012014452216984e-01 3.926528426661268778e-01
2.561461321995873730e-01 -8.436257027286565569e-01 3.742922979602347766e-01
2.541715501744121197e-01 -8.377241788118284793e-01 3.562605886544820133e-01
2.522121898281302621e-01 -8.316054967336022896e-01 3.385578101186436650e-01
2.502679338197019709e-01 -8.252784047165337977e-01 3.211838655931893438e-01
2.483386657126470110e-01 -8.187515296921705765e-01 3.041384722542539443e-01
2.464242699680720683e-01 -8.120333750176857990e-01 2.874211672117792382e-01
2.445246319377513688e-01 -8.051323183780235704e-01 2.710313134380262778e-01
2.426396378572603096e-01 -7.980566098677894793e-01 2.549681056238761179e-01
2.407691748391631026e-01 -7.908143702472305581e-01 2.392305759605351800e-01
2.389131308662513220e-01 -7.834135893666996919e-01 2.238175998444147108e-01
2.370713947848363812e-01 -7.758621247541175325e-01 2.087279015031772433e-01
2.352438562980923298e-01 -7.681677003600074771e-01 1.939600595410667372e-01
2.334304059594505543e-01 -7.603379054547797500e-01 1.795125124018398244e-01
2.316309351660452154e-01 -7.523801936730348805e-01 1.653835637477581999e-01
2.298453361522094507e-01 -7.443018821997414713e-01 1.515713877532557929e-01
2.280735019830216204e-01 -7.361101510932340775e-01 1.380740343120422930e-01
2.263153265479011245e-01 -7.278120427400830428e-01 1.248894341565448124e-01
2.245707045542535141e-01 -7.194144614369683000e-01 1.120154038887203052e-01
2.228395315211652850e-01 -7.109241730948002713e-01 9.944965092141595797e-02
2.211217037731463275e-01 -7.023478050604042844e-01 8.718977832954716289e-02
2.194171184339213376e-01 -6.936918460512105922e-01 7.523328961051915786e-02
2.177256734202688560e-01 -6.849626461984554826e-01 6.357759335339947804e-02
2.160472674359072698e-01 -6.761664171945246382e-01 5.222000781647314488e-02
2.143817999654292483e-01 -6.673092325401472902e-01 4.115776541291919083e-02
2.127291712682813918e-01 -6.583970278872467441e-01 3.038801710442396234e-02
2.110892823727915646e-01 -6.494356014733643212e-01 1.990783670267051025e-02
2.094620350702412481e-01 -6.404306146436430369e-01 9.714225078703101271e-03
2.078473319089845783e-01 -6.313875924564790187e-01 -1.958857197205045200e-04
2.062450761886119310e-01 -6.223119243690230507e-01 -9.825628442623312447e-03
2.046551719541586656e-01 -6.132088649988156615e-01 -1.917819670388655820e-02
2.030775239903590546e-01 -6.040835349579343205e-01 -2.825684113858052682e-02
2.015120378159434844e-01 -5.949409217561171248e-01 -3.706486565115905962e-02
1.999586196779808422e-01 -5.857858807694247272e-01 -4.560562375404279833e-02
1.984171765462635628e-01 -5.766231362710896313e-01 -5.388251499607843442e-02
1.968876161077362241e-01 -5.674572825212832461e-01 -6.189898148028367270e-02
1.953698467609673306e-01 -5.582927849126425590e-01 -6.965850447024152237e-02
1.938637776106634236e-01 -5.491339811684534666e-01 -7.716460108445548360e-02
1.923693184622257413e-01 -5.399850825905053719e-01 -8.442082107792635293e-02
1.908863798163485670e-01 -5.308501753536871703e-01 -9.143074371016809976e-02
1.894148728636593504e-01 -5.217332218445089875e-01 -9.819797469883674579e-02
1.879547094794002116e-01 -5.126380620407857691e-01 -1.047261432581038376e-01
1.865058022181502462e-01 -5.035684149298259582e-01 -1.110188992208741843e-01
1.850680643085888810e-01 -4.945278799625363320e-01 -1.170799102439089578e-01
1.836414096482992253e-01 -4.855199385409263435e-01 -1.229128590948838501e-01
1.822257527986113901e-01 -4.765479555365920716e-01 -1.285214410203866231e-01
1.808210089794862752e-01 -4.676151808378196106e-01 -1.339093611938196871e-01
1.794270940644378809e-01 -4.587247509230268361e-01 -1.390803322421669541e-01
1.780439245754955324e-01 -4.498796904583416412e-01 -1.440380718505400448e-01
1.766714176782041568e-01 -4.410829139171762447e-01 -1.487863004434181180e-01
1.753094911766640007e-01 -4.323372272197451016e-01 -1.533287389414578206e-01
1.739580635086079574e-01 -4.236453293905203532e-01 -1.576691065927509627e-01
1.726170537405168348e-01 -4.150098142317079075e-01 -1.618111188773790066e-01
1.712863815627728159e-01 -4.064331720108852464e-01 -1.657584854841046285e-01
1.699659672848494729e-01 -3.979177911610002338e-01 -1.695149083580327065e-01
1.686557318305397790e-01 -3.894659599910161307e-01 -1.730840798180550699e-01
1.673555967332201189e-01 -3.810798684055197727e-01 -1.764696807428922376e-01
1.660654841311511865e-01 -3.727616096317019068e-01 -1.796753788245346595e-01
1.647853167628151594e-01 -3.645131819521573724e-01 -1.827048268878793125e-01
1.635150179622884836e-01 -3.563364904420210366e-01 -1.855616612753554218e-01
1.622545116546508792e-01 -3.482333487090138457e-01 -1.882495002953300800e-01
1.610037223514291516e-01 -3.402054806350199301e-01 -1.907719427330794304e-01
1.597625751460763632e-01 -3.322545221178802022e-01 -1.931325664231139105e-01
1.585309957094860334e-01 -3.243820228121440663e-01 -1.953349268816462203e-01
1.573089102855406707e-01 -3.165894478675545520e-01 -1.973825559979871525e-01
1.560962456866947512e-01 -3.088781796641178468e-01 -1.992789607836641386e-01
1.548929292895917242e-01 -3.012495195426358463e-01 -2.010276221780548656e-01
1.536988890307145472e-01 -2.937046895296445692e-01 -2.026319939093365885e-01
1.525140534020704430e-01 -2.862448340557418591e-01 -2.040955014095518771e-01
1.513383514469079649e-01 -2.788710216663294883e-01 -2.054215407826038564e-01
1.501717127554680897e-01 -2.715842467238503977e-01 -2.066134778239945291e-01
1.490140674607669802e-01 -2.643854311006327285e-01 -2.076746470911313702e-01
1.478653462344123870e-01 -2.572754258615092549e-01 -2.086083510230322124e-01
1.467254802824514703e-01 -2.502550129354044195e-01 -2.094178591082703211e-01
1.455944013412508453e-01 -2.433249067751378225e-01 -2.101064071000079414e-01
1.444720416734086854e-01 -2.364857560047230189e-01 -2.106771962769760365e-01
1.433583340636977732e-01 -2.297381450534774217e-01 -2.111333927492733409e-01
1.422532118150405533e-01 -2.230825957763051537e-01 -2.114781268078614329e-01
1.411566087445145501e-01 -2.165195690595352329e-01 -2.117144923166475734e-01
1.400684591793888156e-01 -2.100494664117490140e-01 -2.118455461460610756e-01
1.389886979531911315e-01 -2.036726315390522957e-01 -2.118743076470350761e-01
1.379172604018052417e-01 -1.973893519042841382e-01 -2.118037581643224254e-01
1.368540823595983391e-01 -1.911998602696877714e-01 -2.116368405880864612e-01
1.357991001555783339e-01 -1.851043362225977817e-01 -2.113764589427188367e-01
1.347522506095807093e-01 -1.791029076837263589e-01 -2.110254780118524243e-01
1.337134710284849370e-01 -1.731956523976628248e-01 -2.105867229985466660e-01
1.326826992024598140e-01 -1.673825994052280941e-01 -2.100629792196434531e-01
1.316598734012379146e-01 -1.616637304973496947e-01 -2.094569918332970238e-01
1.306449323704190202e-01 -1.560389816501556448e-01 -2.087714655987042145e-01
1.296378153278010537e-01 -1.505082444409960862e-01 -2.080090646670675614e-01
1.286384619597407963e-01 -1.450713674451551971e-01 -2.071724124028468395e-01
1.276468124175412777e-01 -1.397281576129970060e-01 -2.062640912343600419e-01
1.266628073138678090e-01 -1.344783816273553978e-01 -2.052866425328185029e-01
1.256863877191916334e-01 -1.293217672409692764e-01 -2.042425665188888906e-01
1.247174951582601943e-01 -1.242580045937955457e-01 -2.031343221958921974e-01
1.237560716065959632e-01 -1.192867475100632402e-01 -2.019643273087682322e-01
1.228020594870208732e-01 -1.144076147749286815e-01 -2.007349583279414429e-01
1.218554016662085071e-01 -1.096201913906352660e-01 -1.994485504572471590e-01
1.209160414512624460e-01 -1.049240298120810294e-01 -1.981073976650861157e-01
1.199839225863209846e-01 -1.003186511617267379e-01 -1.967137527379945738e-01
1.190589892491883822e-01 -9.580354642378799412e-02 -1.952698273558304554e-01
1.181411860479914949e-01 -9.137817761766987845e-02 -1.937777921877890941e-01
1.172304580178626515e-01 -8.704197895062698587e-02 -1.922397770084826318e-01
1.163267506176479671e-01 -8.279435794963586892e-02 -1.906578708333258876e-01
1.154300097266409142e-01 -7.863469657248842171e-02 -1.890341220724907345e-01
1.145401816413414153e-01 -7.456235229812724352e-02 -1.873705387027052582e-01
1.136572130722393187e-01 -7.057665919625266682e-02 -1.856690884561837118e-01
1.127810511406233118e-01 -6.667692897625306092e-02 -1.839316990259990126e-01
1.119116433754140105e-01 -6.286245201551253492e-02 -1.821602582872109410e-01
1.110489377100216252e-01 -5.913249836716755192e-02 -1.803566145330882942e-01
1.101928824792280381e-01 -5.548631874739406306e-02 -1.785225767257709317e-01
1.093434264160921404e-01 -5.192314550231322268e-02 -1.766599147607365583e-01
1.085005186488803425e-01 -4.844219355462463239e-02 -1.747703597444482948e-01
1.076641086980194145e-01 -4.504266133006892825e-02 -1.728556042845725838e-01
1.068341464730735851e-01 -4.172373166384822640e-02 -1.709173027921764565e-01
1.060105822697449685e-01 -3.848457268713034035e-02 -1.689570717953193246e-01
1.051933667668963346e-01 -3.532433869377107211e-02 -1.669764902634713333e-01
1.043824510235981523e-01 -3.224217098740844029e-02 -1.649770999422101592e-01
1.035777864761970035e-01 -2.923719870907084614e-02 -1.629604056976473037e-01
1.027793249354075483e-01 -2.630853964546783774e-02 -1.609278758700630751e-01
1.019870185834265280e-01 -2.345530101812480853e-02 -1.588809426362333133e-01
1.012008199710690004e-01 -2.067658025353603587e-02 -1.568210023799460617e-01
1.004206820149269735e-01 -1.797146573451523580e-02 -1.547494160702223565e-01
9.964655799454937013e-02 -1.533903753292547266e-02 -1.526675096467599857e-01
9.887840154964429307e-02 -1.277836812398070072e-02 -1.505765744121433103e-01
9.811616667730252428e-02 -1.028852308231131656e-02 -1.484778674303623147e-01
9.735980772924253401e-02 -7.868561759992455731e-03 -1.463726119312042384e-01
9.660927940907688971e-02 -5.517537946740128443e-03 -1.442619977200914061e-01
9.586453676959928727e-02 -3.234500512478667971e-03 -1.421471815929463700e-01
9.512553521009298185e-02 -1.018494032493755946e-03 -1.400292877556842397e-01
9.439223047365967456e-02 1.131440604617040295e-03 -1.379094082479376260e-01
9.366457864456911864e-02 3.216265605978750088e-03 -1.357886033706332540e-01
9.294253614562925092e-02 5.236945700237553500e-03 -1.336679021170505965e-01
9.222605973557605752e-02 7.194447579903301242e-03 -1.315483026070016492e-01
9.151510650648449208e-02 9.089739360006881402e-03 -1.294307725237861251e-01
9.080963388119846214e-02 1.092379005285056166e-02 -1.273162495535806182e-01
9.010959961078107705e-02 1.269756905861813868e-02 -1.252056418269364702e-01
8.941496177198468565e-02 1.441204567161625226e-02 -1.230998283620680644e-01
8.872567876473969051e-02 1.606818860191602458e-02 -1.209996595096221594e-01
8.804170930966385977e-02 1.766696551215823571e-02 -1.189059573986351592e-01
8.736301244558976331e-02 1.920934256929214545e-02 -1.168195163833841282e-01
8.668954752711185985e-02 2.069628401100983769e-02 -1.147411034908577543e-01
8.602127422215236074e-02 2.212875172664096127e-02 -1.126714588685757967e-01
8.535815250954575939e-02 2.350770485227290235e-02 -1.106112962324965476e-01
8.470014267664230379e-02 2.483409937985773738e-02 -1.085613033147627832e-01
8.404720531692937147e-02 2.610888778007148733e-02 -1.065221423110407212e-01
8.339930132767173210e-02 2.733301863868697196e-02 -1.044944503272213637e-01
8.275639190756978181e-02 2.850743630622518468e-02 -1.024788398252562266e-01
8.211843855443567985e-02 2.963308056064780510e-02 -1.004758990679114894e-01
8.148540306288781787e-02 3.071088628285589470e-02 -9.848619256223126173e-02
8.085724752206251142e-02 3.174178314475899210e-02 -9.651026150150744665e-02
8.023393431334380210e-02 3.272669530968013579e-02 -9.454862420556538194e-02
7.961542610811048193e-02 3.366654114486310884e-02 -9.260177655917607720e-02
7.900168586550061767e-02 3.456223294584895300e-02 -9.067019244841979797e-02
7.839267683019336685e-02 3.541467667248979212e-02 -8.875432419482774671e-02
7.778836253020750269e-02 3.622477169637027677e-02 -8.685460298713679195e-02
7.718870677471757757e-02 3.699341055940524176e-02 -8.497143931050499255e-02
7.659367365188626819e-02 3.772147874338784013e-02 -8.310522337303061224e-02
7.600322752671377635e-02 3.840985445025980188e-02 -8.125632552943684583e-02
7.541733303890395257e-02 3.905940839287919825e-02 -7.942509670178227177e-02
7.483595510074617096e-02 3.967100359606250820e-02 -7.761186879706523378e-02
7.425905889501460688e-02 4.024549520767860961e-02 -7.581695512160160910e-02
7.368660987288268294e-02 4.078373031957501643e-02 -7.404065079205181255e-02
7.311857375185422392e-02 4.128654779811769676e-02 -7.228323314298851221e-02
7.255491651371030748e-02 4.175477812412822093e-02 -7.054496213089633816e-02
7.199560440247201876e-02 4.218924324200423737e-02 -6.882608073450238728e-02
7.144060392237895629e-02 4.259075641780953742e-02 -6.712681535134175370e-02
7.088988183588312841e-02 4.296012210612531329e-02 -6.544737619046703259e-02
7.034340516165848989e-02 4.329813582545235379e-02 -6.378795766121721222e-02
6.980114117262584128e-02 4.360558404195938320e-02 -6.214873875796514402e-02
6.926305739399278572e-02 4.388324406137304734e-02 -6.052988344076773441e-02
6.872912160130903447e-02 4.413188392880810357e-02 -5.893154101184966409e-02
6.819930181853642304e-02 4.435226233633873805e-02 -5.735384648785260553e-02
6.767356631613398454e-02 4.454512853811319617e-02 -5.579692096779050731e-02
6.715188360915788635e-02 4.471122227281776329e-02 -5.426087199665333149e-02
6.663422245537560518e-02 4.485127369329779123e-02 -5.274579392460512772e-02
6.612055185339520136e-02 4.496600330314565186e-02 -5.125176826173126476e-02
6.561084104080849855e-02 4.505612190006789280e-02 -4.977886402828617107e-02
6.510505949234902945e-02 4.512233052584769394e-02 -4.832713810040522445e-02
6.460317691806369278e-02 4.516532042271899361e-02 -4.689663555124031630e-02
6.410516326149894029e-02 4.518577299597315022e-02 -4.548738998748927398e-02
6.361098869790081378e-02 4.518435978262033692e-02 -4.409942388128830493e-02
6.312062363242861018e-02 4.516174242593086474e-02 -4.273274889744089339e-02
6.263403869838274352e-02 4.511857265568391950e-02 -4.138736621596264542e-02
6.215120475544582551e-02 4.505549227395447276e-02 -4.006326684992093934e-02
6.167209288793783911e-02 4.497313314627054276e-02 -3.876043195855538581e-02
6.119667440308414197e-02 4.487211719797631893e-02 -3.747883315566361007e-02
6.072492082929727142e-02 4.475305641563937648e-02 -3.621843281324486907e-02
6.025680391447189865e-02 4.461655285334215765e-02 -3.497918436039340606e-02
5.979229562429277250e-02 4.446319864370106012e-02 -3.376103257743660185e-02
5.933136814055584712e-02 4.429357601345855489e-02 -3.256391388531778425e-02
5.887399385950243397e-02 4.410825730349689222e-02 -3.138775663022384116e-02
5.842014539016594094e-02 4.390780499312412627e-02 -3.023248136346104800e-02
5.796979555273148316e-02 4.369277172848563123e-02 -2.909800111658548266e-02
5.752291737690830298e-02 4.346370035495746714e-02 -2.798422167179658374e-02
5.707948410031452730e-02 4.322112395338011115e-02 -2.689104182760395506e-02
5.663946916687435246e-02 4.296556587999293686e-02 -2.581835365977958041e-02
5.620284622522773998e-02 4.269753980993439002e-02 -2.476604277761201497e-02
5.576958912715236638e-02 4.241754978417269090e-02 -2.373398857547781224e-02
5.533967192599752172e-02 4.212609025973647336e-02 -2.272206447974936191e-02
5.491306887513031781e-02 4.182364616311650546e-02 -2.173013819106024008e-02
5.448975442639387989e-02 4.151069294671191900e-02 -2.075807192195024478e-02
5.406970322857709843e-02 4.118769664819724868e-02 -1.980572262991350807e-02
5.365289012589664203e-02 4.085511395268892620e-02 -1.887294224587702032e-02
5.323929015649028068e-02 4.051339225759208879e-02 -1.795957789813531005e-02
5.282887855092216478e-02 4.016296974001165587e-02 -1.706547213177129693e-02
5.242163073069922713e-02 3.980427542661284235e-02 -1.619046312359259318e-02
5.201752230679936723e-02 3.943772926582002347e-02 -1.533438489261581758e-02
5.161652907821089736e-02 3.906374220224456684e-02 -1.449706750613163203e-02
5.121862703048311871e-02 3.868271625323400215e-02 -1.367833728138400859e-02
5.082379233428811760e-02 3.829504458743872297e-02 -1.287801698290003301e-02
5.043200134399381668e-02 3.790111160529324036e-02 -1.209592601550656295e-02
5.004323059624787157e-02 3.750129302131242903e-02 -1.133188061307100619e-02
4.965745680857241301e-02 3.709595594810424085e-02 -1.058569402300474360e-02
4.927465687796980104e-02 3.668545898200422511e-02 -9.857176686569442403e-03
4.889480787953907198e-02 3.627015229023786147e-02 -9.146136415026227817e-03
4.851788706510292565e-02 3.585037769951966713e-02 -8.452378561668789578e-03
4.814387186184546780e-02 3.542646878600040627e-02 -7.775706189783252766e-03
4.777273987096042340e-02 3.499875096647529771e-02 -7.115920236577336251e-03
4.740446886630957091e-02 3.456754159076835115e-02 -6.472819673121879731e-03
4.703903679309184849e-02 3.413315003521091850e-02 -5.846201660350238555e-03
4.667642176652244540e-02 3.369587779713299758e-02 -5.235861701159087028e-03
4.631660207052227390e-02 3.325601859028959328e-02 -4.641593788657040129e-03
4.595955615641732217e-02 3.281385844114501071e-02 -4.063190550606303984e-03
4.560526264164822818e-02 3.236967578594111133e-02 -3.500443390104494065e-03
4.525370030848979014e-02 3.192374156847681971e-02 -2.953142622553193639e-03
4.490484810278017741e-02 3.147631933852814562e-02 -2.421077608960291259e-03
4.455868513266013353e-02 3.102766535084038046e-02 -1.904036885624394576e-03
4.421519066732171321e-02 3.057802866462532715e-02 -1.401808290248655669e-03
4.387434413576697667e-02 3.012765124349921914e-02 -9.141790845330989351e-04
4.353612512557580860e-02 2.967676805579738328e-02 -4.409360732929597628e-04
4.320051338168359734e-02 2.922560717520531620e-02 1.813427984717409281e-05
4.286748880516823290e-02 2.877438988164600017e-02 4.632457401349147691e-04
4.253703145204633385e-02 2.832333076236609459e-02 8.946121926983569787e-04
4.220912153207891787e-02 2.787263781316461422e-02 1.312447536831348911e-03
4.188373940758624570e-02 2.742251253971050851e-02 1.716965583506647281e-03
4.156086559227172017e-02 2.697315005889544537e-02 2.108379956067674751e-03
4.124048075005485453e-02 2.652473920017169723e-02 2.486903994049091248e-03
4.092256569391339305e-02 2.607746260682539119e-02 2.852750660076717928e-03
4.060710138473423714e-02 2.563149683713740815e-02 3.206132449797499152e-03
4.029406893017314223e-02 2.518701246538528060e-02 3.547261304790054210e-03
3.998344958352338663e-02 2.474417418264231866e-02 3.876348528406166859e-03
3.967522474259309317e-02 2.430314089732988139e-02 4.193604704494037841e-03
3.936937594859112044e-02 2.386406583548144472e-02 4.499239618954311778e-03
3.906588488502164835e-02 2.342709664067840411e-02 4.793462184079414108e-03
3.876473337658731255e-02 2.299237547361854261e-02 5.076480365627441052e-03
3.846590338810058907e-02 2.256003911127967346e-02 5.348501112582100189e-03
3.816937702340385957e-02 2.213021904564292305e-02 5.609730289549550407e-03
3.787513652429755351e-02 2.170304158194034244e-02 5.860372611744360007e-03
3.758316426947676953e-02 2.127862793639405739e-02 6.100631582516053211e-03
3.729344277347582809e-02 2.085709433341432009e-02 6.330709433368606094e-03
3.700595468562122015e-02 2.043855210222636151e-02 6.550807066425074279e-03
3.672068278899253552e-02 2.002310777289601981e-02 6.761123999289999666e-03
3.643760999939128775e-02 1.961086317172590354e-02 6.961858312262752570e-03
3.615671936431787137e-02 1.920191551599529159e-02 7.153206597854709810e-03
3.587799406195624208e-02 1.879635750801738822e-02 7.335363912564138097e-03
3.560141740016661838e-02 1.839427742848976852e-02 7.508523730862346791e-03
3.532697281548573265e-02 1.799575922911356846e-02 7.672877901345737453e-03
3.505464387213489547e-02 1.760088262445960727e-02 7.828616605007989934e-03
3.478441426103577594e-02 1.720972318305961923e-02 7.975928315587469536e-03
3.451626779883359281e-02 1.682235241770209735e-02 8.114999761945336162e-03
3.425018842692798687e-02 1.643883787491368098e-02 8.246015892429854610e-03
3.398616021051135971e-02 1.605924322360753609e-02 8.369159841183138049e-03
3.372416733761444269e-02 1.568362834288101679e-02 8.484612896346992172e-03
3.346419411815950568e-02 1.531204940894704061e-02 8.592554470124559585e-03
3.320622498302062270e-02 1.494455898118269600e-02 8.693162070655407678e-03
3.295024448309135517e-02 1.458120608728127182e-02 8.786611275661680709e-03
3.269623728835945736e-02 1.422203630749347900e-02 8.873075707823774652e-03
3.244418818698884682e-02 1.386709185794558763e-02 8.952727011844066260e-03
3.219408208440864561e-02 1.351641167302216132e-02 9.025734833157954620e-03
3.194590400240911870e-02 1.317003148680229684e-02 9.092266798251891560e-03
3.169963907824474569e-02 1.282798391353940151e-02 9.152488496548392971e-03
3.145527256374404390e-02 1.249029852717445203e-02 9.206563463818689258e-03
3.121278982442646927e-02 1.215700193987473421e-02 9.254653167083983639e-03
3.097217633862586056e-02 1.182811787958916970e-02 9.296916990966953148e-03
3.073341769662083292e-02 1.150366726661375752e-02 9.333512225455411690e-03
3.049649959977186395e-02 1.118366828916029891e-02 9.364594055040666859e-03
3.026140785966487806e-02 1.086813647792225258e-02 9.390315549193581010e-03
3.002812839726161365e-02 1.055708477963310070e-02 9.410827654141853613e-03
2.979664724205647805e-02 1.025052362961228515e-02 9.426279185912378455e-03
2.956695053123983494e-02 9.948461023294925473e-03 9.436816824603386222e-03
2.933902450886780380e-02 9.650902586742055381e-03 9.442585109851141939e-03
2.911285552503848489e-02 9.357851646128824419e-03 9.443726437456811604e-03
2.888843003507452628e-02 9.069309296208399179e-03 9.440381057139500889e-03
2.866573459871187696e-02 8.785274467749942112e-03 9.432687071381864324e-03
2.844475587929494800e-02 8.505743993950071191e-03 9.420780435335434494e-03
2.822548064297792855e-02 8.230712675817018070e-03 9.404794957753035908e-03
2.800789575793219410e-02 7.960173346527583613e-03 9.384862302916451363e-03
2.779198819355989045e-02 7.694116934757628916e-03 9.361111993527754943e-03
2.757774501971362729e-02 7.432532526987036849e-03 9.333671414533374622e-03
2.736515340592200404e-02 7.175407428780468562e-03 9.302665817850462593e-03
2.715420062062132850e-02 6.922727225046373077e-03 9.268218327965560902e-03
2.694487403039311224e-02 6.674475839276080950e-03 9.230449948376160535e-03
2.673716109920752995e-02 6.430635591766252837e-03 9.189479568846132054e-03
2.653104938767259294e-02 6.191187256827533972e-03 9.145423973446654628e-03
2.632652655228924152e-02 5.956110118983391419e-03 9.098397849354625949e-03
2.612358034471213772e-02 5.725382028162920994e-03 9.048513796381147875e-03
2.592219861101608541e-02 5.498979453891951127e-03 8.995882337203105900e-03
2.572236929096822361e-02 5.276877538487323438e-03 8.940611928271325476e-03
2.552408041730569802e-02 5.059050149259231542e-03 8.882808971369433523e-03
2.532732011501907451e-02 4.845469929727242060e-03 8.822577825797863968e-03
2.513207660064108173e-02 4.636108349855260109e-03 8.760020821157968318e-03
2.493833818154096715e-02 4.430935755311864697e-03 8.695238270711797696e-03
2.474609325522428641e-02 4.229921415762119379e-03 8.628328485293488767e-03
2.455533030863798691e-02 4.033033572197215061e-03 8.559387787748553786e-03
2.436603791748096978e-02 3.840239483309099838e-03 8.488510527878226700e-03
2.417820474551994267e-02 3.651505470916969250e-03 8.415789097866022486e-03
2.399181954391046284e-02 3.466796964452817376e-03 8.341313948164385053e-03
2.380687115052328162e-02 3.286078544513814682e-03 8.265173603819859355e-03
2.362334848927590686e-02 3.109313985489138479e-03 8.187454681215358687e-03
2.344124056946929671e-02 2.936466297269217911e-03 8.108241905208885686e-03
2.326053648512959107e-02 2.767497766045486432e-03 8.027618126648251168e-03
2.308122541435501940e-02 2.602369994209147077e-03 7.945664340241992418e-03
2.290329661866783231e-02 2.441043939357351398e-03 7.862459702766989161e-03
2.272673944237113552e-02 2.283479952415443971e-03 7.778081551593749900e-03
2.255154331191081343e-02 2.129637814884273971e-03 7.692605423510862593e-03
2.237769773524223710e-02 1.979476775221361042e-03 7.606105073830323089e-03
2.220519230120200985e-02 1.832955584365303370e-03 7.518652495756171159e-03
2.203401667888439663e-02 1.690032530412400149e-03 7.430317939998995827e-03
2.186416061702265226e-02 1.550665472455110740e-03 7.341169934619455432e-03
2.169561394337513396e-02 1.414811873591793933e-03 7.251275305084398451e-03
2.152836656411605265e-02 1.282428833117212974e-03 7.160699194519351551e-03
2.136240846323101891e-02 1.153473117903706891e-03 7.069505084141845634e-03
2.119772970191722422e-02 1.027901192982701986e-03 6.977754813860247499e-03
2.103432041798818444e-02 9.056692513364323575e-04 6.885508603023116937e-03
2.087217082528313589e-02 7.867332429098952869e-04 6.792825071304737887e-03
2.071127121308098673e-02 6.710489028530507204e-04 6.699761259712579825e-03
2.055161194551877180e-02 5.585717790033189935e-04 6.606372651703002440e-03
2.039318346101454821e-02 4.492572586184742905e-04 6.512713194391736050e-03
2.023597627169479440e-02 3.430605943702610288e-04 6.418835319846263529e-03
2.007998096282623268e-02 2.399369296088378525e-04 6.324789966447354368e-03
1.992518819225196081e-02 1.398413229083228884e-04 6.230626600307430894e-03
1.977158868983198634e-02 4.272877190379823300e-05 6.136393236733917594e-03
1.961917325688811164e-02 -5.144576356991162423e-05 6.042136461725932696e-03
1.946793276565295452e-02 -1.427273390275082604e-04 5.947901453492963897e-03
1.931785815872339926e-02 -2.311610035599181935e-04 5.853732003984803318e-03
1.916894044851811391e-02 -3.167917787283261498e-04 5.759670540421952568e-03
1.902117071673935580e-02 -3.996646381150227231e-04 5.665758146816380139e-03
1.887454011383882940e-02 -4.798244875208133842e-04 5.572034585472537653e-03
1.872903985848772476e-02 -5.573161457985840095e-04 5.478538318459131272e-03
1.858466123705086043e-02 -6.321843263126896957e-04 5.385306529042298111e-03
1.844139560306479533e-02 -7.044736190139463863e-04 5.292375143071062146e-03
1.829923437672005201e-02 -7.742284731197961222e-04 5.199778850306494005e-03
1.815816904434724641e-02 -8.414931803895315610e-04 5.107551125686059755e-03
1.801819115790732201e-02 -9.063118589841727760e-04 5.015724250515111310e-03
1.787929233448547900e-02 -9.687284379010204297e-04 4.924329333577462386e-03
1.774146425578928404e-02 -1.028786641972478282e-03 4.833396332157823168e-03
1.760469866765042996e-02 -1.086529977419226209e-03 4.742954072968438330e-03
1.746898737953039155e-02 -1.142001717947606658e-03 4.653030272973112703e-03
1.733432226402999848e-02 -1.195244891381100046e-03 4.563651560101869564e-03
1.720069525640266148e-02 -1.246302266816102762e-03 4.474843493849604489e-03
1.706809835407136280e-02 -1.295216342291958091e-03 4.386630585752569582e-03
1.693652361614943896e-02 -1.342029332965418266e-03 4.299036319736747498e-03
1.680596316296504786e-02 -1.386783159779734305e-03 4.212083172332258853e-03
1.667640917558924421e-02 -1.429519438618687350e-03 4.125792632748334285e-03
1.654785389536767709e-02 -1.470279469935851201e-03 4.040185222803535127e-03
1.642028962345604137e-02 -1.509104228849477173e-03 3.955280516706332489e-03
1.629370872035896742e-02 -1.546034355693537508e-03 3.871097160680985003e-03
1.616810360547245654e-02 -1.581110147015446412e-03 3.787652892434267404e-03
1.604346675663000446e-02 -1.614371547011050033e-03 3.704964560458717457e-03
1.591979070965205204e-02 -1.645858139387673539e-03 3.623048143168070955e-03
1.579706805789896779e-02 -1.675609139645949097e-03 3.541918767861023699e-03
1.567529145182749648e-02 -1.703663387771310296e-03 3.461590729509568705e-03
1.555445359855065629e-02 -1.730059341326117698e-03 3.382077509368360685e-03
1.543454726140094067e-02 -1.754835068933451557e-03 3.303391793401628824e-03
1.531556525949690634e-02 -1.778028244143704676e-03 3.225545490524579957e-03
1.519750046731320470e-02 -1.799676139675183148e-03 3.148549750656321877e-03
1.508034581425381389e-02 -1.819815622020025999e-03 3.072414982581365972e-03
1.496409428422856673e-02 -1.838483146406868747e-03 2.997150871617183885e-03
1.484873891523301286e-02 -1.855714752111707177e-03 2.922766397085349230e-03
1.473427279893149699e-02 -1.871546058108569796e-03 2.849269849583964571e-03
1.462068908024341703e-02 -1.886012259051708098e-03 2.776668848059223472e-03
1.450798095693265136e-02 -1.899148121581043002e-03 2.704970356674136090e-03
1.439614167920026666e-02 -1.910987980942768262e-03 2.634180701472730885e-03
1.428516454928024752e-02 -1.921565737917104453e-03 2.564305586837910961e-03
1.417504292103835550e-02 -1.930914856045258705e-03 2.495350111741529136e-03
1.406577019957417837e-02 -1.939068359147763567e-03 2.427318785785407586e-03
1.395733984082614051e-02 -1.946058829126516435e-03 2.360215545031927719e-03
1.384974535117957338e-02 -1.951918404042844073e-03 2.294043767623196294e-03
1.374298028707785814e-02 -1.956678776464112514e-03 2.228806289187852761e-03
1.363703825463655206e-02 -1.960371192071460548e-03 2.164505418034674746e-03
1.353191290926046043e-02 -1.963026448521326944e-03 2.101142950132262217e-03
1.342759795526363674e-02 -1.964674894553584440e-03 2.038720183874237393e-03
1.332408714549241681e-02 -1.965346429339169011e-03 1.977237934629614766e-03
1.322137428095126153e-02 -1.965070502060184410e-03 1.916696549077841856e-03
1.311945321043148441e-02 -1.963876111715614440e-03 1.857095919328381230e-03
1.301831783014294197e-02 -1.961791807145815084e-03 1.798435496824775034e-03
1.291796208334840962e-02 -1.958845687269123847e-03 1.740714306033013794e-03
1.281837996000094980e-02 -1.955065401523985689e-03 1.683930957914539072e-03
1.271956549638389097e-02 -1.950478150510107696e-03 1.628083663183820581e-03
1.262151277475376081e-02 -1.945110686822279066e-03 1.573170245351042905e-03
1.252421592298584747e-02 -1.938989316070566975e-03 1.519188153550102846e-03
1.242766911422250528e-02 -1.932139898080720286e-03 1.466134475152461661e-03
1.233186656652426362e-02 -1.924587848268718895e-03 1.414005948167478422e-03
1.223680254252352759e-02 -1.916358139183490855e-03 1.362798973429740594e-03
1.214247134908096049e-02 -1.907475302211941075e-03 1.312509626574206046e-03
1.204886733694455862e-02 -1.897963429440530352e-03 1.263133669799960989e-03
1.195598490041135595e-02 -1.887846175667746073e-03 1.214666563423460761e-03
1.186381847699168567e-02 -1.877146760561904581e-03 1.167103477222182625e-03
1.177236254707603180e-02 -1.865887970958818439e-03 1.120439301569736397e-03
1.168161163360453142e-02 -1.854092163293998875e-03 1.074668658363574572e-03
1.159156030173894014e-02 -1.841781266164112252e-03 1.029785911746372486e-03
1.150220315853712170e-02 -1.828976783012530851e-03 9.857851786223340278e-04
1.141353485263014132e-02 -1.815699794933954645e-03 9.426603389697604677e-04
1.132555007390175124e-02 -1.801970963593094600e-03 9.004050459511211187e-04
1.123824355317036561e-02 -1.787810534252593907e-03 8.590127358220750724e-04
1.115161006187351950e-02 -1.773238338905397133e-03 8.184766376408996640e-04
1.106564441175477212e-02 -1.758273799506922556e-03 7.787897827798053851e-04
1.098034145455296061e-02 -1.742935931302430066e-03 7.399450142396578377e-04
1.089569608169386680e-02 -1.727243346245126371e-03 7.019349957697204557e-04
1.081170322398433692e-02 -1.711214256500632547e-03 6.647522207940880987e-04
1.072835785130865985e-02 -1.694866478033488612e-03 6.283890211464122346e-04
1.064565497232730987e-02 -1.678217434271515960e-03 5.928375756146722761e-04
1.056358963417808848e-02 -1.661284159843936332e-03 5.580899182977866642e-04
1.048215692217943987e-02 -1.644083304389202605e-03 5.241379467757525642e-04
1.040135195953618800e-02 -1.626631136428642165e-03 4.909734300952566270e-04
1.032116990704741791e-02 -1.608943547302039024e-03 4.585880165724913254e-04
1.024160596281671956e-02 -1.591036055161447775e-03 4.269732414151748310e-04
1.016265536196459679e-02 -1.572923809019529480e-03 3.961205341655962180e-04
1.008431337634307749e-02 -1.554621592848846141e-03 3.660212259666603251e-04
1.000657531425261718e-02 -1.536143829728655371e-03 3.366665566529297021e-04
9.929436520161092836e-03 -1.517504586035727139e-03 3.080476816685817024e-04
9.852892374424975647e-03 -1.498717575675908523e-03 2.801556788143291592e-04
9.776938293012698081e-03 -1.479796164353188847e-03 2.529815548253395302e-04
9.701569727230142590e-03 -1.460753373873083715e-03 2.265162517821823270e-04
9.626782163448210222e-03 -1.441601886477259691e-03 2.007506533568562482e-04
9.552571122832486522e-03 -1.422354049206398961e-03 1.756755908959843518e-04
9.478932161075074095e-03 -1.403021878288400514e-03 1.512818493432958530e-04
9.405860868128399291e-03 -1.383617063549037957e-03 1.275601730034441224e-04
9.333352867941088413e-03 -1.364150972842304499e-03 1.045012711493032136e-04
9.261403818195946408e-03 -1.344634656497797898e-03 8.209582347489271885e-05
9.190009410049854166e-03 -1.325078851782449845e-03 6.033448539599506745e-05
9.119165367875773504e-03 -1.305493987374123019e-03 3.920789320068589190e-05
9.048867449006639530e-03 -1.285890187844536186e-03 1.870666905184020548e-05
8.979111443481320801e-03 -1.266277278149173947e-03 -1.178574156159083467e-06
8.909893173792487672e-03 -1.246664788121799351e-03 -2.045722808441974993e-05
8.841208494636390580e-03 -1.227061956971312951e-03 -3.913868437806495817e-05
8.773053292664674888e-03 -1.207477737778796809e-03 -5.723233023410987058e-05
8.705423486237999844e-03 -1.187920801992559464e-03 -7.474754410657364733e-05
8.638315025181600437e-03 -1.168399543919150475e-03 -9.169369154664863133e-05
8.571723890542740087e-03 -1.148922085208342906e-03 -1.080801211757677929e-04
8.505646094350042055e-03 -1.129496279330143016e-03 -1.239161607894293080e-04
8.440077679374647507e-03 -1.110129716041949972e-03 -1.392111135896384878e-04
8.375014718893200247e-03 -1.090829725844050637e-03 -1.539742545438172849e-04
8.310453316452736175e-03 -1.071603384421737030e-03 -1.682148268680303438e-04
8.246389605637307468e-03 -1.052457517072295269e-03 -1.819420386324268615e-04
8.182819749836414344e-03 -1.033398703115277414e-03 -1.951650594867601553e-04
8.119739942015279099e-03 -1.014433280284482604e-03 -2.078930175038556070e-04
8.057146404486835792e-03 -9.955673491001061810e-04 -2.201349961389507351e-04
7.995035388685482400e-03 -9.768067772196059335e-04 -2.319000313027929033e-04
7.933403174942591993e-03 -9.581572037658888817e-04 -2.431971085464048384e-04
7.872246072263779440e-03 -9.396240436314615228e-04 -2.540351603554490828e-04
7.811560418107830854e-03 -9.212124917572257895e-04 -2.644230635521324820e-04
7.751342578167353010e-03 -9.029275273846857101e-04 -2.743696368025923217e-04
7.691588946151157492e-03 -8.847739182803860238e-04 -2.838836382277158676e-04
7.632295943568272872e-03 -8.667562249313906725e-04 -2.929737631153866116e-04
7.573460019513616158e-03 -8.488788047107309522e-04 -3.016486417321366238e-04
7.515077650455386817e-03 -8.311458160117836825e-04 -3.099168372321940874e-04
7.457145340023996032e-03 -8.135612223505235985e-04 -3.177868436619717411e-04
7.399659618802734151e-03 -7.961287964347605944e-04 -3.252670840579976108e-04
7.342617044119938673e-03 -7.788521241993748680e-04 -3.323659086363649272e-04
7.286014199842874399e-03 -7.617346088067450567e-04 -3.390915930717406670e-04
7.229847696173122805e-03 -7.447794746114931108e-04 -3.454523368640341702e-04
7.174114169443563012e-03 -7.279897710887794828e-04 -3.514562617908162292e-04
7.118810281916963453e-03 -7.113683767254223248e-04 -3.571114104435986676e-04
7.063932721586080148e-03 -6.949180028731010523e-04 -3.624257448461213997e-04
7.009478201975289334e-03 -6.786411975629992816e-04 -3.674071451527895693e-04
6.955443461943789166e-03 -6.625403492812721815e-04 -3.720634084254351333e-04
6.901825265490303674e-03 -6.466176907047311954e-04 -3.764022474865873409e-04
6.848620401559280327e-03 -6.308753023961985017e-04 -3.804312898474701663e-04
6.795825683848566445e-03 -6.153151164590162179e-04 -3.841580767089472492e-04
6.743437950618627781e-03 -5.999389201502470679e-04 -3.875900620336593448e-04
6.691454064503180900e-03 -5.847483594520869708e-04 -3.907346116876295335e-04
6.639870912321287066e-03 -5.697449426011012971e-04 -3.935990026496210387e-04
6.588685404890953605e-03 -5.549300435749070573e-04 -3.961904222865469168e-04
6.537894476844084875e-03 -5.403049055359226364e-04 -3.985159676932732253e-04
6.487495086442947659e-03 -5.258706442319117458e-04 -4.005826450951517430e-04
6.437484215397967953e-03 -5.116282513529839737e-04 -4.023973693116612523e-04
6.387858868687010944e-03 -4.975785978448437653e-04 -4.039669632795391571e-04
6.338616074376000192e-03 -4.837224371780164049e-04 -4.052981576338207182e-04
6.289752883440921129e-03 -4.700604085728671711e-04 -4.063975903452168490e-04
6.241266369591240079e-03 -4.565930401802509829e-04 -4.072718064122791948e-04
6.193153629094645153e-03 -4.433207522176163518e-04 -4.079272576068342874e-04
6.145411780603136746e-03 -4.302438600604569017e-04 -4.083703022711795711e-04
6.098037964980479800e-03 -4.173625772890154255e-04 -4.086072051655559442e-04
6.051029345130990063e-03 -4.046770186901620363e-04 -4.086441373644409476e-04
6.004383105829617061e-03 -3.921872032143874877e-04 -4.084871762002210472e-04
5.958096453553330708e-03 -3.798930568878905738e-04 -4.081423052528219985e-04
5.912166616313857537e-03 -3.677944156797671466e-04 -4.076154143839069688e-04
5.866590843491655514e-03 -3.558910283242906650e-04 -4.069122998142617924e-04
5.821366405671174298e-03 -3.441825590983323612e-04 -4.060386642430159013e-04
5.776490594477423461e-03 -3.326685905539941007e-04 -4.050001170073706217e-04
5.731960722413765447e-03 -3.213486262064964337e-04 -4.038021742815161739e-04
5.687774122700953172e-03 -3.102220931774418082e-04 -4.024502593134591578e-04
5.643928149117436593e-03 -2.992883447935585435e-04 -4.009497026984820841e-04
5.600420175840896582e-03 -2.885466631410581097e-04 -3.993057426879990175e-04
5.557247597290980966e-03 -2.779962615757454111e-04 -3.975235255325742676e-04
5.514407827973247939e-03 -2.676362871890483911e-04 -3.956081058579039153e-04
5.471898302324357602e-03 -2.574658232301634160e-04 -3.935644470725797503e-04
5.429716474558411894e-03 -2.474838914844832414e-04 -3.913974218064707536e-04
5.387859818514479336e-03 -2.376894546085329409e-04 -3.891118123785813248e-04
5.346325827505345359e-03 -2.280814184216481194e-04 -3.867123112932719146e-04
5.305112014167351168e-03 -2.186586341546017888e-04 -3.842035217637347101e-04
5.264215910311472943e-03 -2.094199006554683321e-04 -3.815899582616558931e-04
5.223635066775472215e-03 -2.003639665529505839e-04 -3.788760470919979402e-04
5.183367053277248421e-03 -1.914895323774775879e-04 -3.760661269918700775e-04
5.143409458269288664e-03 -1.827952526403371994e-04 -3.731644497524693100e-04
5.103759888794228566e-03 -1.742797378711465376e-04 -3.701751808630904402e-04
5.064415970341571045e-03 -1.659415566139809425e-04 -3.671024001762363963e-04
5.025375346705471952e-03 -1.577792373824619758e-04 -3.639501025928648507e-04
4.986635679843623783e-03 -1.497912705741403258e-04 -3.607221987668340533e-04
4.948194649737241817e-03 -1.419761103445157349e-04 -3.574225158276343847e-04
4.910049954252138776e-03 -1.343321764410353126e-04 -3.540547981205061220e-04
4.872199309000842075e-03 -1.268578559974210525e-04 -3.506227079630577846e-04
4.834640447205776174e-03 -1.195515052886922158e-04 -3.471298264175315244e-04
4.797371119563537817e-03 -1.124114514472604931e-04 -3.435796540778744885e-04
4.760389094110179138e-03 -1.054359941404604600e-04 -3.399756118707878251e-04
4.723692156087524671e-03 -9.862340720990377086e-05 -3.363210418699502636e-04
4.687278107810564746e-03 -9.197194027306038514e-05 -3.326192081226385703e-04
4.651144768535825542e-03 -8.547982028744022655e-05 -3.288732974879636051e-04
4.615289974330760887e-03 -7.914525307779164893e-05 -3.250864204859807080e-04
4.579711577944183161e-03 -7.296642482672507370e-05 -3.212616121569437737e-04
4.544407448677656100e-03 -6.694150352916246576e-05 -3.174018329299802292e-04
4.509375472257886805e-03 -6.106864041103464641e-05 -3.135099695004950858e-04
4.474613550710119549e-03 -5.534597131265189785e-05 -3.095888357156248135e-04
4.440119602232482816e-03 -4.977161803716205832e-05 -3.056411734670742516e-04
4.405891561071332077e-03 -4.434368966453338014e-05 -3.016696535906932463e-04
4.371927377397523233e-03 -3.906028383148375631e-05 -2.976768767721585927e-04
4.338225017183647975e-03 -3.391948797779696244e-05 -2.936653744581525565e-04
4.304782462082241447e-03 -2.891938055946320329e-05 -2.896376097724385210e-04
4.271597709304894575e-03 -2.405803222907699086e-05 -2.855959784362509441e-04
4.238668771502305740e-03 -1.933350698393569112e-05 -2.815428096924337291e-04
4.205993676645284826e-03 -1.474386328228764814e-05 -2.774803672327811645e-04
4.173570467906637625e-03 -1.028715512816383080e-05 -2.734108501280381963e-04
4.141397203543973997e-03 -5.961433125244052208e-06 -2.693363937600461188e-04
4.109471956783434556e-03 -1.764745500208374027e-06 -2.652590707555276331e-04
4.077792815704297733e-03 2.304860903987284981e-06 -2.611808919210193173e-04
4.046357883124464608e-03 6.249339664459745264e-06 -2.571038071784714774e-04
4.015165276486864880e-03 1.007064384391799111e-05 -2.530297065010647293e-04
3.984213127746704178e-03 1.377072508491405027e-05 -2.489604208487831245e-04
3.953499583259581333e-03 1.735153273237244754e-05 -2.448977231033125758e-04
3.923022803670505980e-03 2.081501298394555977e-05 -2.408433290018536718e-04
3.892780963803702844e-03 2.416310806776094273e-05 -2.367988980694223273e-04
3.862772252553351490e-03 2.739775544709495783e-05 -2.327660345492676627e-04
3.832994872775100613e-03 3.052088705154544349e-05 -2.287462883310046290e-04
3.803447041178433224e-03 3.353442853424754439e-05 -2.247411558761026700e-04
3.774126988219891812e-03 3.644029855469039321e-05 -2.207520811403783281e-04
3.745032957997094115e-03 3.924040808669668830e-05 -2.167804564931382608e-04
3.716163208143567678e-03 4.193665975112267718e-05 -2.128276236326445898e-04
3.687516009724421413e-03 4.453094717283657083e-05 -2.088948744975893288e-04
3.659089647132797354e-03 4.702515436154439138e-05 -2.049834521742586199e-04
3.630882417987116046e-03 4.942115511602625867e-05 -2.010945517990952091e-04
3.602892633029144195e-03 5.172081245134666340e-05 -1.972293214563780822e-04
3.575118616022820387e-03 5.392597804861549483e-05 -1.933888630707349826e-04
3.547558703653861008e-03 5.603849172686815497e-05 -1.895742332942304759e-04
3.520211245430165427e-03 5.806018093663835588e-05 -1.857864443877774846e-04
3.493074603582964951e-03 5.999286027480471182e-05 -1.820264650966237660e-04
3.466147152968730282e-03 6.183833102029110654e-05 -1.782952215196836453e-04
3.439427280971871746e-03 6.359838069019931788e-05 -1.745935979724972699e-04
3.412913387408126470e-03 6.527478261596970943e-05 -1.709224378435916791e-04
3.386603884428766517e-03 6.686929553914858681e-05 -1.672825444440591877e-04
3.360497196425487037e-03 6.838366322636451971e-05 -1.636746818501399537e-04
3.334591759936039474e-03 6.981961410310533937e-05 -1.600995757386356128e-04
3.308886023550618952e-03 7.117886090589441302e-05 -1.565579142149791498e-04
3.283378447818945112e-03 7.246310035247349691e-05 -1.530503486337864789e-04
3.258067505158058520e-03 7.367401282959537730e-05 -1.495774944117362910e-04
3.232951679760857813e-03 7.481326209803800583e-05 -1.461399318326322061e-04
3.208029467505310334e-03 7.588249501445483100e-05 -1.427382068444971793e-04
3.183299375864367085e-03 7.688334126967903595e-05 -1.393728318485718161e-04
3.158759923816596270e-03 7.781741314310278114e-05 -1.360442864800945166e-04
3.134409641757478649e-03 7.868630527275854048e-05 -1.327530183807372748e-04
3.110247071411391135e-03 7.949159444073218106e-05 -1.294994439625922087e-04
3.086270765744289057e-03 8.023483937354060781e-05 -1.262839491636082352e-04
3.062479288877038072e-03 8.091758055711292027e-05 -1.231068901943751332e-04
3.038871215999417418e-03 8.154134006601779618e-05 -1.199685942761708764e-04
3.015445133284805779e-03 8.210762140658164616e-05 -1.168693603701925581e-04
2.992199637805506834e-03 8.261790937354979527e-05 -1.138094598978892829e-04
2.969133337448711871e-03 8.307366991994483087e-05 -1.107891374523307259e-04
2.946244850833164113e-03 8.347635003978091841e-05 -1.078086115005563766e-04
2.923532807226401128e-03 8.382737766329799607e-05 -1.048680750768340720e-04
2.900995846462684630e-03 8.412816156438386540e-05 -1.019676964667932760e-04
2.878632618861536995e-03 8.438009127985567840e-05 -9.910761988237759069e-05
2.856441785146903584e-03 8.458453704027752546e-05 -9.628796612758179388e-05
2.834422016366963410e-03 8.474284971199601919e-05 -9.350883325494357317e-05
2.812571993814532226e-03 8.485636075007744984e-05 -9.077029721275489552e-05
2.790890408948083594e-03 8.492638216183891046e-05 -8.807241248297529993e-05
2.769375963313397068e-03 8.495420648066500421e-05 -8.541521270983071430e-05
2.748027368465789239e-03 8.494110674981086677e-05 -8.279871131908005631e-05
2.726843345892945858e-03 8.488833651589408017e-05 -8.022290212794540353e-05
2.705822626938369363e-03 8.479712983178308225e-05 -7.768775994570424181e-05
2.684963952725394950e-03 8.466870126859437869e-05 -7.519324116493990263e-05
2.664266074081791252e-03 8.450424593651540469e-05 -7.273928434345941843e-05
2.643727751464968606e-03 8.430493951417411167e-05 -7.032581077689031574e-05
2.623347754887736354e-03 8.407193828628063714e-05 -6.795272506196583281e-05
2.603124863844629138e-03 8.380637918927138943e-05 -6.561991565051777920e-05
2.583057867238843820e-03 8.350937986469050063e-05 -6.332725539420552482e-05
2.563145563309681199e-03 8.318203872004612161e-05 -6.107460207999395262e-05
2.543386759560594020e-03 8.282543499688728667e-05 -5.886179895642242835e-05
2.523780272687766238e-03 8.244062884584699407e-05 -5.668867525068857900e-05
2.504324928509239160e-03 8.202866140840471077e-05 -5.455504667658592465e-05
2.485019561894607001e-03 8.159055490512523684e-05 -5.246071593333651598e-05
2.465863016695235034e-03 8.112731273013423967e-05 -5.040547319535676170e-05
2.446854145675011159e-03 8.063991955159551125e-05 -4.838909659300350035e-05
2.427991810441656496e-03 8.012934141796104629e-05 -4.641135268435080623e-05
2.409274881378542944e-03 7.959652586976612338e-05 -4.447199691804402163e-05
2.390702237577035927e-03 7.904240205674841510e-05 -4.257077408728687188e-05
2.372272766769380550e-03 7.846788086007419171e-05 -4.070741877501951237e-05
2.353985365262082144e-03 7.787385501945670271e-05 -3.888165579034219186e-05
2.335838937869805058e-03 7.726119926495934160e-05 -3.709320059624745652e-05
2.317832397849795781e-03 7.663077045327733826e-05 -3.534175972872576386e-05
2.299964666836794378e-03 7.598340770829799761e-05 -3.362703120730602824e-05
2.282234674778451603e-03 7.531993256574188880e-05 -3.194870493710079862e-05
2.264641359871249950e-03 7.464114912169363689e-05 -3.030646310242563030e-05
2.247183668496913027e-03 7.394784418483214773e-05 -2.869998055206235459e-05
2.229860555159311492e-03 7.324078743217700904e-05 -2.712892517624058218e-05
2.212670982421848214e-03 7.252073156816958555e-05 -2.559295827541065762e-05
2.195613920845322208e-03 7.178841248691205637e-05 -2.409173492088461974e-05
2.178688348926290010e-03 7.104454943739250765e-05 -2.262490430742493150e-05
2.161893253035885448e-03 7.028984519152629471e-05 -2.119211009785683611e-05
2.145227627359108224e-03 6.952498621484792601e-05 -1.979299075978637279e-05
2.128690473834602120e-03 6.875064283969461998e-05 -1.842717989450750875e-05
2.112280802094877296e-03 6.796746944072082873e-05 -1.709430655817810332e-05
2.095997629406992722e-03 6.717610461259122204e-05 -1.579399557535048830e-05
2.079839980613715656e-03 6.637717134970329790e-05 -1.452586784494315335e-05
2.063806888075115243e-03 6.557127722779016214e-05 -1.328954063873665419e-05
2.047897391610609304e-03 6.475901458726232780e-05 -1.208462789248247193e-05
2.032110538441469529e-03 6.394096071814930893e-05 -1.091074048971364327e-05
2.016445383133760351e-03 6.311767804650339660e-05 -9.767486538343325486e-06
2.000900987541711067e-03 6.228971432213418460e-05 -8.654471640141865669e-06
1.985476420751547226e-03 6.145760280754533991e-05 -7.571299153183765107e-06
1.970170759025721002e-03 6.062186246794546503e-05 -6.517570447351018204e-06
1.954983085747613418e-03 5.978299816221431198e-05 -5.492885152989557136e-06
1.939912491366626223e-03 5.894150083470119588e-05 -4.496841402804638024e-06
1.924958073343710063e-03 5.809784770774231597e-05 -3.529036067090299722e-06
1.910118936097323717e-03 5.725250247478405748e-05 -2.589064982385256145e-06
1.895394190949793419e-03 5.640591549400127933e-05 -1.676523173645865007e-06
1.880782956074089369e-03 5.555852398230546723e-05 -7.910050700300271034e-07
1.866284356441023787e-03 5.471075220963923829e-05 6.789528561419032828e-08
1.851897523766842966e-03 5.386301169345587137e-05 9.005840334639766965e-07
1.837621596461223947e-03 5.301570139328734229e-05 1.707467299547080606e-06
1.823455719575684496e-03 5.216920790530636882e-05 2.488951004582975454e-06
1.809399044752379266e-03 5.132390565679044371e-05 3.245440678748404272e-06
1.795450730173287152e-03 5.048015710039866681e-05 3.977341282273194017e-06
1.781609940509808025e-03 4.963831290817732997e-05 4.685057031772562580e-06
1.767875846872731579e-03 4.879871216520844041e-05 5.368991232224528243e-06
1.754247626762593226e-03 4.796168256282241509e-05 6.029546114498802272e-06
1.740724464020427902e-03 4.712754059129714107e-05 6.667122678343787354e-06
1.727305548778875150e-03 4.629659173196619995e-05 7.282120540741757434e-06
1.713990077413698153e-03 4.546913064866705027e-05 7.874937789536760066e-06
1.700777252495644723e-03 4.464544137845535420e-05 8.445970842246887242e-06
1.687666282742690364e-03 4.382579752151982027e-05 8.995614309967647079e-06
1.674656382972657120e-03 4.301046243023266596e-05 9.524260866275321858e-06
1.661746774056188907e-03 4.219968939727154240e-05 1.003230112104092843e-05
1.648936682870085066e-03 4.139372184275284290e-05 1.052012349906385113e-05
1.636225342251009917e-03 4.059279350031942723e-05 1.098811412343520338e-05
1.623611990949544708e-03 3.979712860212531247e-05 1.143665670354271124e-05
1.611095873584594091e-03 3.900694206266393357e-05 1.186613242762787395e-05
1.598676240598156462e-03 3.822243966138983584e-05 1.227691985980703211e-05
1.586352348210431484e-03 3.744381822408275400e-05 1.266939484146969037e-05
1.574123458375271522e-03 3.667126580290724696e-05 1.304393039696668937e-05
1.561988838735991515e-03 3.590496185512406612e-05 1.340089664350169051e-05
1.549947762581505191e-03 3.514507742040799188e-05 1.374066070514099253e-05
1.537999508802800853e-03 3.439177529673208392e-05 1.406358663085652767e-05
1.526143361849762814e-03 3.364521021477953730e-05 1.437003531651713590e-05
1.514378611688317871e-03 3.290552901084457430e-05 1.466036443074557047e-05
1.502704553757902486e-03 3.217287079818688432e-05 1.493492834455790698e-05
1.491120488929286673e-03 3.144736713680820414e-05 1.519407806470267056e-05
1.479625723462688449e-03 3.072914220161520547e-05 1.543816117061972765e-05
1.468219568966238698e-03 3.001831294894205583e-05 1.566752175493690426e-05
1.456901342354750481e-03 2.931498928140206800e-05 1.588250036742559185e-05
1.445670365808807535e-03 2.861927421104187847e-05 1.608343396233593347e-05
1.434525966734178683e-03 2.793126402077413312e-05 1.627065584903321572e-05
1.423467477721534948e-03 2.725104842406327247e-05 1.644449564585867969e-05
1.412494236506475027e-03 2.657871072284325760e-05 1.660527923713785888e-05
1.401605585929872758e-03 2.591432796364698252e-05 1.675332873326066858e-05
1.390800873898516464e-03 2.525797109192735252e-05 1.688896243375884664e-05
1.380079453346054691e-03 2.460970510455254916e-05 1.701249479330660668e-05
1.369440682194251373e-03 2.396958920046016401e-05 1.712423639057124194e-05
1.358883923314529616e-03 2.333767692945371811e-05 1.722449389984183132e-05
1.348408544489812771e-03 2.271401633912892922e-05 1.731357006536467295e-05
1.338013918376669293e-03 2.209865011991764147e-05 1.739176367831476912e-05
1.327699422467739938e-03 2.149161574823761322e-05 1.745936955633435288e-05
1.317464439054453562e-03 2.089294562773853388e-05 1.751667852556942326e-05
1.307308355190038920e-03 2.030266722863638575e-05 1.756397740513692963e-05
1.297230562652814875e-03 1.972080322512768713e-05 1.760154899395560490e-05
1.287230457909767064e-03 1.914737163087821271e-05 1.762967205987481936e-05
1.277307442080404063e-03 1.858238593258015696e-05 1.764862133103644389e-05
1.267460920900886565e-03 1.802585522157392555e-05 1.765866748940570012e-05
1.257690304688446458e-03 1.747778432353213888e-05 1.766007716640799892e-05
1.247995008306068080e-03 1.693817392620244633e-05 1.765311294060959135e-05
1.238374451127443113e-03 1.640702070520887645e-05 1.763803333738088325e-05
1.228828057002204557e-03 1.588431744791176403e-05 1.761509283048205720e-05
1.219355254221420048e-03 1.537005317532627423e-05 1.758454184551176377e-05
1.209955475483349063e-03 1.486421326210139573e-05 1.754662676516031142e-05
1.200628157859476601e-03 1.436677955456270980e-05 1.750158993621011265e-05
1.191372742760796882e-03 1.387773048682099174e-05 1.744966967822654351e-05
1.182188675904357472e-03 1.339704119495157963e-05 1.739110029388381740e-05
1.173075407280071850e-03 1.292468362924972131e-05 1.732611208087104951e-05
1.164032391117776578e-03 1.246062666456678185e-05 1.725493134532481707e-05
1.155059085854545642e-03 1.200483620873419956e-05 1.717778041673515365e-05
1.146154954102259361e-03 1.155727530908251242e-05 1.709487766427334927e-05
1.137319462615420931e-03 1.111790425706288159e-05 1.700643751449019221e-05
1.128552082259223852e-03 1.068668069097997704e-05 1.691267047033479624e-05
1.119852287977861349e-03 1.026355969684483298e-05 1.681378313144458702e-05
1.111219558763080172e-03 9.848493907357722181e-06 1.670997821565821444e-05
1.102653377622983110e-03 9.441433599031665849e-06 1.660145458170404160e-05
1.094153231551066134e-03 9.042326787466709745e-06 1.648840725301753562e-05
1.085718611495492319e-03 8.651119320786733360e-06 1.637102744264194579e-05
1.077349012328611671e-03 8.267754971251196184e-06 1.624950257916765763e-05
1.069043932816707548e-03 7.892175525053322054e-06 1.612401633366605840e-05
1.060802875589976187e-03 7.524320870318172474e-06 1.599474864757509504e-05
1.052625347112746707e-03 7.164129083314220726e-06 1.586187576149439299e-05
1.044510857653920769e-03 6.811536512891547301e-06 1.572557024484838725e-05
1.036458921257641655e-03 6.466477863161186666e-06 1.558600102637721136e-05
1.028469055714197316e-03 6.128886274430629712e-06 1.544333342541581825e-05
1.020540782531138965e-03 5.798693402409713706e-06 1.529772918392223059e-05
1.012673626904622357e-03 5.475829495702658828e-06 1.514934649921719212e-05
1.004867117690981526e-03 5.160223471602282213e-06 1.499834005739828418e-05
9.971207873785005015e-04 4.851802990201237997e-06 1.484486106739153787e-05
9.894341720594287438e-04 4.550494526838383615e-06 1.468905729560597953e-05
9.818068114021915281e-04 4.256223442895006482e-06 1.453107310115549516e-05
9.742382486238204166e-04 3.968914054958900347e-06 1.437104947161457970e-05
9.667280304626029580e-04 3.688489702373414522e-06 1.420912405927487761e-05
9.592757071509355662e-04 3.414872813188270932e-06 1.404543121786985654e-05
9.518808323883849992e-04 3.147984968530030309e-06 1.388010203973613323e-05
9.445429633149666788e-04 2.887746965410415318e-06 1.371326439338089925e-05
9.372616604846191425e-04 2.634078877989723101e-06 1.354504296142479063e-05
9.300364878388853607e-04 2.386900117313939070e-06 1.337555927889130416e-05
9.228670126808026552e-04 2.146129489544153249e-06 1.320493177181405937e-05
9.157528056489873391e-04 1.911685252696115521e-06 1.303327579613384230e-05
9.086934406919187435e-04 1.683485171908999073e-06 1.286070367685825333e-05
9.016884950424293487e-04 1.461446573262267404e-06 1.268732474745785661e-05
8.947375491923834599e-04 1.245486396159051579e-06 1.251324538947247848e-05
8.878401868675517977e-04 1.035521244295277654e-06 1.233856907230290613e-05
8.809959950026869909e-04 8.314674352338045255e-07 1.216339639316364446e-05
8.742045637167836008e-04 6.332410486023207491e-07 1.198782511717265345e-05
8.674654862885270139e-04 4.407579729342644628e-07 1.181195021755510123e-05
8.607783591319456218e-04 2.539339511725840584e-07 1.163586391593911000e-05
8.541427817722315949e-04 7.268462485469035467e-08 1.145965572272078930e-05
8.475583568217638598e-04 -1.030744230011474380e-07 1.128341247747837000e-05
8.410246899563074766e-04 -2.734276262892084925e-07 1.110721838941421757e-05
8.345413898913959204e-04 -4.384593954699451014e-07 1.093115507780495832e-05
8.281080683589028824e-04 -5.982540784642616401e-07 1.075530161244068042e-05
8.217243400837872169e-04 -7.528959227694448904e-07 1.057973455403401800e-05
8.153898227610181923e-04 -9.024690387771867808e-07 1.040452799458120159e-05
8.091041370326844048e-04 -1.047057364274198991e-06 1.022975359765763638e-05
8.028669064652724794e-04 -1.186744630106482746e-06 1.005548063863069478e-05
7.966777575271217354e-04 -1.321614326987767746e-06 9.881776044773390961e-06
7.905363195660583975e-04 -1.451749673432784594e-06 9.708704435263260378e-06
7.844422247871961221e-04 -1.577233584796509523e-06 9.536328161050692859e-06
7.783951082309076112e-04 -1.698148643400118932e-06 9.364707344582092746e-06
7.723946077509723012e-04 -1.814577069724480934e-06 9.193899919363668086e-06
7.664403639928868981e-04 -1.926600694652536060e-06 9.023961669351830480e-06
7.605320203723398443e-04 -2.034300932741543190e-06 8.854946268156817390e-06
7.546692230538653299e-04 -2.137758756506187723e-06 8.686905318047326080e-06
7.488516209296445375e-04 -2.237054671694375734e-06 8.519888388742923456e-06
7.430788655984848059e-04 -2.332268693536610972e-06 8.353943055983279657e-06
7.373506113449517733e-04 -2.423480323950786066e-06 8.189114939862168746e-06
7.316665151186641522e-04 -2.510768529683992909e-06 8.025447742915651963e-06
7.260262365137531938e-04 -2.594211721372894115e-06 7.862983287954069088e-06
7.204294377484742658e-04 -2.673887733504815760e-06 7.701761555627409251e-06
7.148757836449763994e-04 -2.749873805261421768e-06 7.541820721714759898e-06
7.093649416092331645e-04 -2.822246562227018785e-06 7.383197194128725797e-06
7.038965816111222981e-04 -2.891081998943958365e-06 7.225925649625730243e-06
6.984703761646597229e-04 -2.956455462297438579e-06 7.070039070214067804e-06
6.930860003083904501e-04 -3.018441635712201948e-06 6.915568779251816804e-06
6.877431315859256324e-04 -3.077114524143985334e-06 6.762544477226783256e-06
6.824414500266302126e-04 -3.132547439848488471e-06 6.610994277211461978e-06
6.771806381264637706e-04 -3.184812988910833674e-06 6.460944739986241993e-06
6.719603808289642674e-04 -3.233983058518809831e-06 6.312420908824247701e-06
6.667803655063793498e-04 -3.280128804963144680e-06 6.165446343931737464e-06
6.616402819409452143e-04 -3.323320642348322535e-06 6.020043156538507357e-06
6.565398223063075023e-04 -3.363628231997623857e-06 5.876232042632608820e-06
6.514786811490881277e-04 -3.401120472536229953e-06 5.734032316334564023e-06
6.464565553705913176e-04 -3.435865490636396149e-06 5.593461942906105141e-06
6.414731442086497306e-04 -3.467930632408885695e-06 5.454537571389067704e-06
6.365281492196168348e-04 -3.497382455425007416e-06 5.317274566870542519e-06
6.316212742604910158e-04 -3.524286721353800029e-06 5.181687042370043373e-06
6.267522254711798725e-04 -3.548708389199157190e-06 5.047787890345480269e-06
6.219207112569041579e-04 -3.570711609121661926e-06 4.915588813814666093e-06
6.171264422707335587e-04 -3.590359716830352697e-06 4.785100357089226938e-06
6.123691313962569167e-04 -3.607715228529632724e-06 4.656331936118344493e-06
6.076484937303906850e-04 -3.622839836406782856e-06 4.529291868440013844e-06
6.029642465663153207e-04 -3.635794404645731771e-06 4.403987402737404368e-06
5.983161093765428660e-04 -3.646638965952971940e-06 4.280424747998572023e-06
5.937038037961203793e-04 -3.655432718581565697e-06 4.158609102277942498e-06
5.891270536059575085e-04 -3.662234023839527944e-06 4.038544681057904169e-06
5.845855847162830833e-04 -3.667100404068986378e-06 3.920234745209454631e-06
5.800791251502346313e-04 -3.670088541082675139e-06 3.803681628551059260e-06
5.756074050275641202e-04 -3.671254275044650652e-06 3.688886765004567742e-06
5.711701565484823698e-04 -3.670652603782110389e-06 3.575850715348254613e-06
5.667671139776177388e-04 -3.668337682515600172e-06 3.464573193566040245e-06
5.623980136281003621e-04 -3.664362823994893925e-06 3.355053092793111633e-06
5.580625938457743239e-04 -3.658780499028198687e-06 3.247288510858044221e-06
5.537605949935259491e-04 -3.651642337392374521e-06 3.141276775421429837e-06
5.494917594357333086e-04 -3.642999129112179999e-06 3.037014468711607483e-06
5.452558315228402987e-04 -3.632900826096668705e-06 2.934497451858192385e-06
5.410525575760448879e-04 -3.621396544121073962e-06 2.833720888823954725e-06
5.368816858721053246e-04 -3.608534565142721845e-06 2.734679269936143694e-06
5.327429666282681000e-04 -3.594362339939713301e-06 2.637366435018435933e-06
5.286361519873075850e-04 -3.578926491061261879e-06 2.541775596124580705e-06
5.245609960026812423e-04 -3.562272816078820902e-06 2.447899359875260532e-06
5.205172546238034503e-04 -3.544446291127307567e-06 2.355729749399817737e-06
5.165046856814278558e-04 -3.525491074725847921e-06 2.265258225884329624e-06
5.125230488731440017e-04 -3.505450511867811394e-06 2.176475709728003341e-06
5.085721057489894217e-04 -3.484367138369948475e-06 2.089372601309920342e-06
5.046516196971638675e-04 -3.462282685470628502e-06 2.003938801367914294e-06
5.007613559298655084e-04 -3.439238084667570504e-06 1.920163730992245511e-06
4.969010814692267691e-04 -3.415273472785299549e-06 1.838036351235920763e-06
4.930705651333609730e-04 -3.390428197263063741e-06 1.757545182344360508e-06
4.892695775225203332e-04 -3.364740821653966086e-06 1.678678322606944895e-06
4.854978910053558039e-04 -3.338249131326240347e-06 1.601423466832927972e-06
4.817552797052844851e-04 -3.310990139357873173e-06 1.525767924454542837e-06
4.780415194869643632e-04 -3.283000092615870952e-06 1.451698637260181458e-06
4.743563879428703157e-04 -3.254314478011683675e-06 1.379202196760417251e-06
4.706996643799734952e-04 -3.224968028924437040e-06 1.308264861189940727e-06
4.670711298065270732e-04 -3.194994731783892524e-06 1.238872572148564008e-06
4.634705669189500502e-04 -3.164427832805096655e-06 1.171010970884291041e-06
4.598977600888124926e-04 -3.133299844866935253e-06 1.104665414221763488e-06
4.563524953499243112e-04 -3.101642554527001532e-06 1.039820990139440570e-06
4.528345603855202630e-04 -3.069487029165251749e-06 9.764625329987326536e-07
4.493437445155436141e-04 -3.036863624249194407e-06 9.145746384285929597e-07
4.458798386840316110e-04 -3.003801990713475925e-06 8.541416778690930659e-07
4.424426354465946253e-04 -2.970331082446898875e-06 7.951478127774138539e-07
4.390319289579901131e-04 -2.936479163879993622e-06 7.375770084998460704e-07
4.356475149598004401e-04 -2.902273817666674152e-06 6.814130478136204094e-07
4.322891907681953834e-04 -2.867741952453263651e-06 6.266395441419295208e-07
4.289567552617970904e-04 -2.832909810728742069e-06 5.732399544461718076e-07
4.256500088696344298e-04 -2.797802976749941288e-06 5.211975917989728585e-07
4.223687535591898797e-04 -2.762446384535678170e-06 4.704956376418527550e-07
4.191127928245423130e-04 -2.726864325924003009e-06 4.211171537314226352e-07
4.158819316745973865e-04 -2.691080458686774738e-06 3.730450937778617051e-07
4.126759766214091658e-04 -2.655117814695998323e-06 3.262623147796183239e-07
4.094947356685947745e-04 -2.618998808136559237e-06 2.807515880582961022e-07
4.063380182998350748e-04 -2.582745243759979313e-06 2.364956099975577033e-07
4.032056354674639818e-04 -2.546378325174071968e-06 1.934770124900542433e-07
4.000973995811492301e-04 -2.509918663163569618e-06 1.516783730963961013e-07
3.970131244966569497e-04 -2.473386284036743139e-06 1.110822249200562866e-07
3.939526255047027061e-04 -2.436800637993320822e-06 7.167106620225646759e-08
3.909157193198920964e-04 -2.400180607509183236e-06 3.342736964088296255e-08
3.879022240697431478e-04 -2.363544515733252408e-06 -3.666408562635003439e-09
3.849119592837936641e-04 -2.326910134892302443e-06 -3.962781992441254474e-08
3.819447458827944942e-04 -2.290294694699511926e-06 -7.447441516312057826e-08
3.790004061679839542e-04 -2.253714890762598300e-06 -1.082237359449355647e-07
3.760787638104474127e-04 -2.217186892987676434e-06 -1.408933068843586068e-07
3.731796438405562402e-04 -2.180726353974920866e-06 -1.725006277969174100e-07
3.703028726374886699e-04 -2.144348417402349685e-06 -2.030631661997099772e-07
3.674482779188338708e-04 -2.108067726394200464e-06 -2.325983500557421283e-07
3.646156887302735416e-04 -2.071898431870304268e-06 -2.611235607581109998e-07
