1.000000000000000000e+00 -4.753543420250393056e-07 0.000000000000000000e+00
9.986004201026587035e-01 -4.727081086259998268e-07 -1.324115812310301722e-09
9.972027990292064992e-01 -4.700520546545976925e-07 -2.633372393262351194e-09
9.958071340381127179e-01 -4.673864073108776563e-07 -3.927709322462404338e-09
9.944134223916839543e-01 -4.647113938914974199e-07 -5.207068252346417905e-09
9.930216613560581829e-01 -4.620272408419332355e-07 -6.471392900530758804e-09
9.916318482011998725e-01 -4.593341735560533810e-07 -7.720629029689903704e-09
9.902439802008941028e-01 -4.566324171305255135e-07 -8.954724434829504713e-09
9.888580546327416787e-01 -4.539221949876192891e-07 -1.017362892988561182e-08
9.874740687781536908e-01 -4.512037303783260961e-07 -1.137729433399465925e-08
9.860920199223459637e-01 -4.484772458202996494e-07 -1.256567446878842106e-08
9.847119053543340605e-01 -4.457429621959156147e-07 -1.373872510681946543e-08
9.833337223669275096e-01 -4.430011000313652094e-07 -1.489640400198532570e-08
9.819574682567249191e-01 -4.402518790284978693e-07 -1.603867085587027319e-08
9.805831403241086486e-01 -4.374955172856566572e-07 -1.716548728554654743e-08
9.792107358732392575e-01 -4.347322331560913667e-07 -1.827681685307252681e-08
9.778402522120503981e-01 -4.319622430113808357e-07 -1.937262500450677155e-08
9.764716866522432648e-01 -4.291857627041966426e-07 -2.045287907980571619e-08
9.751050365092818195e-01 -4.264030076118456821e-07 -2.151754832336059077e-08
9.737402991023872412e-01 -4.236141906096004255e-07 -2.256660375736446320e-08
9.723774717545323742e-01 -4.208195254504373542e-07 -2.360001835382196614e-08
9.710165517924371770e-01 -4.180192234678044060e-07 -2.461776683402979442e-08
9.696575365465628371e-01 -4.152134962599886102e-07 -2.561982579686024525e-08
9.683004233511068870e-01 -4.124025531550214390e-07 -2.660617358998121413e-08
9.669452095439975414e-01 -4.095866027403308427e-07 -2.757679034043872307e-08
9.655918924668893677e-01 -4.067658538165873807e-07 -2.853165803701180988e-08
9.642404694651569574e-01 -4.039405125354785132e-07 -2.947076031587785529e-08
9.628909378878905967e-01 -4.011107846143547518e-07 -3.039408259272577096e-08
9.615432950878906038e-01 -3.982768750400172080e-07 -3.130161204679056989e-08
9.601975384216623333e-01 -3.954389871557831537e-07 -3.219333750981788862e-08
9.588536652494108470e-01 -3.925973238294940567e-07 -3.306924955863794852e-08
9.575116729350356959e-01 -3.897520860942536467e-07 -3.392934038095946855e-08
9.561715588461262572e-01 -3.869034744514874662e-07 -3.477360390909739395e-08
9.548333203539557390e-01 -3.840516885222913513e-07 -3.560203571403175249e-08
9.534969548334767397e-01 -3.811969256236946729e-07 -3.641463288720400821e-08
9.521624596633155857e-01 -3.783393835988867807e-07 -3.721139433332101861e-08
9.508298322257677793e-01 -3.754792575089288169e-07 -3.799232035401041550e-08
9.494990699067922257e-01 -3.726167431742720011e-07 -3.875741307192843334e-08
9.481701700960064594e-01 -3.697520331282089203e-07 -3.950667593332799221e-08
9.468431301866814254e-01 -3.668853202355195645e-07 -4.024011409499571610e-08
9.455179475757364838e-01 -3.640167957796223800e-07 -4.095773425373327526e-08
9.441946196637340805e-01 -3.611466498146361557e-07 -4.165954457197463867e-08
9.428731438548749733e-01 -3.582750713875318834e-07 -4.234555477953623771e-08
9.415535175569926807e-01 -3.554022482897993210e-07 -4.301577609264780293e-08
9.402357381815489301e-01 -3.525283667381324585e-07 -4.367022114911075451e-08
9.389198031436282177e-01 -3.496536125838900763e-07 -4.430890415068096648e-08
9.376057098619327013e-01 -3.467781697647188290e-07 -4.493184067403838932e-08
9.362934557587776485e-01 -3.439022213225391471e-07 -4.553904777716239068e-08
9.349830382600854417e-01 -3.410259490286814880e-07 -4.613054392302804963e-08
9.336744547953814699e-01 -3.381495333624911847e-07 -4.670634894259480721e-08
9.323677027977887999e-01 -3.352731537878859730e-07 -4.726648415360375710e-08
9.310627797040227360e-01 -3.323969881638797173e-07 -4.781097210517550678e-08
9.297596829543863794e-01 -3.295212136237014427e-07 -4.833983684489159709e-08
9.284584099927649659e-01 -3.266460059776988342e-07 -4.885310376109370955e-08
9.271589582666216467e-01 -3.237715392452406197e-07 -4.935079944641288107e-08
9.258613252269918270e-01 -3.208979866514720134e-07 -4.983295186931370677e-08
9.245655083284783915e-01 -3.180255203203521464e-07 -5.029959038734727550e-08
9.232715050292467085e-01 -3.151543103482104044e-07 -5.075074542846948926e-08
9.219793127910197450e-01 -3.122845274035296178e-07 -5.118644908611518623e-08
9.206889290790728486e-01 -3.094163380521668315e-07 -5.160673415296415270e-08
9.194003513622291957e-01 -3.065499100587605746e-07 -5.201163511797968113e-08
9.181135771128540179e-01 -3.036854087344026126e-07 -5.240118749786315332e-08
9.168286038068508281e-01 -3.008229987555969442e-07 -5.277542808878961182e-08
9.155454289236553134e-01 -2.979628429170550321e-07 -5.313439480145337418e-08
9.142640499462310055e-01 -2.951051031150706146e-07 -5.347812682304312590e-08
9.129844643610645072e-01 -2.922499397213319643e-07 -5.380666439211686178e-08
9.117066696581598295e-01 -2.893975122113773483e-07 -5.412004906358132046e-08
9.104306633310342844e-01 -2.865479780302510991e-07 -5.441832327197718893e-08
9.091564428767130446e-01 -2.837014943642749884e-07 -5.470153089029400837e-08
9.078840057957244802e-01 -2.808582165505132637e-07 -5.496971667300487062e-08
9.066133495920951635e-01 -2.780182980745444224e-07 -5.522292643890063059e-08
9.053444717733448721e-01 -2.751818920688313670e-07 -5.546120725862771234e-08
9.040773698504818157e-01 -2.723491503243407348e-07 -5.568460717865459688e-08
9.028120413379978615e-01 -2.695202224127322142e-07 -5.589317523314313451e-08
9.015484837538635388e-01 -2.666952573747518069e-07 -5.608696158053476488e-08
9.002866946195231534e-01 -2.638744033327030310e-07 -5.626601744553865975e-08
8.990266714598899034e-01 -2.610578056383430490e-07 -5.643039479947981905e-08
8.977684118033409932e-01 -2.582456101354061409e-07 -5.658014697325904904e-08
8.965119131817129716e-01 -2.554379598883976665e-07 -5.671532792483102125e-08
8.952571731302968461e-01 -2.526349977817037059e-07 -5.683599288855797412e-08
8.940041891878331981e-01 -2.498368641404807042e-07 -5.694219770771463027e-08
8.927529588965069651e-01 -2.470436991114055767e-07 -5.703399945073224049e-08
8.915034798019434437e-01 -2.442556412114981530e-07 -5.711145595877944680e-08
8.902557494532028493e-01 -2.414728274595111277e-07 -5.717462603054212277e-08
8.890097654027756535e-01 -2.386953937019506068e-07 -5.722356937399008167e-08
8.877655252065778102e-01 -2.359234744463309751e-07 -5.725834648111427072e-08
8.865230264239460922e-01 -2.331572028415931092e-07 -5.727901877565712571e-08
8.852822666176329847e-01 -2.303967108129919920e-07 -5.728564854940965829e-08
8.840432433538022439e-01 -2.276421288960400325e-07 -5.727829890052901453e-08
8.828059542020239014e-01 -2.248935864856350996e-07 -5.725703373266154440e-08
8.815703967352694903e-01 -2.221512113900627085e-07 -5.722191777974377425e-08
8.803365685299077148e-01 -2.194151303855992073e-07 -5.717301658665021199e-08
8.791044671656987886e-01 -2.166854687397078788e-07 -5.711039644447772040e-08
8.778740902257907708e-01 -2.139623505238708919e-07 -5.703412444355093318e-08
8.766454352967140151e-01 -2.112458986152814887e-07 -5.694426845444788311e-08
8.754184999683767288e-01 -2.085362339866348893e-07 -5.684089692051490749e-08
8.741932818340603095e-01 -2.058334778190349324e-07 -5.672407942350955934e-08
8.729697784904145719e-01 -2.031377478732220522e-07 -5.659388571415688718e-08
8.717479875374529730e-01 -2.004491619399614072e-07 -5.645038655712272243e-08
8.705279065785478387e-01 -1.977678364130088861e-07 -5.629365343882266960e-08
8.693095332204259229e-01 -1.950938864338600660e-07 -5.612375848192797398e-08
8.680928650731634111e-01 -1.924274250252686204e-07 -5.594077427208611224e-08
8.668778997501815908e-01 -1.897685653158836467e-07 -5.574477447042007072e-08
8.656646348682418557e-01 -1.871174177758165854e-07 -5.553583288666056430e-08
8.644530680474410422e-01 -1.844740924542986080e-07 -5.531402432999131345e-08
8.632431969112067671e-01 -1.818386979077419466e-07 -5.507942404127808197e-08
8.620350190862932083e-01 -1.792113408319052217e-07 -5.483210784754852093e-08
8.608285322027758868e-01 -1.765921276097104436e-07 -5.457215225625500442e-08
8.596237338940471151e-01 -1.739811628496354097e-07 -5.429963439836862027e-08
8.584206217968115560e-01 -1.713785495571531735e-07 -5.401463173135157557e-08
8.572191935510814487e-01 -1.687843903255307723e-07 -5.371722256795524013e-08
8.560194468001722790e-01 -1.661987854188931618e-07 -5.340748549590334894e-08
8.548213791906975612e-01 -1.636218345591122749e-07 -5.308549971711343119e-08
8.536249883725647303e-01 -1.610536366377230961e-07 -5.275134524040198715e-08
8.524302719989702570e-01 -1.584942877438321720e-07 -5.240510200342578291e-08
8.512372277263954290e-01 -1.559438838733515934e-07 -5.204685081519925338e-08
8.500458532146010215e-01 -1.534025194912401354e-07 -5.167667290280923447e-08
8.488561461266235231e-01 -1.508702882342767528e-07 -5.129465007905136614e-08
8.476681041287701390e-01 -1.483472817672346202e-07 -5.090086441790441380e-08
8.464817248906141289e-01 -1.458335905346513015e-07 -5.049539833983729236e-08
8.452970060849903655e-01 -1.433293044771303672e-07 -5.007833511721563308e-08
8.441139453879911159e-01 -1.408345117050531289e-07 -4.964975808839144179e-08
8.429325404789606013e-01 -1.383492987743622445e-07 -4.920975096426230217e-08
8.417527890404914448e-01 -1.358737518563641133e-07 -4.875839813793762146e-08
8.405746887584194527e-01 -1.334079553596796715e-07 -4.829578424202248094e-08
8.393982373218191739e-01 -1.309519928445426880e-07 -4.782199432395673824e-08
8.382234324229999034e-01 -1.285059459505486172e-07 -4.733711368312437778e-08
8.370502717575002416e-01 -1.260698956113238807e-07 -4.684122804941026631e-08
8.358787530240844310e-01 -1.236439217494185112e-07 -4.633442360917466968e-08
8.347088739247372491e-01 -1.212281023930879315e-07 -4.581678664839903319e-08
8.335406321646597894e-01 -1.188225149662500439e-07 -4.528840396494178742e-08
8.323740254522650206e-01 -1.164272356755568906e-07 -4.474936270464528157e-08
8.312090514991729018e-01 -1.140423387930161788e-07 -4.419975002887540457e-08
8.300457080202066074e-01 -1.116678984352411219e-07 -4.363965376219012130e-08
8.288839927333870872e-01 -1.093039866451058242e-07 -4.306916169602276374e-08
8.277239033599295137e-01 -1.069506747696800700e-07 -4.248836204292246744e-08
8.265654376242380641e-01 -1.046080331084676577e-07 -4.189734338220878912e-08
8.254085932539021453e-01 -1.022761302137943226e-07 -4.129619428934137619e-08
8.242533679796911761e-01 -9.995503357559823297e-08 -4.068500365418781893e-08
8.230997595355509233e-01 -9.764481041143055508e-08 -4.006386089334477374e-08
8.219477656585986169e-01 -9.534552533401964381e-08 -3.943285514768493565e-08
8.207973840891181760e-01 -9.305724286830267426e-08 -3.879207612787967288e-08
8.196486125705567671e-01 -9.078002609763037866e-08 -3.814161366651301826e-08
8.185014488495193641e-01 -8.851393702992060916e-08 -3.748155782285673315e-08
8.173558906757648623e-01 -8.625903599707893069e-08 -3.681199860829071405e-08
8.162119358022015270e-01 -8.401538301361924546e-08 -3.613302654164806759e-08
8.150695819848827739e-01 -8.178303619211150288e-08 -3.544473200077230679e-08
8.139288269830023959e-01 -7.956205308796248066e-08 -3.474720574683141382e-08
8.127896685588904546e-01 -7.735248975042304648e-08 -3.404053852035645861e-08
8.116521044780087291e-01 -7.515440185266943332e-08 -3.332482155058762330e-08
8.105161325089466073e-01 -7.296784242828074733e-08 -3.260014547720097579e-08
8.093817504234162019e-01 -7.079286492249938775e-08 -3.186660175037289436e-08
8.082489559962486858e-01 -6.862952089072898708e-08 -3.112428161124765628e-08
8.071177470053892966e-01 -6.647786104664394063e-08 -3.037327646939123413e-08
8.059881212318932286e-01 -6.433793520470951244e-08 -2.961367793889527772e-08
8.048600764599211921e-01 -6.220979144151974409e-08 -2.884557741837257804e-08
8.037336104767353051e-01 -6.009347711013866580e-08 -2.806906652106614393e-08
8.026087210726945420e-01 -5.798903906042422672e-08 -2.728423724252972695e-08
8.014854060412504033e-01 -5.589652221639270547e-08 -2.649118117318449891e-08
8.003636631789425859e-01 -5.381597042562272757e-08 -2.568999000325064829e-08
7.992434902853949863e-01 -5.174742720008388664e-08 -2.488075578323399974e-08
7.981248851633105934e-01 -4.969093454372730037e-08 -2.406357037888319895e-08
7.970078456184682691e-01 -4.764653355674497874e-08 -2.323852574747018129e-08
7.958923694597174192e-01 -4.561426384300919845e-08 -2.240571365312258478e-08
7.947784544989742184e-01 -4.359416465606089810e-08 -2.156522619587091044e-08
7.936660985512175026e-01 -4.158627339920509639e-08 -2.071715508954312114e-08
7.925552994344838842e-01 -3.959062771959481921e-08 -1.986159265232994887e-08
7.914460549698640879e-01 -3.760726288552603991e-08 -1.899863051244670903e-08
7.903383629814982880e-01 -3.563621391438602343e-08 -1.812836067198221419e-08
7.892322212965717787e-01 -3.367751451823985326e-08 -1.725087493696227938e-08
7.881276277453109769e-01 -3.173119749042544708e-08 -1.636626513944818972e-08
7.870245801609794256e-01 -2.979729504006477104e-08 -1.547462325840402047e-08
7.859230763798726871e-01 -2.787583717936943921e-08 -1.457604061634937601e-08
7.848231142413147898e-01 -2.596685439820197414e-08 -1.367060921902537739e-08
7.837246915876538988e-01 -2.407037555021391510e-08 -1.275842067281242211e-08
7.826278062642577638e-01 -2.218642807028528690e-08 -1.183956627700474246e-08
7.815324561195099440e-01 -2.031503907067391064e-08 -1.091413759170732428e-08
7.804386390048053679e-01 -1.845623484256506198e-08 -9.982226164898280306e-09
7.793463527745458919e-01 -1.661003978347844100e-08 -9.043922937970157711e-09
7.782555952861364146e-01 -1.477647847337297313e-08 -8.099319375594073582e-09
7.771663643999805471e-01 -1.295557336154896584e-08 -7.148506182138706184e-09
7.760786579794765050e-01 -1.114734738990285811e-08 -6.191574737989795988e-09
7.749924738910128896e-01 -9.351820995676200360e-09 -5.228615427214603492e-09
7.739078100039642472e-01 -7.569015227172025861e-09 -4.259719359186129026e-09
7.728246641906871828e-01 -5.798949117072598224e-09 -3.284976911484469133e-09
7.717430343265164749e-01 -4.041640816365279928e-09 -2.304478322279816319e-09
7.706629182897598573e-01 -2.297108022998772509e-09 -1.318313946236295527e-09
7.695843139616951323e-01 -5.653680104006243632e-10 -3.265742592777234085e-10
7.685072192265651747e-01 1.153564013530761686e-09 6.706510883209186387e-10
7.674316319715740464e-01 2.859673293856627744e-09 1.673272367154571860e-09
7.663575500868827772e-01 4.552945590778310451e-09 2.681199801987539385e-09
7.652849714656054791e-01 6.233367528726811368e-09 3.694343783673365759e-09
7.642138940038047945e-01 7.900927386597810367e-09 4.712615348952601961e-09
7.631443156004882322e-01 9.555613545196161563e-09 5.735925270033259158e-09
7.620762341576035048e-01 1.119741562995877555e-08 6.764184748224454714e-09
7.610096475800349758e-01 1.282632358676687781e-08 7.797304860548768666e-09
7.599445537755992186e-01 1.444232901807216116e-08 8.835197368807930086e-09
7.588809506550409090e-01 1.604542367166980532e-08 9.877773843123338914e-09
7.578188361320288280e-01 1.763560045781679963e-08 1.092494625864308825e-08
7.567582081231518654e-01 1.921285314096367722e-08 1.197662682260980129e-08
7.556990645479146895e-01 2.077717593594783627e-08 1.303272774910342394e-08
7.546414033287338619e-01 2.232856446104010361e-08 1.409316184500483695e-08
7.535852223909335068e-01 2.386701474024349581e-08 1.515784190780233484e-08
7.525305196627417592e-01 2.539252364213153276e-08 1.622668099175325203e-08
7.514772930752859903e-01 2.690508890508744392e-08 1.729959245309200710e-08
7.504255405625893660e-01 2.840470913301603088e-08 1.837648994721245601e-08
7.493752600615665171e-01 2.989138297681423243e-08 1.945728690012514640e-08
7.483264495120194315e-01 3.136511135822274923e-08 2.054189799110374877e-08
7.472791068566336792e-01 3.282589464392437090e-08 2.163023726879033024e-08
7.462332300409739716e-01 3.427373437132223158e-08 2.272221932983841177e-08
7.451888170134806089e-01 3.570863303919379386e-08 2.381775920104122312e-08
7.441458657254649278e-01 3.713059348247845302e-08 2.491677187731682076e-08
7.431043741311059714e-01 3.853962008539714471e-08 2.601917319446045602e-08
7.420643401874457146e-01 3.993571685221527667e-08 2.712487851528275641e-08
7.410257618543855118e-01 4.131888916621798219e-08 2.823380394582053705e-08
7.399886370946821001e-01 4.268914342246229668e-08 2.934586606180687631e-08
7.389529638739433803e-01 4.404648599853165404e-08 3.046098124320176194e-08
7.379187401606247532e-01 4.539092448569745498e-08 3.157906652344406287e-08
7.368859639260244565e-01 4.672246695389762430e-08 3.270003906404384104e-08
7.358546331442806787e-01 4.804112235190840656e-08 3.382381647438695624e-08
7.348247457923665626e-01 4.934690012002270216e-08 3.495031657018870549e-08
7.337962998500866529e-01 5.063981062543274459e-08 3.607945758718235528e-08
7.327692933000730102e-01 5.191986465660030745e-08 3.721115793187500507e-08
7.317437241277812143e-01 5.318707392919179985e-08 3.834533654788829805e-08
7.307195903214863675e-01 5.444145072770994898e-08 3.948191259425992013e-08
7.296968898722789865e-01 5.568300786476340682e-08 4.062080545485886745e-08
7.286756207740612279e-01 5.691175894106788745e-08 4.176193501164343017e-08
7.276557810235432244e-01 5.812771817802785511e-08 4.290522137344525950e-08
7.266373686202384219e-01 5.933090071567060928e-08 4.405058527896009567e-08
7.256203815664605816e-01 6.052132139333409851e-08 4.519794708007615072e-08
7.246048178673191176e-01 6.169899704050077896e-08 4.634722843428724326e-08
7.235906755307153215e-01 6.286394409249735605e-08 4.749835070197998965e-08
7.225779525673390324e-01 6.401617999706978226e-08 4.865123584158553492e-08
7.215666469906637515e-01 6.515572284341528472e-08 4.980580615523500741e-08
7.205567568169436443e-01 6.628259108922229226e-08 5.096198417187827612e-08
7.195482800652092115e-01 6.739680390619908999e-08 5.211969285351792474e-08
7.185412147572635133e-01 6.849838114218586354e-08 5.327885560112626642e-08
7.175355589176779514e-01 6.958734322510645681e-08 5.443939616765478218e-08
7.165313105737892707e-01 7.066371104452276538e-08 5.560123858822731671e-08
7.155284677556945638e-01 7.172750640344158117e-08 5.676430754204379227e-08
7.145270284962482732e-01 7.277875084735820704e-08 5.792852742909597251e-08
7.135269908310579723e-01 7.381746749722356527e-08 5.909382381952262684e-08
7.125283527984803689e-01 7.484367949692968468e-08 6.026012229387481612e-08
7.115311124396179743e-01 7.585741046488149362e-08 6.142734866625588330e-08
7.105352677983145515e-01 7.685868484445930918e-08 6.259542947460375056e-08
7.095408169211521177e-01 7.784752786210343829e-08 6.376429173201559855e-08
7.085477578574461699e-01 7.882396423232767098e-08 6.493386204875556716e-08
7.075560886592425769e-01 7.978802013569702661e-08 6.610406820542145367e-08
7.065658073813136930e-01 8.073972224206059342e-08 6.727483833050283926e-08
7.055769120811541395e-01 8.167909707656170091e-08 6.844610040139920760e-08
7.045894008189771407e-01 8.260617252279211712e-08 6.961778354805680195e-08
7.036032716577111934e-01 8.352097642566869456e-08 7.078981675777115432e-08
7.026185226629955149e-01 8.442353716220668046e-08 7.196212954229984537e-08
7.016351519031767126e-01 8.531388376789956045e-08 7.313465191125039679e-08
7.006531574493050085e-01 8.619204575711421881e-08 7.430731431056699165e-08
6.996725373751303545e-01 8.705805285741808846e-08 7.548004731667071527e-08
