1.000000000000000000e+00 -2.938926261462364575e+00 0.000000000000000000e+00
9.922911893760835156e-01 -2.798070325874771225e+00 -4.331018382543368184e-02
9.846418045134024410e-01 -2.657186336217403966e+00 -8.227870946647994344e-02
9.770513873100171720e-01 -2.516527394284050256e+00 -1.169316018553785974e-01
9.695194831954093706e-01 -2.376337129610576859e+00 -1.473058906180340355e-01
9.620456411032586308e-01 -2.236849511403981694e+00 -1.734489443482803428e-01
9.546294134444293089e-01 -2.098288697545746651e+00 -1.954178118801895292e-01
9.472703560801656320e-01 -1.960868918917981985e+00 -2.132785722936432760e-01
9.399680282954937516e-01 -1.824794397293907799e+00 -2.271056952319967237e-01
9.327219927728276350e-01 -1.690259295034886478e+00 -2.369814129602714203e-01
9.255318155657799029e-01 -1.557447694843515418e+00 -2.429951054480402606e-01
9.183970660731736180e-01 -1.426533607836217854e+00 -2.452426996231532319e-01
9.113173170132550238e-01 -1.297681008218040333e+00 -2.438260838107089434e-01
9.042921443981042362e-01 -1.171043892867054348e+00 -2.388525382462963753e-01
8.973211275082438876e-01 -1.046766364165040653e+00 -2.304341824334591449e-01
8.904038488674436147e-01 -9.249827344443545263e-01 -2.186874400025570486e-01
8.835398942177181691e-01 -8.058176504579470656e-01 -2.037325216216690216e-01
8.767288524945184847e-01 -6.893862363196783249e-01 -1.856929264097980092e-01
8.699703158021147020e-01 -5.757942534050118910e-01 -1.646949622083263842e-01
8.632638793891673767e-01 -4.651382757474450957e-01 -1.408672849782584557e-01
8.566091416244887569e-01 -3.575058795134002931e-01 -1.143404575082287850e-01
8.500057039729899122e-01 -2.529758451871443325e-01 -8.524652754128667076e-02
8.434531709718132708e-01 -1.516183711476205287e-01 -5.371862535704754332e-02
8.369511502066497854e-01 -5.349529737022801906e-02 -1.989058077964514504e-02
8.304992522882376216e-01 4.133966196136066445e-02 1.610344047902567341e-02
8.240970908290433661e-01 1.328406780959701383e-01 5.412928128736251704e-02
8.177442824201217597e-01 2.209695607181329235e-01 9.405311857119658114e-02
8.114404466081545086e-01 3.056955053711601367e-01 1.357417700445598396e-01
8.051852058726660655e-01 3.869948363048725248e-01 1.790629824808496473e-01
7.989781856034144925e-01 4.648507457009404820e-01 2.238857018493458917e-01
7.928190140779572959e-01 5.392530301772137102e-01 2.700803256761299398e-01
7.867073224393902331e-01 6.101978254217196307e-01 3.175189380188265797e-01
7.806427446742565390e-01 6.776873397570358781e-01 3.660755274713183849e-01
7.746249175906282369e-01 7.417295873867877365e-01 4.156261886379268855e-01
7.686534807963552041e-01 8.023381220281444737e-01 4.660493075367141969e-01
7.627280766774818810e-01 8.595317715873969089e-01 5.172257314086348146e-01
7.568483503768311804e-01 9.133343744901640804e-01 5.690389234235194715e-01
7.510139497727524871e-01 9.637745182335835104e-01 6.213751027854886866e-01
7.452245254580348588e-01 1.010885280684936660e+00 6.741233707494626026e-01
7.394797307189808766e-01 1.054703974609692230e+00 7.271758230672090706e-01
7.337792215146434760e-01 1.095271895871906320e+00 7.804276493859558794e-01
7.281226564562222059e-01 1.132634075711344224e+00 8.337772201251977267e-01
7.225096967866181386e-01 1.166839037464608708e+00 8.871261613580483374e-01
7.169400063601468753e-01 1.197938558061923953e+00 9.403794182224952669e-01
7.114132516224069835e-01 1.225987434597219483e+00 9.934453073853989347e-01
7.059291015903051969e-01 1.251043256236438417e+00 1.046235559078001920e+00
7.004872278322340495e-01 1.273166181698045740e+00 1.098665349216509268e+00
6.950873044484030538e-01 1.292418722509989237e+00 1.150653322114705057e+00
6.897290080513217569e-01 1.308865532219303907e+00 1.202121604288046264e+00
6.844120177464323440e-01 1.322573201703837853e+00 1.252995809840142583e+00
6.791360151128924549e-01 1.333610060710293643e+00 1.303205037913072850e+00
6.739006841845059936e-01 1.342045985718979040e+00 1.352681862672888480e+00
6.687057114307998207e-01 1.347952214213141930e+00 1.401362316290811760e+00
6.635507857382484387e-01 1.351401165409574334e+00 1.449185865369131854e+00
6.584355983916413413e-01 1.352466267487437701e+00 1.496095381249058942e+00
6.533598430555950243e-01 1.351221791333553801e+00 1.542037104625266331e+00
6.483232157562076603e-01 1.347742690805183940e+00 1.586960604879320114e+00
6.433254148628545499e-01 1.342104449495075791e+00 1.630818734531125580e+00
6.383661410701242378e-01 1.334382933968630169e+00 1.673567579194384480e+00
6.334450973798942952e-01 1.324654253429112583e+00 1.715166403408677320e+00
6.285619890835443258e-01 1.312994625754045463e+00 1.755577592707350476e+00
6.237165237443069721e-01 1.299480249834135792e+00 1.794766592266848759e+00
6.189084111797547028e-01 1.284187184135280102e+00 1.832701842469630193e+00
6.141373634444208252e-01 1.267191231394398487e+00 1.869354711699287908e+00
6.094030948125565006e-01 1.248567829350844649e+00 1.904699426673098994e+00
6.047053217610178777e-01 1.228391947407123874e+00 1.938713000603877745e+00
6.000437629522876737e-01 1.206737989105390874e+00 1.971375159469852312e+00
5.954181392176263188e-01 1.183679700299730797e+00 2.002668266658248264e+00
5.908281735403528856e-01 1.159290082898523755e+00 2.032577246235463875e+00
5.862735910392558036e-01 1.133641314046204940e+00 2.061089505084090501e+00
5.817541189521306944e-01 1.106804670609366603e+00 2.088194854134679979e+00
5.772694866194453267e-01 1.078850458828479075e+00 2.113885428908041320e+00
5.728194254681305830e-01 1.049847948993389846e+00 2.138155609572006011e+00
5.684036689954961030e-01 1.019865314998230188e+00 2.161001940705036706e+00
5.640219527532704946e-01 9.889695786293352109e-01 2.182423050947801535e+00
5.596740143317640026e-01 9.572265584382775305e-01 2.202419572712874363e+00
5.553595933441533017e-01 9.247008230510731508e-01 2.220994062112097822e+00
5.510784314108878590e-01 8.914556487639668791e-01 2.238150919250777804e+00
5.468302721442164227e-01 8.575529812760332993e-01 2.253896309027968670e+00
5.426148611328319715e-01 8.230534014089536665e-01 2.268238082572357595e+00
5.384319459266362351e-01 7.880160946648558928e-01 2.281185699433983860e+00
5.342812760216208989e-01 7.524988244739239107e-01 2.292750150643020568e+00
5.301626028448657157e-01 7.165579089846138006e-01 2.302943882738160752e+00
5.260756797396520801e-01 6.802482012507040654e-01 2.311780722858850723e+00
5.220202619506909558e-01 6.436230726710484573e-01 2.319275804987590561e+00
5.179961066094658229e-01 6.067343995397846967e-01 2.325445497420862484e+00
5.140029727196874232e-01 5.696325525668084477e-01 2.330307331539884785e+00
5.100406211428610836e-01 5.323663892305948719e-01 2.333879931945393782e+00
5.061088145839661712e-01 4.949832488278789744e-01 2.336182948013894922e+00
5.022073175772434617e-01 4.575289500872686821e-01 2.337236986926468862e+00
4.983358964720954187e-01 4.200477912165955785e-01 2.337063548215100539e+00
4.944943194190923874e-01 3.825825522566003167e-01 2.335684959865705679e+00
4.906823563560881452e-01 3.451744996165055368e-01 2.333124316011489174e+00
4.868997789944419230e-01 3.078633926700059531e-01 2.329405416245132532e+00
4.831463608053470082e-01 2.706874922933193428e-01 2.324552706573251637e+00
4.794218770062641521e-01 2.336835712300465162e-01 2.318591222031976873e+00
4.757261045474602823e-01 1.968869261708232066e-01 2.311546530978060066e+00
4.720588220986504102e-01 1.603313914389181694e-01 2.303444681065757838e+00
4.684198100357427896e-01 1.240493541762411889e-01 2.294312146915832518e+00
4.648088504276863264e-01 8.807177092744979119e-02 2.284175779479351576e+00
4.612257270234189632e-01 5.242818552313735503e-02 2.273062757095506203e+00
4.576702252389172609e-01 1.714674816638434018e-02 2.261000538239475333e+00
4.541421321443452341e-01 -1.774576436982710018e-02 2.248016815953344683e+00
4.506412364513028290e-01 -5.222392752351909251e-02 2.234139473950311316e+00
4.471673285001721010e-01 -8.626364678895881433e-02 2.219396544379787617e+00
4.437202002475616469e-01 -1.198421347089719674e-01 2.203816167238653367e+00
4.402996452538469052e-01 -1.529378870939772928e-01 2.187426551411644216e+00
4.369054586708073784e-01 -1.855306585441668377e-01 2.170255937321857509e+00
4.335374372293587797e-01 -2.176014373482498265e-01 2.152332561170465564e+00
4.301953792273794930e-01 -2.491324198290636727e-01 2.133684620743021565e+00
4.268790845176317350e-01 -2.801069842034007995e-01 2.114340242758190769e+00
4.235883544957744773e-01 -3.105096640204460523e-01 2.094327451733309697e+00
4.203229920884701820e-01 -3.403261212403356772e-01 2.073674140339945904e+00
4.170828017415821876e-01 -3.695431190115078257e-01 2.052408041221452262e+00
4.138675894084638540e-01 -3.981484942027807561e-01 2.030556700243530521e+00
4.106771625383371371e-01 -4.261311297433553191e-01 2.008147451147915152e+00
4.075113300647617565e-01 -4.534809268213231825e-01 1.985207391578532876e+00
4.043699023941921822e-01 -4.801887769886939994e-01 1.961763360448793625e+00
4.012526913946237173e-01 -5.062465342184157002e-01 1.937841916618146199e+00
3.981595103843257877e-01 -5.316469869564700579e-01 1.913469318845534284e+00
3.950901741206616635e-01 -5.563838302097235955e-01 1.888671506987028570e+00
3.920444987889953325e-01 -5.804516377079205203e-01 1.863474084404615150e+00
3.890223019916826952e-01 -6.038458341759843639e-01 1.837902301552897466e+00
3.860234027371488019e-01 -6.265626677506149766e-01 1.811981040710380686e+00
3.830476214290482462e-01 -6.485991825730899052e-01 1.785734801821869500e+00
3.800947798555101009e-01 -6.699531915881394850e-01 1.759187689418598044e+00
3.771647011784646786e-01 -6.906232495768253044e-01 1.732363400582689783e+00
3.742572099230538907e-01 -7.106086264494412275e-01 1.705285213922758336e+00
3.713721319671217103e-01 -7.299092808226621543e-01 1.677975979527538630e+00
3.685092945307870127e-01 -7.485258339033754593e-01 1.650458109864757938e+00
3.656685261660961306e-01 -7.664595436999755984e-01 1.622753571592646882e+00
3.628496567467550116e-01 -7.837122795802503594e-01 1.594883878251855069e+00
3.600525174579412013e-01 -8.002864971934392502e-01 1.566870083805879332e+00
3.572769407861935420e-01 -8.161852137725373879e-01 1.538732776998468443e+00
3.545227605093805856e-01 -8.314119838314890654e-01 1.510492076496937175e+00
3.517898116867456682e-01 -8.459708752705239476e-01 1.482167626790731552e+00
3.490779306490293110e-01 -8.598664459015813444e-01 1.453778594815093639e+00
3.463869549886672283e-01 -8.731037204045065669e-01 1.425343667270135173e+00
3.437167235500645512e-01 -8.856881677234794692e-01 1.396881048606213316e+00
3.410670764199440486e-01 -8.976256789120207191e-01 1.368408459646965003e+00
3.384378549177698425e-01 -9.089225454337783727e-01 1.339943136821990066e+00
3.358289015862442328e-01 -9.195854379252959010e-01 1.311501831981682464e+00
3.332400601818779617e-01 -9.296213854259428588e-01 1.283100812767339782e+00
3.306711756656333101e-01 -9.390377550792493588e-01 1.254755863510251590e+00
3.281220941936391911e-01 -9.478422323090042179e-01 1.226482286634076102e+00
3.255926631079775202e-01 -9.560428014725940171e-01 1.198294904535433192e+00
3.230827309275414727e-01 -9.636477269933013678e-01 1.170208061918253550e+00
3.205921473389632959e-01 -9.706655349724703230e-01 1.142235628558052829e+00
3.181207631876124542e-01 -9.771049952817747464e-01 1.114391002472896908e+00
3.156684304686633857e-01 -9.829751041351074692e-01 1.086687113478503663e+00
3.132350023182315368e-01 -9.882850671390005504e-01 1.059136427105484390e+00
3.108203330045782309e-01 -9.930442828198691174e-01 1.031750948857414585e+00
3.084242779193832606e-01 -9.972623266258164865e-01 1.004542228789011338e+00
3.060466935690845380e-01 -1.000948935400210349e+00 9.775213663843056455e-01
3.036874375662846903e-01 -1.004113992323740767e+00 9.506990157153694110e-01
3.013463686212237702e-01 -1.006767512321220748e+00 9.240853908626854851e-01
2.990233465333178020e-01 -1.008919627928952956e+00 8.976902715789296661e-01
2.967182321827626645e-01 -1.010580575618098553e+00 8.715230091784935684e-01
2.944308875222025335e-01 -1.011760682569090131e+00 8.455925326356709126e-01
2.921611755684621614e-01 -1.012470353891841368e+00 8.199073548750263063e-01
2.899089603943441062e-01 -1.012720060286129042e+00 7.944755792380476800e-01
2.876741071204875766e-01 -1.012520326136284954e+00 7.693049061107228859e-01
2.854564819072914483e-01 -1.011881718034049804e+00 7.444026396972774906e-01
2.832559519468987319e-01 -1.010814833723205464e+00 7.197756949258374837e-01
2.810723854552428791e-01 -1.009330291459382911e+00 6.954306044723174152e-01
2.789056516641559291e-01 -1.007438719778265712e+00 6.713735258893989144e-01
2.767556208135369955e-01 -1.005150747665194189e+00 6.476102488279272817e-01
2.746221641435809824e-01 -1.002476995119073733e+00 6.241462023386292746e-01
2.725051538870679746e-01 -9.994280641033048695e-01 6.009864622424991865e-01
2.704044632617113586e-01 -9.960145298763676269e-01 5.781357585587230119e-01
2.683199664625650072e-01 -9.922469326945763113e-01 5.555984829794690105e-01
2.662515386544895279e-01 -9.881357698794323019e-01 5.333786963813544890e-01
2.641990559646756886e-01 -9.836914882419452999e-01 5.114801363638332710e-01
2.621623954752264618e-01 -9.789244768562243015e-01 4.899062248052191704e-01
2.601414352157955800e-01 -9.738450601745991531e-01 4.686600754274663494e-01
2.581360541562832678e-01 -9.684634914765147817e-01 4.477445013612670888e-01
2.561461321995873730e-01 -9.627899466434007847e-01 4.271620227034238493e-01
2.541715501744121197e-01 -9.568345182517412617e-01 4.069148740588790503e-01
2.522121898281302621e-01 -9.506072099765445760e-01 3.870050120601234434e-01
2.502679338197019709e-01 -9.441179312974535831e-01 3.674341228571423867e-01
2.483386657126470110e-01 -9.373764924997378678e-01 3.482036295713654139e-01
2.464242699680720683e-01 -9.303925999624643728e-01 3.293146997074957172e-01
2.445246319377513688e-01 -9.231758517261678954e-01 3.107682525173883215e-01
2.426396378572603096e-01 -9.157357333323978832e-01 2.925649663105135412e-01
2.407691748391631026e-01 -9.080816139275779131e-01 2.747052857058620012e-01
2.389131308662513220e-01 -9.002227426236661945e-01 2.571894288204310541e-01
2.370713947848363812e-01 -8.921682451081981435e-01 2.400173943897860873e-01
2.352438562980923298e-01 -8.839271204963309314e-01 2.231889688164216401e-01
2.334304059594505543e-01 -8.755082384176287036e-01 2.067037331419809276e-01
2.316309351660452154e-01 -8.669203363303866761e-01 1.905610699396365071e-01
2.298453361522094507e-01 -8.581720170563923444e-01 1.747601701232044114e-01
2.280735019830216204e-01 -8.492717465291198531e-01 1.593000396698205368e-01
2.263153265479011245e-01 -8.402278517484362830e-01 1.441795062532458260e-01
2.245707045542535141e-01 -8.310485189350196311e-01 1.293972257851049301e-01
2.228395315211652850e-01 -8.217417918777804031e-01 1.149516888616004956e-01
2.211217037731463275e-01 -8.123155704676869870e-01 1.008412271134328242e-01
2.194171184339213376e-01 -8.027776094115075534e-01 8.706401945690100952e-02
2.177256734202688560e-01 -7.931355171190933584e-01 7.361809824433260263e-02
2.160472674359072698e-01 -7.833967547579331336e-01 6.050135531219374974e-02
2.143817999654292483e-01 -7.735686354688459110e-01 4.771154792542642992e-02
2.127291712682813918e-01 -7.636583237367613464e-01 3.524630461670700404e-02
2.110892823727915646e-01 -7.536728349106914804e-01 2.310313091952684306e-02
2.094620350702412481e-01 -7.436190348670869144e-01 1.127941499412290008e-02
2.078473319089845783e-01 -7.335036398109114897e-01 -2.275668545258498026e-04
2.062450761886119310e-01 -7.233332162088708106e-01 -1.142064476730417916e-02
2.046551719541586656e-01 -7.131141808493668410e-01 -2.230275003067104175e-02
2.030775239903590546e-01 -7.028528010238609403e-01 -3.287690988584977825e-02
2.015120378159434844e-01 -6.925551948244482725e-01 -4.314624244775534800e-02
1.999586196779808422e-01 -6.822273315525759774e-01 -5.311395173377036344e-02
1.984171765462635628e-01 -6.718750322339417380e-01 -6.278332280239294627e-02
1.968876161077362241e-01 -6.615039702347449424e-01 -7.215771700164731739e-02
1.953698467609673306e-01 -6.511196719745714345e-01 -8.124056732705195460e-02
1.938637776106634236e-01 -6.407275177313142001e-01 -9.003537388884237658e-02
1.923693184622257413e-01 -6.303327425336495704e-01 -9.854569948804640933e-02
1.908863798163485670e-01 -6.199404371367029931e-01 -1.067751653009259560e-01
1.894148728636593504e-01 -6.095555490766567663e-01 -1.147274466712111807e-01
1.879547094794002116e-01 -5.991828838001700408e-01 -1.224062690094750577e-01
1.865058022181502462e-01 -5.888271058645770939e-01 -1.298154037989220910e-01
1.850680643085888810e-01 -5.784927402049714340e-01 -1.369586647067946028e-01
1.836414096482992253e-01 -5.681841734643623409e-01 -1.438399038005343800e-01
1.822257527986113901e-01 -5.579056553832200116e-01 -1.504630078677756388e-01
1.808210089794862752e-01 -5.476613002448339484e-01 -1.568318948391828338e-01
1.794270940644378809e-01 -5.374550883729946049e-01 -1.629505103131051735e-01
1.780439245754955324e-01 -5.272908676786431936e-01 -1.688228241809526520e-01
1.766714176782041568e-01 -5.171723552522073941e-01 -1.744528273521697426e-01
1.753094911766640007e-01 -5.071031389984735904e-01 -1.798445285776207603e-01
1.739580635086079574e-01 -4.970866793109142145e-01 -1.850019513701804674e-01
1.726170537405168348e-01 -4.871263107825084537e-01 -1.899291310212713746e-01
1.712863815627728159e-01 -4.772252439501921129e-01 -1.946301117120617374e-01
1.699659672848494729e-01 -4.673865670701451980e-01 -1.991089437180118549e-01
1.686557318305397790e-01 -4.576132479212510207e-01 -2.033696807054159728e-01
1.673555967332201189e-01 -4.479081356341206299e-01 -2.074163771185778826e-01
1.660654841311511865e-01 -4.382739625431868458e-01 -2.112530856562217230e-01
1.647853167628151594e-01 -4.287133460594574896e-01 -2.148838548357279721e-01
1.635150179622884836e-01 -4.192287905615872945e-01 -2.183127266437612790e-01
1.622545116546508792e-01 -4.098226893030386120e-01 -2.215437342718474256e-01
1.610037223514291516e-01 -4.004973263331575439e-01 -2.245808999354366453e-01
1.597625751460763632e-01 -3.912548784300876048e-01 -2.274282327749838351e-01
1.585309957094860334e-01 -3.820974170435262884e-01 -2.300897268375653171e-01
1.573089102855406707e-01 -3.730269102453858121e-01 -2.325693591375438685e-01
1.560962456866947512e-01 -3.640452246865212849e-01 -2.348710877947884912e-01
1.548929292895917242e-01 -3.551541275577412837e-01 -2.369988502489533411e-01
1.536988890307145472e-01 -3.463552885533982550e-01 -2.389565615483131289e-01
1.525140534020704430e-01 -3.376502818359328195e-01 -2.407481127116567199e-01
1.513383514469079649e-01 -3.290405879997909677e-01 -2.423773691617381876e-01
1.501717127554680897e-01 -3.205275960332309437e-01 -2.438481692287875480e-01
1.490140674607669802e-01 -3.121126052765721415e-01 -2.451643227225865362e-01
1.478653462344123870e-01 -3.037968273755287107e-01 -2.463296095716198675e-01
1.467254802824514703e-01 -2.955813882283062632e-01 -2.473477785278171137e-01
1.455944013412508453e-01 -2.874673299252218928e-01 -2.482225459354097941e-01
1.444720416734086854e-01 -2.794556126796519657e-01 -2.489575945624302455e-01
1.433583340636977732e-01 -2.715471167491773641e-01 -2.495565724933976326e-01
1.422532118150405533e-01 -2.637426443458471548e-01 -2.500230920817357316e-01
1.411566087445145501e-01 -2.560429215345345066e-01 -2.503607289604845021e-01
1.400684591793888156e-01 -2.484486001184133264e-01 -2.505730211098771143e-01
1.389886979531911315e-01 -2.409602595106376810e-01 -2.506634679803665944e-01
1.379172604018052417e-01 -2.335784085913458485e-01 -2.506355296696982649e-01
1.368540823595983391e-01 -2.263034875491702902e-01 -2.504926261526392861e-01
1.357991001555783339e-01 -2.191358697064709204e-01 -2.502381365619895104e-01
1.347522506095807093e-01 -2.120758633275621474e-01 -2.498753985195153182e-01
1.337134710284849370e-01 -2.051237134092425141e-01 -2.494077075154591816e-01
1.326826992024598140e-01 -1.982796034529799578e-01 -2.488383163352972105e-01
1.316598734012379146e-01 -1.915436572181476726e-01 -2.481704345324328431e-01
1.306449323704190202e-01 -1.849159404557444708e-01 -2.474072279455303558e-01
1.296378153278010537e-01 -1.783964626220638505e-01 -2.465518182592082996e-01
1.286384619597407963e-01 -1.719851785718380655e-01 -2.456072826068340653e-01
1.276468124175412777e-01 -1.656819902303798830e-01 -2.445766532141741278e-01
1.266628073138678090e-01 -1.594867482443197704e-01 -2.434629170826761446e-01
1.256863877191916334e-01 -1.533992536105431015e-01 -2.422690157111745957e-01
1.247174951582601943e-01 -1.474192592829700887e-01 -2.409978448548326935e-01
1.237560716065959632e-01 -1.415464717568667430e-01 -2.396522543201495548e-01
1.228020594870208732e-01 -1.357805526303780541e-01 -2.382350477948837197e-01
1.218554016662085071e-01 -1.301211201430322872e-01 -2.367489827117578438e-01
1.209160414512624460e-01 -1.245677506909732557e-01 -2.351967701448360593e-01
1.199839225863209846e-01 -1.191199803187130007e-01 -2.335810747374760521e-01
1.190589892491883822e-01 -1.137773061872239116e-01 -2.319045146607864871e-01
1.181411860479914949e-01 -1.085391880182072916e-01 -2.301696616015295183e-01
1.172304580178626515e-01 -1.034050495144091947e-01 -2.283790407784374310e-01
1.163267506176479671e-01 -9.837427975587079154e-02 -2.265351309859245932e-01
1.154300097266409142e-01 -9.344623457202332062e-02 -2.246403646641993990e-01
1.145401816413414153e-01 -8.862023788956288617e-02 -2.226971279947982940e-01
1.136572130722393187e-01 -8.389558305605396282e-02 -2.207077610205819274e-01
1.127810511406233118e-01 -7.927153413924027670e-02 -2.186745577892588166e-01
1.119116433754140105e-01 -7.474732720204979586e-02 -2.165997665195123489e-01
1.110489377100216252e-01 -7.032217155330523772e-02 -2.144855897888336693e-01
1.101928824792280381e-01 -6.599525097416826525e-02 -2.123341847421764683e-01
1.093434264160921404e-01 -6.176572492035611178e-02 -2.101476633205724698e-01
1.085005186488803425e-01 -5.763272970019886476e-02 -2.079280925088643761e-01
1.076641086980194145e-01 -5.359537962859983046e-02 -2.056774946017276007e-01
1.068341464730735851e-01 -4.965276815699786600e-02 -2.033978474871780961e-01
1.060105822697449685e-01 -4.580396897942966977e-02 -2.010910849467753281e-01
1.051933667668963346e-01 -4.204803711480402384e-02 -1.987590969717492051e-01
1.043824510235981523e-01 -3.838400996552582961e-02 -1.964037300943031750e-01
1.035777864761970035e-01 -3.481090835259647437e-02 -1.940267877333525237e-01
1.027793249354075483e-01 -3.132773752735303063e-02 -1.916300305539870297e-01
1.019870185834265280e-01 -2.793348816000004037e-02 -1.892151768399552014e-01
1.012008199710690004e-01 -2.462713730510898355e-02 -1.867839028784890054e-01
1.004206820149269735e-01 -2.140764934426613378e-02 -1.843378433568052532e-01
9.964655799454937013e-02 -1.827397690605639738e-02 -1.818785917696334742e-01
9.887840154964429307e-02 -1.522506176358532845e-02 -1.794077008371405269e-01
9.811616667730252428e-02 -1.225983570974280117e-02 -1.769266829326371360e-01
9.735980772924253401e-02 -9.377221410423311476e-03 -1.744370105194662235e-01
9.660927940907688971e-02 -6.576133235925259862e-03 -1.719401165964928035e-01
9.586453676959928727e-02 -3.855478070753218679e-03 -1.694373951516253141e-01
9.512553521009298185e-02 -1.214156102061029639e-03 -1.669302016228203234e-01
9.439223047365967456e-02 1.348938413027327881e-03 -1.644198533660332362e-01
9.366457864456911864e-02 3.834916400973604859e-03 -1.619076301295940545e-01
9.294253614562925092e-02 6.244893246007792754e-03 -1.593947745345031808e-01
9.222605973557605752e-02 8.579988084684896446e-03 -1.568824925601537690e-01
9.151510650648449208e-02 1.084132312055322185e-02 -1.543719540350086128e-01
9.080963388119846214e-02 1.303002295867796735e-02 -1.518642931317626121e-01
9.010959961078107705e-02 1.514721395974838632e-02 -1.493606088665468679e-01
8.941496177198468565e-02 1.719402361350322317e-02 -1.468619656017385589e-01
8.872567876473969051e-02 1.917157993120239406e-02 -1.443693935519515525e-01
8.804170930966385977e-02 2.108101085686783088e-02 -1.418838892928066531e-01
8.736301244558976331e-02 2.292344369702059570e-02 -1.394064162720774769e-01
8.668954752711185985e-02 2.470000456863321106e-02 -1.369379053228368115e-01
8.602127422215236074e-02 2.641181786501740208e-02 -1.344792551782288126e-01
8.535815250954575939e-02 2.806000573936625123e-02 -1.320313329875117958e-01
8.470014267664230379e-02 2.964568760566694758e-02 -1.295949748330253171e-01
8.404720531692937147e-02 3.116997965670178020e-02 -1.271709862477466702e-01
8.339930132767173210e-02 3.263399439885053543e-02 -1.247601427331160029e-01
8.275639190756978181e-02 3.403884020341178818e-02 -1.223631902768189672e-01
8.211843855443567985e-02 3.538562087415595553e-02 -1.199808458702260189e-01
8.148540306288781787e-02 3.667543523082576751e-02 -1.176137980252016102e-01
8.085724752206251142e-02 3.790937670829875455e-02 -1.152627072900019173e-01
8.023393431334380210e-02 3.908853297112654945e-02 -1.129282067639972298e-01
7.961542610811048193e-02 4.021398554316692880e-02 -1.106109026109584753e-01
7.900168586550061767e-02 4.128680945202467534e-02 -1.083113745706618947e-01
7.839267683019336685e-02 4.230807288801843175e-02 -1.060301764685741416e-01
7.778836253020750269e-02 4.327883687739222246e-02 -1.037678367233880183e-01
7.718870677471757757e-02 4.420015496948915407e-02 -1.015248588521936446e-01
7.659367365188626819e-02 4.507307293761045330e-02 -9.930172197307136905e-02
7.600322752671377635e-02 4.589862849327912275e-02 -9.709888130490806901e-02
7.541733303890395257e-02 4.667785101363344791e-02 -9.491676866424596237e-02
7.483595510074617096e-02 4.741176128167533255e-02 -9.275579295897593002e-02
7.425905889501460688e-02 4.810137123909916795e-02 -9.061634067870710796e-02
7.368660987288268294e-02 4.874768375143169463e-02 -8.849877638163883287e-02
7.311857375185422392e-02 4.935169238521303764e-02 -8.640344317778107797e-02
7.255491651371030748e-02 4.991438119695110198e-02 -8.433066320836916929e-02
7.199560440247201876e-02 5.043672453358586522e-02 -8.228073812132988274e-02
7.144060392237895629e-02 5.091968684420001418e-02 -8.025394954266355796e-02
7.088988183588312841e-02 5.136422250271625856e-02 -7.825055954361015420e-02
7.034340516165848989e-02 5.177127564132261162e-02 -7.627081110347988524e-02
6.980114117262584128e-02 5.214177999437216715e-02 -7.431492856803202651e-02
6.926305739399278572e-02 5.247665875250262513e-02 -7.238311810329142726e-02
6.872912160130903447e-02 5.277682442672688296e-02 -7.047556814470309905e-02
6.819930181853642304e-02 5.304317872224734859e-02 -6.859244984152568225e-02
6.767356631613398454e-02 5.327661242174869249e-02 -6.673391749637616610e-02
6.715188360915788635e-02 5.347800527792778008e-02 -6.490010899984098580e-02
6.663422245537560518e-02 5.364822591502215604e-02 -6.309114626007308879e-02
6.612055185339520136e-02 5.378813173910062390e-02 -6.130713562730637917e-02
6.561084104080849855e-02 5.389856885688291271e-02 -5.954816831321541742e-02
6.510505949234902945e-02 5.398037200285916992e-02 -5.781432080506249821e-02
6.460317691806369278e-02 5.403436447448121266e-02 -5.610565527457141849e-02
6.410516326149894029e-02 5.406135807520213998e-02 -5.442221998147895451e-02
6.361098869790081378e-02 5.406215306514371155e-02 -5.276404967171591937e-02
6.312062363242861018e-02 5.403753811917270944e-02 -5.113116597017351717e-02
6.263403869838274352e-02 5.398829029217271092e-02 -4.952357776802066708e-02
6.215120475544582551e-02 5.391517499129903218e-02 -4.794128160453488274e-02
6.167209288793783911e-02 5.381894595500873180e-02 -4.638426204342121356e-02
6.119667440308414197e-02 5.370034523866023396e-02 -4.485249204359022940e-02
6.072492082929727142e-02 5.356010320648080247e-02 -4.334593332437700064e-02
6.025680391447189865e-02 5.339893852970276078e-02 -4.186453672518246349e-02
5.979229562429277250e-02 5.321755819067274657e-02 -4.040824255952309152e-02
5.933136814055584712e-02 5.301665749274191847e-02 -3.897698096348017893e-02
5.887399385950243397e-02 5.279692007574709328e-02 -3.757067223854133886e-02
5.842014539016594094e-02 5.255901793689746887e-02 -3.618922718883123280e-02
5.796979555273148316e-02 5.230361145688315616e-02 -3.483254745273145492e-02
5.752291737690830298e-02 5.203134943102692700e-02 -3.350052582889407465e-02
5.707948410031452730e-02 5.174286910530135480e-02 -3.219304659665333385e-02
5.663946916687435246e-02 5.143879621703859040e-02 -3.090998583084535872e-02
5.620284622522773998e-02 5.111974504016262438e-02 -2.965121171104851891e-02
5.576958912715236638e-02 5.078631843477692670e-02 -2.841658482525862006e-02
5.533967192599752172e-02 5.043910790094261604e-02 -2.720595846801528508e-02
5.491306887513031781e-02 5.007869363648782129e-02 -2.601917893300100676e-02
5.448975442639387989e-02 4.970564459868914015e-02 -2.485608580013395560e-02
5.406970322857709843e-02 4.932051856967122755e-02 -2.371651221717836766e-02
5.365289012589664203e-02 4.892386222537287166e-02 -2.260028517590112127e-02
5.323929015649028068e-02 4.851621120793044722e-02 -2.150722578280093653e-02
5.282887855092216478e-02 4.809809020133438279e-02 -2.043714952444291438e-02
5.242163073069922713e-02 4.767001301021445842e-02 -1.938986652742928293e-02
5.201752230679936723e-02 4.723248264161596793e-02 -1.836518181304257896e-02
5.161652907821089736e-02 4.678599138962949433e-02 -1.736289554659666348e-02
5.121862703048311871e-02 4.633102092274023198e-02 -1.638280328153321821e-02
5.082379233428811760e-02 4.586804237376686244e-02 -1.542469619830399985e-02
5.043200134399381668e-02 4.539751643226170447e-02 -1.448836133807987654e-02
5.004323059624787157e-02 4.491989343924743250e-02 -1.357358183132879176e-02
4.965745680857241301e-02 4.443561348416748963e-02 -1.268013712130632367e-02
4.927465687796980104e-02 4.394510650393184531e-02 -1.180780318250505660e-02
4.889480787953907198e-02 4.344879238394058762e-02 -1.095635273410833568e-02
4.851788706510292565e-02 4.294708106097195471e-02 -1.012555544849600558e-02
4.814387186184546780e-02 4.244037262782358183e-02 -9.315178154851385534e-03
4.777273987096042340e-02 4.192905743959828013e-02 -8.524985037918883859e-03
4.740446886630957091e-02 4.141351622152881357e-02 -7.754737831962360377e-03
4.703903679309184849e-02 4.089412017823820106e-02 -7.004196009977228105e-03
4.667642176652244540e-02 4.037123110433510353e-02 -6.273116968207182419e-03
4.631660207052227390e-02 3.984520149624623531e-02 -5.561256206020004540e-03
4.595955615641732217e-02 3.931637466518971696e-02 -4.868367501195374446e-03
4.560526264164822818e-02 3.878508485119731147e-02 -4.194203080680263332e-03
4.525370030848979014e-02 3.825165733809401947e-02 -3.538513786866709886e-03
4.490484810278017741e-02 3.771640856934731223e-02 -2.901049239447535746e-03
4.455868513266013353e-02 3.717964626470000866e-02 -2.281557992907084706e-03
4.421519066732171321e-02 3.664166953750343236e-02 -1.679787689703028056e-03
4.387434413576697667e-02 3.610276901266983723e-02 -1.095485209197446250e-03
4.353612512557580860e-02 3.556322694516507454e-02 -5.283968123935972594e-04
4.320051338168359734e-02 3.502331733896490301e-02 2.173171746248630517e-05
4.286748880516823290e-02 3.448330606640091084e-02 5.551549383578069071e-04
4.253703145204633385e-02 3.394345098782341336e-02 1.072127617007328452e-03
4.220912153207891787e-02 3.340400207151159734e-02 1.572904600308694433e-03
4.188373940758624570e-02 3.286520151376319532e-02 2.057740690698128209e-03
4.156086559227172017e-02 3.232728385909716673e-02 2.526890525348659492e-03
4.124048075005485453e-02 3.179047612050635296e-02 2.980608459151136858e-03
4.092256569391339305e-02 3.125499789969810732e-02 3.419148451418857048e-03
4.060710138473423714e-02 3.072106150726306578e-02 3.842763956256768556e-03
4.029406893017314223e-02 3.018887208271393494e-02 4.251707816535985063e-03
3.998344958352338663e-02 2.965862771433913983e-02 4.646232161414087097e-03
3.967522474259309317e-02 2.913051955881662547e-02 5.026588307342223956e-03
3.936937594859112044e-02 2.860473196053585007e-02 5.393026662500199214e-03
3.906588488502164835e-02 2.808144257057774637e-02 5.745796634600141596e-03
3.876473337658731255e-02 2.756082246530382196e-02 6.085146542000131019e-03
3.846590338810058907e-02 2.704303626450761319e-02 6.411323528069569865e-03
3.816937702340385957e-02 2.652824224908360840e-02 6.724573478747011834e-03
3.787513652429755351e-02 2.601659247816979006e-02 7.025140943233147001e-03
3.758316426947676953e-02 2.550823290572240207e-02 7.313269057760334556e-03
3.729344277347582809e-02 2.500330349648230421e-02 7.589199472381482486e-03
3.700595468562122015e-02 2.450193834129486825e-02 7.853172280720502677e-03
3.672068278899253552e-02 2.400426577174602505e-02 8.105425952627434705e-03
3.643760999939128775e-02 2.351040847407880746e-02 8.346197269681601347e-03
3.615671936431787137e-02 2.302048360235687749e-02 8.575721263486142318e-03
3.587799406195624208e-02 2.253460289084188370e-02 8.794231156698221682e-03
3.560141740016661838e-02 2.205287276555415940e-02 9.001958306738793228e-03
3.532697281548573265e-02 2.157539445498625821e-02 9.199132152127365014e-03
3.505464387213489547e-02 2.110226409994154020e-02 9.385980161386276235e-03
3.478441426103577594e-02 2.063357286247077121e-02 9.562727784460477512e-03
3.451626779883359281e-02 2.016940703388049941e-02 9.729598406598862978e-03
3.425018842692798687e-02 1.970984814178936700e-02 9.886813304643506106e-03
3.398616021051135971e-02 1.925497305620897312e-02 1.003459160567389194e-02
3.372416733761444269e-02 1.880485409462686469e-02 1.017315024795375708e-02
3.346419411815950568e-02 1.835955912607183452e-02 1.030270394412821297e-02
3.320622498302062270e-02 1.791915167414096649e-02 1.042346514661992435e-02
3.295024448309135517e-02 1.748369101897061934e-02 1.053564401517321190e-02
3.269623728835945736e-02 1.705323229813347080e-02 1.063944838649564031e-02
3.244418818698884682e-02 1.662782660644589530e-02 1.073508374594713856e-02
3.219408208440864561e-02 1.620752109467014576e-02 1.082275320122730311e-02
3.194590400240911870e-02 1.579235906709695186e-02 1.090265745801199081e-02
3.169963907824474569e-02 1.538238007799602736e-02 1.097499479749105070e-02
3.145527256374404390e-02 1.497762002692139965e-02 1.103996105575929566e-02
3.121278982442646927e-02 1.457811125286133727e-02 1.109774960501371845e-02
3.097217633862586056e-02 1.418388262722145021e-02 1.114855133651037646e-02
3.073341769662083292e-02 1.379495964563253949e-02 1.119255464523497348e-02
3.049649959977186395e-02 1.341136451857413009e-02 1.122994541624163303e-02
3.026140785966487806e-02 1.303311626080599916e-02 1.126090701261524274e-02
3.002812839726161365e-02 1.266023077960118891e-02 1.128562026501310489e-02
2.979664724205647805e-02 1.229272096177426790e-02 1.130426346274218848e-02
2.956695053123983494e-02 1.193059675949948925e-02 1.131701234632919058e-02
2.933902450886780380e-02 1.157386527491451739e-02 1.132404010154081271e-02
2.911285552503848489e-02 1.122253084350615000e-02 1.132551735481258058e-02
2.888843003507452628e-02 1.087659511627472701e-02 1.132161217004507524e-02
2.866573459871187696e-02 1.053605714067486904e-02 1.131249004672681309e-02
2.844475587929494800e-02 1.020091344033127213e-02 1.129831391934404961e-02
2.822548064297792855e-02 9.871158093528360072e-03 1.127924415803801921e-02
2.800789575793219410e-02 9.546782810473237318e-03 1.125543857047090791e-02
2.779198819355989045e-02 9.227777009332678235e-03 1.122705240486248160e-02
2.757774501971362729e-02 8.914127891044705890e-03 1.119423835415981304e-02
2.736515340592200404e-02 8.605820512906075387e-03 1.115714656130323106e-02
2.715420062062132850e-02 8.302837860938161452e-03 1.111592462555217528e-02
2.694487403039311224e-02 8.005160921033272967e-03 1.107071760983537045e-02
2.673716109920752995e-02 7.712768748884823999e-03 1.102166804909015044e-02
2.653104938767259294e-02 7.425638538704552351e-03 1.096891595955644047e-02
2.632652655228924152e-02 7.143745690731314116e-03 1.091259884899173360e-02
2.612358034471213772e-02 6.867063877535617596e-03 1.085285172777356207e-02
2.592219861101608541e-02 6.595565109124850930e-03 1.078980712085693058e-02
2.572236929096822361e-02 6.329219796854914162e-03 1.072359508055466953e-02
2.552408041730569802e-02 6.067996816153694087e-03 1.065434320010913427e-02
2.532732011501907451e-02 5.811863568063020680e-03 1.058217662802452691e-02
2.513207660064108173e-02 5.560786039605191376e-03 1.050721808312933027e-02
2.493833818154096715e-02 5.314728862981545066e-03 1.042958787033939141e-02
2.474609325522428641e-02 5.073655373610155665e-03 1.034940389709235360e-02
2.455533030863798691e-02 4.837527667010258978e-03 1.026678169042491602e-02
2.436603791748096978e-02 4.606306654541605060e-03 1.018183441466500271e-02
2.417820474551994267e-02 4.379952118006996860e-03 1.009467288971141984e-02
2.399181954391046284e-02 4.158422763126390365e-03 1.000540560987401434e-02
2.380687115052328162e-02 3.941676271891773713e-03 9.914138763248297320e-03
2.362334848927590686e-02 3.729669353811808103e-03 9.820976251598516685e-03
2.344124056946929671e-02 3.522357796055688647e-03 9.726019710724282188e-03
2.326053648512959107e-02 3.319696512505757469e-03 9.629368531285813215e-03
2.308122541435501940e-02 3.121639591729000272e-03 9.531119880063941216e-03
2.290329661866783231e-02 2.928140343877404066e-03 9.431368721631217325e-03
2.272673944237113552e-02 2.739151346527400957e-03 9.330207840411013434e-03
2.255154331191081343e-02 2.554624489469129421e-03 9.227727863102290831e-03
2.237769773524223710e-02 2.374511018456013783e-03 9.124017281447821537e-03
2.220519230120200985e-02 2.198761577925754593e-03 9.019162475324618913e-03
2.203401667888439663e-02 2.027326252703468262e-03 8.913247736135400043e-03
2.186416061702265226e-02 1.860154608698449431e-03 8.806355290480743711e-03
2.169561394337513396e-02 1.697195732605807266e-03 8.698565324091939166e-03
2.152836656411605265e-02 1.538398270624277827e-03 8.589956006005025624e-03
2.136240846323101891e-02 1.383710466202058096e-03 8.480603512957072404e-03
2.119772970191722422e-02 1.233080196822217058e-03 8.370582053986150295e-03
2.103432041798818444e-02 1.086455009839449627e-03 8.259963895216947821e-03
2.087217082528313589e-02 9.437821573801747537e-04 8.148819384814497829e-03
2.071127121308098673e-02 8.050086303179462355e-04 8.037216978088899608e-03
2.055161194551877180e-02 6.700811913361933055e-04 7.925223262734331156e-03
2.039318346101454821e-02 5.389464070903868991e-04 7.812902984186177041e-03
2.023597627169479440e-02 4.115506794819626677e-04 7.700319071080533560e-03
2.007998096282623268e-02 2.878402760561393553e-04 7.587532660800735441e-03
1.992518819225196081e-02 1.677613595358968450e-04 7.474603125095980252e-03
1.977158868983198634e-02 5.126001650454377166e-05 7.361588095757647977e-03
1.961917325688811164e-02 -6.171771475080051628e-05 7.248543490339257565e-03
1.946793276565295452e-02 -1.712258172225462546e-04 7.135523537906277199e-03
1.931785815872339926e-02 -2.773182689801591944e-04 7.022580804802812555e-03
1.916894044851811391e-02 -3.800490177696951456e-04 6.909766220422091515e-03
1.902117071673935580e-02 -4.794719564027697832e-04 6.797129102968486880e-03
1.887454011383882940e-02 -5.756408989226715267e-04 6.684717185198859463e-03
1.872903985848772476e-02 -6.686095575350929849e-04 6.572576640131709905e-03
1.858466123705086043e-02 -7.584315202911695803e-04 6.460752106712775930e-03
1.844139560306479533e-02 -8.451602295104580212e-04 6.349286715426082084e-03
1.829923437672005201e-02 -9.288489609314445720e-04 6.238222113840004128e-03
1.815816904434724641e-02 -1.009550803577361888e-03 6.127598492078010876e-03
1.801819115790732201e-02 -1.087318640324880237e-03 6.017454608204419325e-03
1.787929233448547900e-02 -1.162205129163682276e-03 5.907827813515325460e-03
1.774146425578928404e-02 -1.234262685134400244e-03 5.798754077725937379e-03
1.760469866765042996e-02 -1.303543462933075877e-03 5.690268014045136644e-03
1.746898737953039155e-02 -1.370099340169872795e-03 5.582402904128892611e-03
1.733432226402999848e-02 -1.433981901269999575e-03 5.475190722904403444e-03
1.720069525640266148e-02 -1.495242422004991857e-03 5.368662163256935488e-03
1.706809835407136280e-02 -1.553931854642332964e-03 5.262846660571819310e-03
1.693652361614943896e-02 -1.610100813701624035e-03 5.157772417124459677e-03
1.680596316296504786e-02 -1.663799562305488724e-03 5.053466426311256643e-03
1.667640917558924421e-02 -1.715077999113621661e-03 4.949954496714763404e-03
1.654785389536767709e-02 -1.763985645828284547e-03 4.847261275996684118e-03
1.642028962345604137e-02 -1.810571635259714809e-03 4.745410274612758134e-03
1.629370872035896742e-02 -1.854884699940086579e-03 4.644423889343382746e-03
1.616810360547245654e-02 -1.896973161274615773e-03 4.544323426634603799e-03
1.604346675663000446e-02 -1.936884919218519272e-03 4.445129125744213573e-03
1.591979070965205204e-02 -1.974667442468743764e-03 4.346860181687665914e-03
1.579706805789896779e-02 -2.010367759159332503e-03 4.249534767979184710e-03
1.567529145182749648e-02 -2.044032448049469802e-03 4.153170059163462623e-03
1.555445359855065629e-02 -2.075707630193342375e-03 4.057782253133641014e-03
1.543454726140094067e-02 -2.105438961081034909e-03 3.963386593231402535e-03
1.531556525949690634e-02 -2.133271623239852473e-03 3.869997390125384708e-03
1.519750046731320470e-02 -2.159250319285405551e-03 3.777628043464355701e-03
1.508034581425381389e-02 -2.183419265412128284e-03 3.686291063301577048e-03
1.496409428422856673e-02 -2.205822185312829396e-03 3.595998091287243813e-03
1.484873891523301286e-02 -2.226502304517066072e-03 3.506759921626059241e-03
1.473427279893149699e-02 -2.245502345138219568e-03 3.418586521797081605e-03
1.462068908024341703e-02 -2.262864521019316514e-03 3.331487053033267611e-03
1.450798095693265136e-02 -2.278630533267675482e-03 3.245469890558306311e-03
1.439614167920026666e-02 -2.292841566168624459e-03 3.160542643578659674e-03
1.428516454928024752e-02 -2.305538283468669750e-03 3.076712175028613674e-03
1.417504292103835550e-02 -2.316760825018576633e-03 2.993984621066586495e-03
1.406577019957417837e-02 -2.326548803766947428e-03 2.912365410321119622e-03
1.395733984082614051e-02 -2.334941303095028342e-03 2.831859282884872583e-03
1.384974535117957338e-02 -2.341976874483600070e-03 2.752470309055412689e-03
1.374298028707785814e-02 -2.347693535502870868e-03 2.674201907821650934e-03
1.363703825463655206e-02 -2.352128768116502466e-03 2.597056865094866766e-03
1.353191290926046043e-02 -2.355319517290938199e-03 2.521037351683452603e-03
1.342759795526363674e-02 -2.357302189901409623e-03 2.446144941010680758e-03
1.332408714549241681e-02 -2.358112653926024756e-03 2.372380626575028295e-03
1.322137428095126153e-02 -2.357786237919566596e-03 2.299744839152467833e-03
1.311945321043148441e-02 -2.356357730758679159e-03 2.228237463740536523e-03
1.301831783014294197e-02 -2.353861381650281318e-03 2.157857856244082585e-03
1.291796208334840962e-02 -2.350330900395161508e-03 2.088604859902483835e-03
1.281837996000094980e-02 -2.345799457898837311e-03 2.020476821458666930e-03
1.271956549638389097e-02 -2.340299686921872360e-03 1.953471607069902621e-03
1.262151277475376081e-02 -2.333863683062008254e-03 1.887586617960940573e-03
1.252421592298584747e-02 -2.326523005960519017e-03 1.822818805819745053e-03
1.242766911422250528e-02 -2.318308680725422906e-03 1.759164687936465299e-03
1.233186656652426362e-02 -2.309251199564210221e-03 1.696620362086357671e-03
1.223680254252352759e-02 -2.299380523618928338e-03 1.635181521157290157e-03
1.214247134908096049e-02 -2.288726084996580128e-03 1.574843467522774433e-03
1.204886733694455862e-02 -2.277316788987905107e-03 1.515601127161490423e-03
1.195598490041135595e-02 -2.265181016467723244e-03 1.457449063524312747e-03
1.186381847699168567e-02 -2.252346626470194419e-03 1.400381491149970325e-03
1.177236254707603180e-02 -2.238840958932370329e-03 1.344392289030554941e-03
1.168161163360453142e-02 -2.224690837599687613e-03 1.289475013728262230e-03
1.159156030173894014e-02 -2.209922573086981964e-03 1.235622912244611037e-03
1.150220315853712170e-02 -2.194561966088901406e-03 1.182828934643675306e-03
1.141353485263014132e-02 -2.178634310733593409e-03 1.131085746430886708e-03
1.132555007390175124e-02 -2.162164398073717925e-03 1.080385740688915262e-03
1.123824355317036561e-02 -2.145176519708925141e-03 1.030721049972338618e-03
1.115161006187351950e-02 -2.127694471534088971e-03 9.820835579628531351e-04
1.106564441175477212e-02 -2.109741557607667985e-03 9.344649108867843787e-04
1.098034145455296061e-02 -2.091340594134687755e-03 8.878565286967232467e-04
1.089569608169386680e-02 -2.072513913558959170e-03 8.422496160192108946e-04
1.081170322398433692e-02 -2.053283368759289962e-03 7.976351728704757357e-04
1.072835785130865985e-02 -2.033670337344471377e-03 7.540040051421299534e-04
1.064565497232730987e-02 -2.013695726042037063e-03 7.113467348589388528e-04
1.056358963417808848e-02 -1.993379975175840237e-03 6.696538102107934013e-04
1.048215692217943987e-02 -1.972743063227597096e-03 6.289155153609210036e-04
1.040135195953618800e-02 -1.951804511477707319e-03 5.891219800326535135e-04
1.032116990704741791e-02 -1.930583388720698247e-03 5.502631888768332816e-04
1.024160596281671956e-02 -1.909098316050813907e-03 5.123289906222480141e-04
1.016265536196459679e-02 -1.887367471713323171e-03 4.753091070112792720e-04
1.008431337634307749e-02 -1.865408596017235389e-03 4.391931415231286598e-04
1.000657531425261718e-02 -1.843238996305258427e-03 4.039705878870137245e-04
9.929436520161092836e-03 -1.820875551976863533e-03 3.696308383876383626e-04
9.852892374424975647e-03 -1.798334719560456315e-03 3.361631919653842895e-04
9.776938293012698081e-03 -1.775632537830796470e-03 3.035568621136698056e-04
9.701569727230142590e-03 -1.752784632967828394e-03 2.718009845759059321e-04
9.626782163448210222e-03 -1.729806223753204732e-03 2.408846248445097038e-04
9.552571122832486522e-03 -1.706712126800920010e-03 2.107967854644786615e-04
9.478932161075074095e-03 -1.683516761818548702e-03 1.815264131440683776e-04
9.405860868128399291e-03 -1.660234156895618691e-03 1.530624056750268887e-04
9.333352867941088413e-03 -1.636877953815814215e-03 1.253936186649606344e-04
9.261403818195946408e-03 -1.613461413389799233e-03 9.850887208440532695e-05
9.190009410049854166e-03 -1.589997420805432929e-03 7.239695663107992328e-05
9.119165367875773504e-03 -1.566498490992396199e-03 4.704663991398701673e-05
9.048867449006639530e-03 -1.542976773998186229e-03 2.244667245983352605e-05
8.979111443481320801e-03 -1.519444060372635930e-03 -1.414206455557712711e-06
8.909893173792487672e-03 -1.495911786558123046e-03 -2.454726314833680079e-05
8.841208494636390580e-03 -1.472391040282731555e-03 -4.696376403760011851e-05
8.773053292664674888e-03 -1.448892565953798384e-03 -6.867497032363981038e-05
8.705423486237999844e-03 -1.425426770049166179e-03 -8.969213283092942340e-05
8.638315025181600437e-03 -1.402003726503764022e-03 -1.100264870132332148e-04
8.571723890542740087e-03 -1.378633182089055408e-03 -1.296892481182477879e-04
8.505646094350042055e-03 -1.355324561783056254e-03 -1.486916065092079586e-04
8.440077679374647507e-03 -1.332086974128638985e-03 -1.670447231408877283e-04
8.375014718893200247e-03 -1.308929216577960769e-03 -1.847597251874188746e-04
8.310453316452736175e-03 -1.285859780820943149e-03 -2.018477018193437771e-04
8.246389605637307468e-03 -1.262886858095710330e-03 -2.183197001273833363e-04
8.182819749836414344e-03 -1.240018344479057542e-03 -2.341867211903523346e-04
8.119739942015279099e-03 -1.217261846155076642e-03 -2.494597162846688915e-04
8.057146404486835792e-03 -1.194624684660073460e-03 -2.641495832329646717e-04
7.995035388685482400e-03 -1.172113902102034149e-03 -2.782671628892592207e-04
7.933403174942591993e-03 -1.149736266352964368e-03 -2.918232357581889325e-04
7.872246072263779440e-03 -1.127498276212469128e-03 -3.048285187458102397e-04
7.811560418107830854e-03 -1.105406166540981059e-03 -3.172936620395022797e-04
7.751342578167353010e-03 -1.083465913361164731e-03 -3.292292461145022607e-04
7.691588946151157492e-03 -1.061683238926067630e-03 -3.406457788646126590e-04
7.632295943568272872e-03 -1.040063616752590547e-03 -3.515536928546726691e-04
7.573460019513616158e-03 -1.018612276618989987e-03 -3.619633426923675153e-04
7.515077650455386817e-03 -9.973342095251571011e-04 -3.718850025169649024e-04
7.457145340023996032e-03 -9.762341726144139510e-04 -3.813288636026293012e-04
7.399659618802734151e-03 -9.553166940557428904e-04 -3.903050320739164100e-04
7.342617044119938673e-03 -9.345860778852734798e-04 -3.988235267311412611e-04
7.286014199842874399e-03 -9.140464088060587305e-04 -4.068942769832640540e-04
7.229847696173122805e-03 -8.937015569450735024e-04 -4.145271208860153199e-04
7.174114169443563012e-03 -8.735551825665332148e-04 -4.217318032829703105e-04
7.118810281916963453e-03 -8.536107407406387298e-04 -4.285179740473001779e-04
7.063932721586080148e-03 -8.338714859668775511e-04 -4.348951864219803673e-04
7.009478201975289334e-03 -8.143404767510847766e-04 -4.408728954562222231e-04
6.955443461943789166e-03 -7.950205801355404245e-04 -4.464604565359370160e-04
6.901825265490303674e-03 -7.759144761813664172e-04 -4.516671240060576983e-04
6.848620401559280327e-03 -7.570246624025628356e-04 -4.565020498825727506e-04
6.795825683848566445e-03 -7.383534581510639312e-04 -4.609742826521397662e-04
6.743437950618627781e-03 -7.199030089522603015e-04 -4.650927661571709754e-04
6.691454064503180900e-03 -7.016752907904072901e-04 -4.688663385643223225e-04
6.639870912321287066e-03 -6.836721143434480903e-04 -4.723037314143219384e-04
6.588685404890953605e-03 -6.658951291668069230e-04 -4.754135687511034476e-04
6.537894476844084875e-03 -6.483458278256859714e-04 -4.782043663282475529e-04
6.487495086442947659e-03 -6.310255499755427653e-04 -4.806845308907363142e-04
6.437484215397967953e-03 -6.139354863903404621e-04 -4.828623595300752798e-04
6.387858868687010944e-03 -5.970766829383203573e-04 -4.847460391108398214e-04
6.338616074376000192e-03 -5.804500445049673527e-04 -4.863436457667465835e-04
6.289752883440921129e-03 -5.640563388629479639e-04 -4.876631444643619103e-04
6.241266369591240079e-03 -5.478962004888256014e-04 -4.887123886325935333e-04
6.193153629094645153e-03 -5.319701343263409481e-04 -4.894991198561364195e-04
6.145411780603136746e-03 -5.162785194961237506e-04 -4.900309676310625386e-04
6.098037964980479800e-03 -5.008216129517264114e-04 -4.903154491807775990e-04
6.051029345130990063e-03 -4.855995530818809367e-04 -4.903599693305920292e-04
6.004383105829617061e-03 -4.706123632589099583e-04 -4.901718204391742467e-04
5.958096453553330708e-03 -4.558599553332632628e-04 -4.897581823851891681e-04
5.912166616313857537e-03 -4.413421330741903429e-04 -4.891261226074400349e-04
5.866590843491655514e-03 -4.270585955565320041e-04 -4.882825961968663290e-04
5.821366405671174298e-03 -4.130089404936950490e-04 -4.872344460387729374e-04
5.776490594477423461e-03 -3.991926675168878838e-04 -4.859884030036900129e-04
5.731960722413765447e-03 -3.856091814006775472e-04 -4.845510861852916538e-04
5.687774122700953172e-03 -3.722577952349994030e-04 -4.829290031838265177e-04
5.643928149117436593e-03 -3.591377335437596842e-04 -4.811285504335359822e-04
5.600420175840896582e-03 -3.462481353501750334e-04 -4.791560135725695595e-04
5.557247597290980966e-03 -3.335880571890266315e-04 -4.770175678539190418e-04
5.514407827973247939e-03 -3.211564760660240718e-04 -4.747192785959329642e-04
5.471898302324357602e-03 -3.089522923645113229e-04 -4.722671016709904302e-04
5.429716474558411894e-03 -2.969743326997215387e-04 -4.696668840309382279e-04
5.387859818514479336e-03 -2.852213527208434713e-04 -4.669243642679205865e-04
5.346325827505345359e-03 -2.736920398611839282e-04 -4.640451732092660013e-04
5.305112014167351168e-03 -2.623850160366730908e-04 -4.610348345450976100e-04
5.264215910311472943e-03 -2.512988402930582308e-04 -4.578987654873892276e-04
5.223635066775472215e-03 -2.404320114020550589e-04 -4.546422774591817712e-04
5.183367053277248421e-03 -2.297829704068291826e-04 -4.512705768127273911e-04
5.143409458269288664e-03 -2.193501031171200865e-04 -4.477887655753318781e-04
5.103759888794228566e-03 -2.091317425543731743e-04 -4.442018422217005008e-04
5.064415970341571045e-03 -1.991261713472643300e-04 -4.405147024716197504e-04
5.025375346705471952e-03 -1.893316240779760581e-04 -4.367321401118175531e-04
4.986635679843623783e-03 -1.797462895796298843e-04 -4.328588478408815893e-04
4.948194649737241817e-03 -1.703683131852836482e-04 -4.288994181361343878e-04
4.910049954252138776e-03 -1.611957989289032221e-04 -4.248583441413840813e-04
4.872199309000842075e-03 -1.522268116987302456e-04 -4.207400205744951378e-04
4.834640447205776174e-03 -1.434593793434843013e-04 -4.165487446537467428e-04
4.797371119563537817e-03 -1.348914947318513179e-04 -4.122887170419715008e-04
4.760389094110179138e-03 -1.265211177656954062e-04 -4.079640428074826825e-04
4.723692156087524671e-03 -1.183461773474584231e-04 -4.035787324008224212e-04
4.687278107810564746e-03 -1.103645733022302899e-04 -3.991367026463976306e-04
4.651144768535825542e-03 -1.025741782549417970e-04 -3.946417777480690637e-04
4.615289974330760887e-03 -9.497283946317366834e-05 -3.900976903077997483e-04
4.579711577944183161e-03 -8.755838060607683802e-05 -3.855080823564865488e-04
4.544407448677656100e-03 -8.032860352988189416e-05 -3.808765063961089552e-04
4.509375472257886805e-03 -7.328128995050475986e-05 -3.762064264523623243e-04
4.474613550710119549e-03 -6.641420311375871360e-05 -3.715012191369631797e-04
4.440119602232482816e-03 -5.972508941367022896e-05 -3.667641747188198705e-04
4.405891561071332077e-03 -5.321167996942250642e-05 -3.619984982033056355e-04
4.371927377397523233e-03 -4.687169216143398192e-05 -3.572073104188632051e-04
4.338225017183647975e-03 -4.070283112709721662e-05 -3.523936491102155010e-04
4.304782462082241447e-03 -3.470279121670807838e-05 -3.475604700374637711e-04
4.271597709304894575e-03 -2.886925741009942152e-05 -3.427106480803666921e-04
4.238668771502305740e-03 -2.319990669451404771e-05 -3.378469783471295374e-04
4.205993676645284826e-03 -1.769240940425653496e-05 -3.329721772870428034e-04
4.173570467906637625e-03 -1.234443052264076549e-05 -3.280888838063191794e-04
4.141397203543973997e-03 -7.153630946779199820e-06 -3.231996603865126523e-04
4.109471956783434556e-03 -2.117668715750251578e-06 -3.183069942049127576e-04
4.077792815704297733e-03 2.765799797326449736e-06 -3.134132982563198316e-04
4.046357883124464608e-03 7.499118728766593700e-06 -3.085209124756308689e-04
4.015165276486864880e-03 1.208463160280468253e-05 -3.036321048606901952e-04
3.984213127746704178e-03 1.652468024455808996e-05 -2.987490725948523931e-04
3.953499583259581333e-03 2.082160372692689292e-05 -2.938739431687454663e-04
3.923022803670505980e-03 2.497773735088860693e-05 -2.890087755007329610e-04
3.892780963803702844e-03 2.899541165866413648e-05 -2.841555610555686145e-04
3.862772252553351490e-03 3.287695147919838986e-05 -2.793162249607972171e-04
3.832994872775100613e-03 3.662467500544226815e-05 -2.744926271204172689e-04
3.803447041178433224e-03 4.024089290288869285e-05 -2.696865633253765727e-04
3.774126988219891812e-03 4.372790744883181953e-05 -2.648997663604760276e-04
3.745032957997094115e-03 4.708801170182427701e-05 -2.601339071072594354e-04
3.716163208143567678e-03 5.032348870080167465e-05 -2.553905956424945621e-04
3.687516009724421413e-03 5.343661069334259672e-05 -2.506713823318681500e-04
3.659089647132797354e-03 5.642963839254923694e-05 -2.459777589185128651e-04
3.630882417987116046e-03 5.930482026202173076e-05 -2.413111596060173072e-04
3.602892633029144195e-03 6.206439182840399948e-05 -2.366729621355779416e-04
3.575118616022820387e-03 6.471057502099346261e-05 -2.320644888569567659e-04
3.547558703653861008e-03 6.724557753789467570e-05 -2.274870077929301592e-04
3.520211245430165427e-03 6.967159223820756258e-05 -2.229417336969312456e-04
3.493074603582964951e-03 7.199079655974632516e-05 -2.184298291035842552e-04
3.466147152968730282e-03 7.420535196178404326e-05 -2.139524053718566883e-04
3.439427280971871746e-03 7.631740339232003032e-05 -2.095105237205665801e-04
3.412913387408126470e-03 7.832907877938133552e-05 -2.051051962559756318e-04
3.386603884428766517e-03 8.024248854585553953e-05 -2.007373869912447808e-04
3.360497196425487037e-03 8.205972514737554517e-05 -1.964080128574981817e-04
3.334591759936039474e-03 8.378286263276858031e-05 -1.921179447062863201e-04
3.308886023550618952e-03 8.541395622658467992e-05 -1.878680083032383842e-04
3.283378447818945112e-03 8.695504193323659711e-05 -1.836589853126965410e-04
3.258067505158058520e-03 8.840813616227298293e-05 -1.794916142731441979e-04
3.232951679760857813e-03 8.977523537431889901e-05 -1.753665915632563485e-04
3.208029467505310334e-03 9.105831574722225371e-05 -1.712845723583898585e-04
3.183299375864367085e-03 9.225933286194692095e-05 -1.672461715773610879e-04
3.158759923816596270e-03 9.338022140775731209e-05 -1.632519648193622610e-04
3.134409641757478649e-03 9.442289490624753367e-05 -1.593024892908669109e-04
3.110247071411391135e-03 9.538924545377068921e-05 -1.553982447223982487e-04
3.086270765744289057e-03 9.628114348182693297e-05 -1.515396942750377293e-04
3.062479288877038072e-03 9.710043753497823451e-05 -1.477272654365538169e-04
3.038871215999417418e-03 9.784895406585973762e-05 -1.439613509070466514e-04
3.015445133284805779e-03 9.852849724686167632e-05 -1.402423094740140456e-04
2.992199637805506834e-03 9.914084879806540592e-05 -1.365704668767429430e-04
2.969133337448711871e-03 9.968776783101665972e-05 -1.329461166599424187e-04
2.946244850833164113e-03 1.001709907079280869e-04 -1.293695210165564781e-04
2.923532807226401128e-03 1.005922309159075994e-04 -1.258409116196681555e-04
2.900995846462684630e-03 1.009531789558126055e-04 -1.223604904434541464e-04
2.878632618861536995e-03 1.012555022453380705e-04 -1.189284305731241355e-04
2.856441785146903584e-03 1.015008450359491612e-04 -1.155448770038020354e-04
2.834422016366963410e-03 1.016908283432764280e-04 -1.122099474283132751e-04
2.812571993814532226e-03 1.018270498905948557e-04 -1.089237330138374680e-04
2.790890408948083594e-03 1.019110840650165248e-04 -1.056862991674030266e-04
2.769375963313397068e-03 1.019444818860279598e-04 -1.024976862902056863e-04
2.748027368465789239e-03 1.019287709860117858e-04 -9.935791052072918484e-05
2.726843345892945858e-03 1.018654556023967667e-04 -9.626696446666227187e-05
2.705822626938369363e-03 1.017560165810844122e-04 -9.322481792561112526e-05
2.684963952725394950e-03 1.016019113908079750e-04 -9.023141859460236417e-05
2.664266074081791252e-03 1.014045741480828437e-04 -8.728669276838671442e-05
2.643727751464968606e-03 1.011654156524145439e-04 -8.439054602655877600e-05
2.623347754887736354e-03 1.008858234314344684e-04 -8.154286390950271841e-05
2.603124863844629138e-03 1.005671617956388996e-04 -7.874351258318774277e-05
2.583057867238843820e-03 1.002107719024148482e-04 -7.599233949284724609e-05
2.563145563309681199e-03 9.981797182903668817e-05 -7.328917400555724608e-05
2.543386759560594020e-03 9.939005665432727526e-05 -7.063382804176411599e-05
2.523780272687766238e-03 9.892829854868140805e-05 -6.802609669579053704e-05
2.504324928509239160e-03 9.843394687215183678e-05 -6.546575884536622123e-05
2.485019561894607001e-03 9.790822828030912360e-05 -6.295257775023312900e-05
2.465863016695235034e-03 9.735234683758585883e-05 -6.048630163987052822e-05
2.446854145675011159e-03 9.676748413782357110e-05 -5.806666429039652398e-05
2.427991810441656496e-03 9.615479943174865159e-05 -5.569338559070685565e-05
2.409274881378542944e-03 9.551542976110240647e-05 -5.336617209790639791e-05
2.390702237577035927e-03 9.485049009916132919e-05 -5.108471758210056596e-05
2.372272766769380550e-03 9.416107349738634053e-05 -4.884870356061600023e-05
2.353985365262082144e-03 9.344825123794341711e-05 -4.665779982171584702e-05
2.335838937869805058e-03 9.271307299184682461e-05 -4.451166493788590202e-05
2.317832397849795781e-03 9.195656698247762204e-05 -4.240994676876836447e-05
2.299964666836794378e-03 9.117974015423645966e-05 -4.035228295381810697e-05
2.282234674778451603e-03 9.038357834609489711e-05 -3.833830139476407704e-05
2.264641359871249950e-03 8.956904646981433396e-05 -3.636762072796022202e-05
2.247183668496913027e-03 8.873708869260538503e-05 -3.443985078670874333e-05
2.229860555159311492e-03 8.788862862400706553e-05 -3.255459305364561453e-05
2.212670982421848214e-03 8.702456950676822707e-05 -3.071144110327551284e-05
2.195613920845322208e-03 8.614579441151914779e-05 -2.890998103474868035e-05
2.178688348926290010e-03 8.525316643502721013e-05 -2.714979189497487743e-05
2.161893253035885448e-03 8.434752890183202330e-05 -2.543044609216576222e-05
2.145227627359108224e-03 8.342970556906265198e-05 -2.375150979990405353e-05
2.128690473834602120e-03 8.250050083424436992e-05 -2.211254335183959332e-05
2.112280802094877296e-03 8.156069994590377996e-05 -2.051310162710794188e-05
2.095997629406992722e-03 8.061106921678859601e-05 -1.895273442657455598e-05
2.079839980613715656e-03 7.965235623952282779e-05 -1.743098684000811137e-05
2.063806888075115243e-03 7.868529010451936925e-05 -1.594739960428302148e-05
2.047897391610609304e-03 7.771058161997935099e-05 -1.450150945271723274e-05
2.032110538441469529e-03 7.672892353381185863e-05 -1.309284945565225154e-05
2.016445383133760351e-03 7.574099075730892033e-05 -1.172094935237854259e-05
2.000900987541711067e-03 7.474744059041725302e-05 -1.038533587451506445e-05
1.985476420751547226e-03 7.374891294845366447e-05 -9.085533060952661924e-06
1.970170759025721002e-03 7.274603059010924656e-05 -7.821062564464920826e-06
1.954983085747613418e-03 7.173939934660100671e-05 -6.591443950102783725e-06
1.939912491366626223e-03 7.072960835182160236e-05 -5.396194985475729297e-06
1.924958073343710063e-03 6.971723027335294059e-05 -4.234831923033782596e-06
1.910118936097323717e-03 6.870282154420677596e-05 -3.106869774461155336e-06
1.895394190949793419e-03 6.768692259515992553e-05 -2.011822577290282005e-06
1.880782956074089369e-03 6.667005808755733056e-05 -9.492036538488668457e-07
1.866284356441023787e-03 6.565273714645917635e-05 8.147413734748213712e-08
1.851897523766842966e-03 6.463545359401057157e-05 1.080698157647578149e-06
1.837621596461223947e-03 6.361868618291705935e-05 2.048955751648935119e-06
1.823455719575684496e-03 6.260289882991415165e-05 2.986734017801187472e-06
1.809399044752379266e-03 6.158854084911840102e-05 3.894519586118855077e-06
1.795450730173287152e-03 6.057604718515519451e-05 4.772798402890545231e-06
1.781609940509808025e-03 5.956583864596033136e-05 5.622055522272050194e-06
1.767875846872731579e-03 5.855832213515407961e-05 6.442774904653651919e-06
1.754247626762593226e-03 5.755389088389192202e-05 7.235439221689329048e-06
1.740724464020427902e-03 5.655292468209946856e-05 8.000529667875792294e-06
1.727305548778875150e-03 5.555579010899851737e-05 8.738525778573423070e-06
1.713990077413698153e-03 5.456284076284132297e-05 9.449905254354628702e-06
1.700777252495644723e-03 5.357441748976399758e-05 1.013514379157345474e-05
1.687666282742690364e-03 5.259084861168143710e-05 1.079471491904473073e-05
1.674656382972657120e-03 5.161245015314455719e-05 1.142908984072323481e-05
1.661746774056188907e-03 5.063952606708369453e-05 1.203873728427565308e-05
1.648936682870085066e-03 4.967236845936587065e-05 1.262412335543637453e-05
1.636225342251009917e-03 4.871125781209743725e-05 1.318571139803889985e-05
1.623611990949544708e-03 4.775646320560314115e-05 1.372396185961728293e-05
1.611095873584594091e-03 4.680824253901781694e-05 1.423933216247039612e-05
1.598676240598156462e-03 4.586684274943018193e-05 1.473227658008290814e-05
1.586352348210431484e-03 4.493250002951770621e-05 1.520324611879918425e-05
1.574123458375271522e-03 4.400544004361617940e-05 1.565268840464498334e-05
1.561988838735991515e-03 4.308587814217164781e-05 1.608104757519330749e-05
1.549947762581505191e-03 4.217401957452000349e-05 1.648876417637229900e-05
1.537999508802800853e-03 4.127005969994654094e-05 1.687627506411304995e-05
1.526143361849762814e-03 4.037418419697871131e-05 1.724401331073548865e-05
1.514378611688317871e-03 3.948656927086579936e-05 1.759240811597315214e-05
1.502704553757902486e-03 3.860738185920299507e-05 1.792188472253697796e-05
1.491120488929286673e-03 3.773677983566209592e-05 1.823286433611888676e-05
1.479625723462688449e-03 3.687491221178574278e-05 1.852576404973904818e-05
1.468219568966238698e-03 3.602191933681369337e-05 1.880099677233863849e-05
1.456901342354750481e-03 3.517793309550362653e-05 1.905897116152339507e-05
1.445670365808807535e-03 3.434307710391546256e-05 1.930009156036271048e-05
1.434525966734178683e-03 3.351746690312971591e-05 1.952475793815041475e-05
1.423467477721534948e-03 3.270121015086975986e-05 1.973336583503473648e-05
1.412494236506475027e-03 3.189440681100230750e-05 1.992630631042548194e-05
1.401605585929872758e-03 3.109714934089235832e-05 2.010396589508744745e-05
1.390800873898516464e-03 3.030952287658764314e-05 2.026672654683056050e-05
1.380079453346054691e-03 2.953160541581272995e-05 2.041496560970814354e-05
1.369440682194251373e-03 2.876346799875345120e-05 2.054905577663506295e-05
1.358883923314529616e-03 2.800517488661235032e-05 2.066936505533969475e-05
1.348408544489812771e-03 2.725678373791983993e-05 2.077625673756406858e-05
1.338013918376669293e-03 2.651834578258676356e-05 2.087008937142731030e-05
1.327699422467739938e-03 2.578990599368373115e-05 2.095121673686961821e-05
1.317464439054453562e-03 2.507150325693630806e-05 2.101998782409391245e-05
1.307308355190038920e-03 2.436317053792598161e-05 2.107674681492429329e-05
1.297230562652814875e-03 2.366493504698720469e-05 2.112183306700101277e-05
1.287230457909767064e-03 2.297681840179368947e-05 2.115558110073307736e-05
1.277307442080404063e-03 2.229883678762706315e-05 2.117832058893052063e-05
1.267460920900886565e-03 2.163100111532292877e-05 2.119037634903956076e-05
1.257690304688446458e-03 2.097331717689165131e-05 2.119206833790495873e-05
1.247995008306068080e-03 2.032578579880986748e-05 2.118371164898501805e-05
1.238374451127443113e-03 1.968840299298201451e-05 2.116561651194584921e-05
1.228828057002204557e-03 1.906116010537251169e-05 2.113808829456246397e-05
1.219355254221420048e-03 1.844404396230795064e-05 2.110142750685557245e-05
1.209955475483349063e-03 1.783703701445205246e-05 2.105592980739384373e-05
1.200628157859476601e-03 1.724011747845720678e-05 2.100188601169293882e-05
1.191372742760796882e-03 1.665325947629485581e-05 2.093958210264308594e-05
1.182188675904357472e-03 1.607643317227098827e-05 2.086929924289868907e-05
1.173075407280071850e-03 1.550960490773273329e-05 2.079131378916424671e-05
1.164032391117776578e-03 1.495273733347203432e-05 2.070589730831208782e-05
1.155059085854545642e-03 1.440578953983457866e-05 2.061331659526829919e-05
1.146154954102259361e-03 1.386871718454291377e-05 2.051383369260481777e-05
1.137319462615420931e-03 1.334147261824253906e-05 2.040770591177616618e-05
1.128552082259223852e-03 1.282400500778156112e-05 2.029518585594083097e-05
1.119852287977861349e-03 1.231626045723445465e-05 2.017652144430815751e-05
1.111219558763080172e-03 1.181818212668176194e-05 2.005195593795279028e-05
1.102653377622983110e-03 1.132971034875858235e-05 1.992172796703974840e-05
1.094153231551066134e-03 1.085078274298401492e-05 1.978607155940435408e-05
1.085718611495492319e-03 1.038133432788563704e-05 1.964521617043204818e-05
1.077349012328611671e-03 9.921297630933854109e-06 1.949938671418464207e-05
1.069043932816707548e-03 9.470602796300091054e-06 1.934880359572013021e-05
1.060802875589976187e-03 9.029177690454756797e-06 1.919368274455440489e-05
1.052625347112746707e-03 8.596948005621478429e-06 1.903423564921463037e-05
1.044510857653920769e-03 8.173837361103200686e-06 1.887066939283411522e-05
1.036458921257641655e-03 7.759767402497791026e-06 1.870318668974067634e-05
1.028469055714197316e-03 7.354657898820922760e-06 1.853198592299074241e-05
1.020540782531138965e-03 6.958426837553484356e-06 1.835726118280264375e-05
1.012673626904622357e-03 6.570990517632350404e-06 1.817920230584339297e-05
1.004867117690981526e-03 6.192263640403757966e-06 1.799799491532500884e-05
9.971207873785005015e-04 5.822159398557120910e-06 1.781382046186576849e-05
9.894341720594287438e-04 5.460589563060998454e-06 1.762685626507508335e-05
9.818068114021915281e-04 5.107464568118909896e-06 1.743727555581914550e-05
9.742382486238204166e-04 4.762693594166518631e-06 1.724524751912715804e-05
9.667280304626029580e-04 4.426184648930838677e-06 1.705093733769876566e-05
9.592757071509355662e-04 4.097844646571520583e-06 1.685450623597304436e-05
9.518808323883849992e-04 3.777579484925762710e-06 1.665611152472160807e-05
9.445429633149666788e-04 3.465294120878562841e-06 1.645590664612901671e-05
9.372616604846191425e-04 3.160892643879179736e-06 1.625404121932379217e-05
9.300364878388853607e-04 2.864278347625972762e-06 1.605066108632523947e-05
9.228670126808026552e-04 2.575353799941967294e-06 1.584590835837172403e-05
9.157528056489873391e-04 2.294020910862688885e-06 1.563992146259670686e-05
9.086934406919187435e-04 2.020180998958950188e-06 1.543283518901997762e-05
9.016884950424293487e-04 1.753734855917389784e-06 1.522478073782256409e-05
8.947375491923834599e-04 1.494582809400849083e-06 1.501588576687402187e-05
8.878401868675517977e-04 1.242624784211559484e-06 1.480627443948207540e-05
8.809959950026869909e-04 9.977603617804863280e-07 1.459606747233556360e-05
8.742045637167836008e-04 7.598888380050043539e-07 1.438538218361188793e-05
8.674654862885270139e-04 5.289092794583392896e-07 1.417433254122115454e-05
8.607783591319456218e-04 3.047205779943249559e-07 1.396302921116078819e-05
8.541427817722315949e-04 8.722150376964651718e-08 1.375157960595328243e-05
8.475583568217638598e-04 -1.236892432922384616e-07 1.354008793314293716e-05
8.410246899563074766e-04 -3.281129835729035577e-07 1.332865524382598791e-05
8.345413898913959204e-04 -5.261510093430655925e-07 1.311737948119050997e-05
8.281080683589028824e-04 -7.179045378354344026e-07 1.290635552904327295e-05
8.217243400837872169e-04 -9.034746657835981314e-07 1.269567526030036793e-05
8.153898227610181923e-04 -1.082962325403398456e-06 1.248542758542028879e-05
8.091041370326844048e-04 -1.256468241793424284e-06 1.227569850075844782e-05
8.028669064652724794e-04 -1.424092891731897870e-06 1.206657113682228362e-05
7.966777575271217354e-04 -1.585936463846560680e-06 1.185812580640754210e-05
7.905363195660583975e-04 -1.742098820134379418e-06 1.165044005259674011e-05
7.844422247871961221e-04 -1.892679458808409222e-06 1.144358869660100596e-05
7.783951082309076112e-04 -2.037777478448716164e-06 1.123764388542770044e-05
7.723946077509723012e-04 -2.177491543434371873e-06 1.103267513935687613e-05
7.664403639928868981e-04 -2.311919850634057581e-06 1.082874939920954104e-05
7.605320203723398443e-04 -2.441160097332590886e-06 1.062593107339192950e-05
7.546692230538653299e-04 -2.565309450370434616e-06 1.042428208470093342e-05
7.488516209296445375e-04 -2.684464516474457368e-06 1.022386191687485118e-05
7.430788655984848059e-04 -2.798721313756973130e-06 1.002472766087638083e-05
7.373506113449517733e-04 -2.908175244361339959e-06 9.826934060893319255e-06
7.316665151186641522e-04 -3.012921068231901705e-06 9.630533560044278788e-06
7.260262365137531938e-04 -3.113052877986278335e-06 9.435576345776971444e-06
7.204294377484742658e-04 -3.208664074868506710e-06 9.242110394946594264e-06
7.148757836449763994e-04 -3.299847345761246141e-06 9.050181518563067118e-06
7.093649416092331645e-04 -3.386694641235603538e-06 8.859833406196264012e-06
7.038965816111222981e-04 -3.469297154617440454e-06 8.671107670028307794e-06
6.984703761646597229e-04 -3.547745302048974326e-06 8.484043888543168734e-06
6.930860003083904501e-04 -3.622128703524653958e-06 8.298679649844088691e-06
6.877431315859256324e-04 -3.692536164880758528e-06 8.115050594589467758e-06
6.824414500266302126e-04 -3.759055660717990255e-06 7.933190458538741358e-06
6.771806381264637706e-04 -3.821774318236714153e-06 7.753131114700223013e-06
6.719603808289642674e-04 -3.880778401964663029e-06 7.574902615072804126e-06
6.667803655063793498e-04 -3.936153299357168172e-06 7.398533231974455850e-06
6.616402819409452143e-04 -3.987983507249975698e-06 7.224049498950619549e-06
6.565398223063075023e-04 -4.036352619145185874e-06 7.051476251255867996e-06
6.514786811490881277e-04 -4.081343313310840012e-06 6.880836665902916538e-06
6.464565553705913176e-04 -4.123037341674990380e-06 6.712152301273069403e-06
6.414731442086497306e-04 -4.161515519495332964e-06 6.545443136282907131e-06
6.365281492196168348e-04 -4.196857715785498152e-06 6.380727609102380287e-06
6.316212742604910158e-04 -4.229142844479587378e-06 6.218022655419448312e-06
6.267522254711798725e-04 -4.258448856316595450e-06 6.057343746247194375e-06
6.219207112569041579e-04 -4.284852731426509886e-06 5.898704925269623217e-06
6.171264422707335587e-04 -4.308430472600322437e-06 5.742118845722344730e-06
6.123691313962569167e-04 -4.329257099226219327e-06 5.587596806805043129e-06
6.076484937303906850e-04 -4.347406641874490295e-06 5.435148789622978878e-06
6.029642465663153207e-04 -4.362952137513980338e-06 5.284783492654620559e-06
5.983161093765428660e-04 -4.375965625343059607e-06 5.136508366743273036e-06
5.937038037961203793e-04 -4.386518143218372413e-06 4.990329649610872303e-06
5.891270536059575085e-04 -4.394679724664789752e-06 4.846252399891877726e-06
5.845855847162830833e-04 -4.400519396450317548e-06 4.704280530686049570e-06
5.800791251502346313e-04 -4.404105176709817036e-06 4.564416842629077584e-06
5.756074050275641202e-04 -4.405504073601770594e-06 4.426663056479691840e-06
5.711701565484823698e-04 -4.404782084482400056e-06 4.291019845223285474e-06
5.667671139776177388e-04 -4.402004195581819759e-06 4.157486865691011705e-06
5.623980136281003621e-04 -4.397234382167042106e-06 4.026062789694511000e-06
5.580625938457743239e-04 -4.390535609176932940e-06 3.896745334676468270e-06
5.537605949935259491e-04 -4.381969832314424958e-06 3.769531293876980629e-06
5.494917594357333086e-04 -4.371597999581531149e-06 3.644416566016422648e-06
5.452558315228402987e-04 -4.359480053242961976e-06 3.521396184495699346e-06
5.410525575760448879e-04 -4.345674932204325390e-06 3.400464346114512012e-06
5.368816858721053246e-04 -4.330240574791163150e-06 3.281614439308940468e-06
5.327429666282681000e-04 -4.313233921915303134e-06 3.164839071909803304e-06
5.286361519873075850e-04 -4.294710920615222426e-06 3.050130098423037418e-06
5.245609960026812423e-04 -4.274726527957333688e-06 2.937478646833942134e-06
5.205172546238034503e-04 -4.253334715285400381e-06 2.826875144937254271e-06
5.165046856814278558e-04 -4.230588472805393968e-06 2.718309346194863003e-06
5.125230488731440017e-04 -4.206539814493470476e-06 2.611770355123480315e-06
5.085721057489894217e-04 -4.181239783314895389e-06 2.507246652214758149e-06
5.046516196971638675e-04 -4.154738456741883081e-06 2.404726118389946984e-06
5.007613559298655084e-04 -4.127084952558826061e-06 2.304196058992319632e-06
4.969010814692267691e-04 -4.098327434943205486e-06 2.205643227319569334e-06
4.930705651333609730e-04 -4.068513120811047853e-06 2.109053847699422032e-06
4.892695775225203332e-04 -4.037688286415842748e-06 2.014413638111503270e-06
4.854978910053558039e-04 -4.005898274190027960e-06 1.921707832358452688e-06
4.817552797052844851e-04 -3.973187499818516734e-06 1.830921201789660919e-06
4.780415194869643632e-04 -3.939599459533769871e-06 1.742038076581098333e-06
4.743563879428703157e-04 -3.905176737622266933e-06 1.655042366574559794e-06
4.706996643799734952e-04 -3.869961014132357830e-06 1.569917581679995223e-06
4.670711298065270732e-04 -3.833993072773793729e-06 1.486646851844738229e-06
4.634705669189500502e-04 -3.797312808999252314e-06 1.405212946593195451e-06
4.598977600888124926e-04 -3.759959238258587878e-06 1.325598294141000298e-06
4.563524953499243112e-04 -3.721970504416639252e-06 1.247785000087640540e-06
4.528345603855202630e-04 -3.683383888325600485e-06 1.171754865691436607e-06
4.493437445155436141e-04 -3.644235816543200207e-06 1.097489405731061300e-06
4.458798386840316110e-04 -3.604561870188204936e-06 1.024969865957848348e-06
4.424426354465946253e-04 -3.564396793924792089e-06 9.541772401429907341e-07
4.390319289579901131e-04 -3.523774505067634090e-06 8.850922867239618929e-07
4.356475149598004401e-04 -3.482728102799846227e-06 8.176955450547190257e-07
4.322891907681953834e-04 -3.441289877495802269e-06 7.519673512637465802e-07
4.289567552617970904e-04 -3.399491320141414354e-06 6.878878537247637360e-07
4.256500088696344298e-04 -3.357363131844345752e-06 6.254370281443611352e-07
4.223687535591898797e-04 -3.314935233426941480e-06 5.645946922712154783e-07
4.191127928245423130e-04 -3.272236775094928550e-06 5.053405202315408809e-07
4.158819316745973865e-04 -3.229296146174866498e-06 4.476540564952712923e-07
4.126759766214091658e-04 -3.186140984913747688e-06 3.915147294777175215e-07
4.094947356685947745e-04 -3.142798188334269267e-06 3.369018647814423599e-07
4.063380182998350748e-04 -3.099293922139302503e-06 2.837946980829573191e-07
4.032056354674639818e-04 -3.055653630659490490e-06 2.321723876690519462e-07
4.000973995811492301e-04 -3.011902046837968346e-06 1.820140266275697740e-07
3.970131244966569497e-04 -2.968063202246299537e-06 1.332986546973056830e-07
3.939526255047027061e-04 -2.924160437125967190e-06 8.600526978188063333e-08
3.909157193198920964e-04 -2.880216410449995987e-06 4.011283913245296549e-08
3.879022240697431478e-04 -2.836253109999204009e-06 -4.399689796016031064e-09
3.849119592837936641e-04 -2.792291862447965077e-06 -4.755337881005527108e-08
3.819447458827944942e-04 -2.748353343454458660e-06 -8.936928875968613903e-08
3.790004061679839542e-04 -2.704457587750433174e-06 -1.298684696323512449e-07
3.760787638104474127e-04 -2.660623999225812537e-06 -1.690719509538862833e-07
3.731796438405562402e-04 -2.616871361003482649e-06 -2.070007324917511408e-07
3.703028726374886699e-04 -2.573217845499837134e-06 -2.436757752556729731e-07
3.674482779188338708e-04 -2.529681024466797197e-06 -2.791179927908387656e-07
3.646156887302735416e-04 -2.486277879011078061e-06 -3.133482427589079162e-07
