1.000000000000000000e+00 -1.545084971874737478e+00 0.000000000000000000e+00
9.922796420431261311e-01 -1.748687606682477691e+00 -2.710792788964139916e-02
9.846188880132343835e-01 -1.943243404193302215e+00 -6.026229463734186081e-02
9.770172777466731295e-01 -2.128449669589646653e+00 -9.904832737898575101e-02
9.694743546324182670e-01 -2.304050719106830680e+00 -1.430402802166743648e-01
9.619896655846466027e-01 -2.469836580745579546e+00 -1.918042884650428825e-01
9.545627610155197340e-01 -2.625641559523750779e+00 -2.449010793880614378e-01
9.471931948081779851e-01 -2.771342683771954363e+00 -3.018885345872426851e-01
9.398805242899438417e-01 -2.906858048399342920e+00 -3.623241004996388126e-01
9.326243102057312218e-01 -3.032145070427463729e+00 -4.257670446686147026e-01
9.254241166916603589e-01 -3.147198671420140759e+00 -4.917805565626726105e-01
9.182795112488768563e-01 -3.252049400734444706e+00 -5.599336927387887908e-01
9.111900647175722456e-01 -3.346761512789570681e+00 -6.298031670785471103e-01
9.041553512512054969e-01 -3.431431010803890125e+00 -7.009749876700455129e-01
8.971749482909231466e-01 -3.506183668692368638e+00 -7.730459426687528168e-01
8.902484365401772681e-01 -3.571173042052564472e+00 -8.456249381491525163e-01
8.833753999395398404e-01 -3.626578478403297723e+00 -9.183341915594065430e-01
8.765554256417098511e-01 -3.672603136080720532e+00 -9.908102849169350135e-01
8.697881039867159103e-01 -3.709472020445757856e+00 -1.062705082337231932e+00
8.630730284773077132e-01 -3.737430045319618088e+00 -1.133686516875477057e+00
8.564097957545396822e-01 -3.756740126842582850e+00 -1.203439251984129044e+00
8.497980055735413485e-01 -3.767681316249462675e+00 -1.271665223153863433e+00
8.432372607794760277e-01 -3.770546977374987119e+00 -1.338084065513714949e+00
8.367271672836846808e-01 -3.765643014046335502e+00 -1.402433433323132528e+00
8.302673340400135160e-01 -3.753286151889785760e+00 -1.464469217397608380e+00
8.238573730213252233e-01 -3.733802278475377712e+00 -1.523965666574482958e+00
8.174968991961907294e-01 -3.707524845149047010e+00 -1.580715419350204431e+00
8.111855305057616983e-01 -3.674793333356148217e+00 -1.634529451808175882e+00
8.049228878408205556e-01 -3.635951787744791996e+00 -1.685236947911054939e+00
7.987085950190087047e-01 -3.591347417851946666e+00 -1.732685098156180326e+00
7.925422787622300458e-01 -3.541329269720053130e+00 -1.776738832491005393e+00
7.864235686742291342e-01 -3.486246968366724985e+00 -1.817280493259990193e+00
7.803520972183418669e-01 -3.426449531634959911e+00 -1.854209453808366215e+00
7.743274996954189193e-01 -3.362284255585407777e+00 -1.887441688204202661e+00
7.683494142219191581e-01 -3.294095671255302893e+00 -1.916909297360943176e+00
7.624174817081715849e-01 -3.222224572299883238e+00 -1.942559996650395027e+00
7.565313458368060351e-01 -3.147007112750713986e+00 -1.964356569893439985e+00
7.506906530413504086e-01 -3.068773973870412508e+00 -1.982276294404494710e+00
7.448950524849916599e-01 -2.987849598853842714e+00 -1.996310341547964384e+00
7.391441960395032096e-01 -2.904551493921112115e+00 -2.006463157042563505e+00
7.334377382643324506e-01 -2.819189594166123136e+00 -2.012751825023769037e+00
7.277753363858517899e-01 -2.732065692365643450e+00 -2.015205419647777774e+00
7.221566502767686746e-01 -2.643472928815853162e+00 -2.013864347793035137e+00
7.165813424356949346e-01 -2.553695340145791803e+00 -2.008779686189420932e+00
7.110490779668741101e-01 -2.463007464958398618e+00 -2.000012516081302039e+00
7.055595245600647658e-01 -2.371674004068875075e+00 -1.987633258309972062e+00
7.001123524705792356e-01 -2.279949533045997789e+00 -1.971721011484533603e+00
6.947072344994773552e-01 -2.188078264713262389e+00 -1.952362895698547263e+00
6.893438459739114066e-01 -2.096293859232633672e+00 -1.929653404043685239e+00
6.840218647276246067e-01 -2.004819279372805685e+00 -1.903693763971621600e+00
6.787409710815990316e-01 -1.913866688555422302e+00 -1.874591310361983121e+00
6.735008478248527553e-01 -1.823637389275543086e+00 -1.842458871967842970e+00
6.683011801953868680e-01 -1.734321799505786688e+00 -1.807414172731197421e+00
6.631416558612771572e-01 -1.646099464716093363e+00 -1.769579249289402911e+00
6.580219649019140027e-01 -1.559139103172071383e+00 -1.729079885829937435e+00
6.529417997893857128e-01 -1.473598682213442812e+00 -1.686045067295086630e+00
6.479008553700061901e-01 -1.389625523259492734e+00 -1.640606451790432629e+00
6.428988288459849265e-01 -1.307356433339700086e+00 -1.592897862911274665e+00
6.379354197572388863e-01 -1.226917861004326760e+00 -1.543054802569379103e+00
6.330103299633443870e-01 -1.148426074530799479e+00 -1.491213984778675394e+00
6.281232636256284252e-01 -1.071987360406612133e+00 -1.437512890742509875e+00
6.232739271893987798e-01 -9.976982401377549881e-01 -1.382089345476894326e+00
6.184620293663100066e-01 -9.256457035023707425e-01 -1.325081116103381307e+00
6.136872811168674335e-01 -8.559074564424349330e-01 -1.266625531852039410e+00
6.089493956330644941e-01 -7.885521818606668898e-01 -1.206859125728682702e+00
6.042480883211551745e-01 -7.236398116657082324e-01 -1.145917297721465555e+00
5.995830767845590215e-01 -6.612218084849688093e-01 -1.083933999349431465e+00
5.949540808068984887e-01 -6.013414555413195695e-01 -1.021041439289656516e+00
5.903608223351662909e-01 -5.440341532664975110e-01 -9.573698097598077883e-01
5.858030254630243183e-01 -4.893277213005242654e-01 -8.930470332792922461e-01
5.812804164142301167e-01 -4.372427046020568309e-01 -8.281985293839078111e-01
5.767927235261914864e-01 -3.877926824694410413e-01 -7.629470008263860015e-01
5.723396772336490912e-01 -3.409845793458349816e-01 -6.974122387576311421e-01
5.679210100524836324e-01 -2.968189763540333703e-01 -6.317109463508856493e-01
5.635364565636491463e-01 -2.552904225773193758e-01 -5.659565803030174314e-01
5.591857533972293126e-01 -2.163877451716515188e-01 -5.002592096234769192e-01
5.548686392166185533e-01 -1.800943574616310772e-01 -4.347253911019613448e-01
5.505848547028227014e-01 -1.463885642377801832e-01 -3.694580608299296576e-01
5.463341425388834605e-01 -1.152438635358092323e-01 -3.045564411391673554e-01
5.421162473944215465e-01 -8.662924423936407825e-02 -2.401159623115371178e-01
5.379309159102994009e-01 -6.050947890648176314e-02 -1.762281984084752007e-01
5.337778966834028083e-01 -3.684541127634154145e-02 -1.129808165657961577e-01
5.296569402515396430e-01 -1.559423796700605200e-02 -5.045753909916615015e-02
5.255677990784551890e-01 3.290216073425826070e-03 1.126188223228648429e-02
5.215102275389631448e-01 1.985722875039951790e-02 7.210168045231875322e-02
5.174839819041915367e-01 3.415891898233505003e-02 1.319900767256705354e-01
5.134888203269427631e-01 4.624999213226936579e-02 1.908592734814384129e-01
5.095245028271657706e-01 5.618749296569260782e-02 2.486454379254735558e-01
5.055907912775418067e-01 6.403056634840741113e-02 3.052886765541665270e-01
5.016874493891801956e-01 6.984022586040508629e-02 3.607330012694381360e-01
4.978142426974245804e-01 7.367913046607928174e-02 4.149262876809667877e-01
4.939709385477703552e-01 7.561136934760714912e-02 4.678202261668559236e-01
4.901573060818885663e-01 7.570225497699689665e-02 5.193702662484265264e-01
4.863731162237593941e-01 7.401812447293366903e-02 5.695355548183035355e-01
4.826181416659117707e-01 7.062614926131623172e-02 6.182788687440891051e-01
4.788921568557695796e-01 6.559415303296332878e-02 6.655665423523194901e-01
4.751949379821036601e-01 5.899043796852051352e-02 7.113683902795647773e-01
4.715262629615872836e-01 5.088361917890059372e-02 7.556576261592958810e-01
4.678859114254568241e-01 4.134246728969134116e-02 7.984107775947301144e-01
4.642736647062740696e-01 3.043575907968144867e-02 8.396075978493209302e-01
4.606893058247920059e-01 1.823213606704865777e-02 8.792309746679529692e-01
4.571326194769207985e-01 4.799970921614639396e-03 9.172668366233411863e-01
4.536033920207954706e-01 -9.792758432028385654e-03 9.537040573636076379e-01
4.501014114639427799e-01 -2.547858716797745185e-02 9.885343581186775141e-01
4.466264674505469601e-01 -4.219067452741036284e-02 1.021752208804950435e+00
4.431783512488146060e-01 -5.986290756988685291e-02 1.053354728049806344e+00
4.397568557384365362e-01 -7.842999788399793171e-02 1.083341582439838691e+00
4.363617753981465230e-01 -9.782757144107601111e-02 1.111714885279428300e+00
4.329929062933757788e-01 -1.179922517819571581e-01 1.138479095129294461e+00
4.296500460640037544e-01 -1.388617367319705531e-01 1.163640914378069935e+00
4.263329939122022516e-01 -1.603748688436658354e-01 1.187209188083841127e+00
4.230415505903742379e-01 -1.824716997701416599e-01 1.209194803306802291e+00
4.197755183891856423e-01 -2.050935487744602603e-01 1.229610589138965038e+00
4.165347011256887999e-01 -2.281830555823803064e-01 1.248471217621985208e+00
4.133189041315389889e-01 -2.516842277867644695e-01 1.265793105729912105e+00
4.101279342413006179e-01 -2.755424830124018065e-01 1.281594318579786229e+00
4.069615997808445629e-01 -2.997046860497949994e-01 1.295894474019655629e+00
4.038197105558343769e-01 -3.241191811656849997e-01 1.308714648730810559e+00
4.007020778403021510e-01 -3.487358197967795337e-01 1.320077285968598968e+00
3.976085143653118048e-01 -3.735059838313901093e-01 1.330006105054443610e+00
3.945388343077107507e-01 -3.983826046814494815e-01 1.338526012720285596e+00
3.914928532789674342e-01 -4.233201783447883004e-01 1.345663016395904465e+00
3.884703883140959157e-01 -4.482747766545479573e-01 1.351444139519169640e+00
3.854712578606652729e-01 -4.732040549093458059e-01 1.355897338939495933e+00
3.824952817678944905e-01 -4.980672560741885579e-01 1.359051424475361758e+00
3.795422812758310060e-01 -5.228252117383135333e-01 1.360935980677911994e+00
3.766120790046130207e-01 -5.474403400120547714e-01 1.361581290844197101e+00
3.737044989438149667e-01 -5.718766405405633080e-01 1.361018263315685983e+00
3.708193664418744651e-01 -5.960996868077853561e-01 1.359278360090140580e+00
3.679565081956019945e-01 -6.200766158995085764e-01 1.356393527767881801e+00
3.651157522397705524e-01 -6.437761158895900504e-01 1.352396130846789557e+00
3.622969279367861950e-01 -6.671684110086972819e-01 1.347318887374186369e+00
3.594998659664384588e-01 -6.902252447499651611e-01 1.341194806957840990e+00
3.567243983157293852e-01 -7.129198610611090503e-01 1.334057131132931451e+00
3.539703582687814820e-01 -7.352269837675005082e-01 1.325939276076679274e+00
3.512375803968235677e-01 -7.571227943657353743e-01 1.316874777657661033e+00
3.485259005482538308e-01 -7.785849083222351474e-01 1.306897238802428252e+00
3.458351558387794400e-01 -7.995923500063939482e-01 1.296040279158004349e+00
3.431651846416327589e-01 -8.201255263828310937e-01 1.284337487025134505e+00
3.405158265778626681e-01 -8.401661995823576090e-01 1.271822373533725514e+00
3.378869225067007709e-01 -8.596974584663508168e-01 1.258528329028810733e+00
3.352783145160025402e-01 -8.787036892943986821e-01 1.244488581632530178e+00
3.326898459127615726e-01 -8.971705456002874168e-01 1.229736157945058528e+00
3.301213612136978948e-01 -9.150849173766681943e-01 1.214303845845090768e+00
3.275727061359176018e-01 -9.324348996641449450e-01 1.198224159348444173e+00
3.250437275876464915e-01 -9.492097606359147788e-01 1.181529305481503034e+00
3.225342736590332549e-01 -9.653999092646837754e-01 1.164251153124604476e+00
3.200441936130251075e-01 -9.809968626541708536e-01 1.146421203779070641e+00
3.175733378763135883e-01 -9.959932131132674948e-01 1.128070564210419180e+00
3.151215580303490804e-01 -1.010382595046751320e+00 1.109229920919184487e+00
3.126887068024269967e-01 -1.024159651732378329e+00 1.089929516390057307e+00
3.102746380568403017e-01 -1.037320002050253320e+00 1.070199127069249689e+00
3.078792067861019777e-01 -1.049860207226517739e+00 1.050068043019582564e+00
3.055022691022348802e-01 -1.061777737649677977e+00 1.029565049202341820e+00
3.031436822281283749e-01 -1.073070939814291025e+00 1.008718408334756900e+00
3.008033044889624197e-01 -1.083739003443209503e+00 9.875558452718247171e-01
2.984809953036970387e-01 -1.093781928836236483e+00 9.661045328612202221e-01
2.961766151766285216e-01 -1.103200494489737116e+00 9.443910792201641868e-01
2.938900256890096818e-01 -1.111996225028647256e+00 9.224415163833160625e-01
2.916210894907355633e-01 -1.120171359489230856e+00 9.002812902711097021e-01
2.893696702920935948e-01 -1.127728819988083275e+00 8.779352519283479817e-01
2.871356328555760284e-01 -1.134672180809999320e+00 8.554276499833248781e-01
2.849188429877574369e-01 -1.141005637944668250e+00 8.327821242783733924e-01
2.827191675312336061e-01 -1.146733979099576306e+00 8.100217006232909300e-01
2.805364743566231001e-01 -1.151862554213985534e+00 7.871687866238399334e-01
2.783706323546306094e-01 -1.156397246496516429e+00 7.642451685382332105e-01
2.762215114281714179e-01 -1.160344444006577547e+00 7.412720091153280899e-01
2.740889824845572087e-01 -1.163711011797733619e+00 7.182698463690811996e-01
2.719729174277411010e-01 -1.166504264639024679e+00 6.952585932446927464e-01
2.698731891506236380e-01 -1.168731940328297858e+00 6.722575381328053101e-01
2.677896715274176720e-01 -1.170402173609740082e+00 6.492853461890376598e-01
2.657222394060722581e-01 -1.171523470706011816e+00 6.263600614171236369e-01
2.636707686007552787e-01 -1.172104684473723513e+00 6.034991094749202478e-01
2.616351358843934105e-01 -1.172154990189368640e+00 5.807193011635467528e-01
2.596152189812704902e-01 -1.171683861971345664e+00 5.580368365609607029e-01
2.576108965596828893e-01 -1.170701049842255648e+00 5.354673097623182665e-01
2.556220482246508996e-01 -1.169216557434324510e+00 5.130257141904805973e-01
2.536485545106872963e-01 -1.167240620339533352e+00 4.907264484411377747e-01
2.516902968746211888e-01 -1.164783685104845201e+00 4.685833226280252117e-01
2.497471576884772171e-01 -1.161856388871795209e+00 4.466095651948022716e-01
2.478190202324103419e-01 -1.158469539658675052e+00 4.248178301612117180e-01
2.459057686876943150e-01 -1.154634097282550176e+00 4.032202047721680227e-01
2.440072881297651319e-01 -1.150361154917446393e+00 3.818282175195152894e-01
2.421234645213172776e-01 -1.145661921284173435e+00 3.606528465071863754e-01
2.402541847054542046e-01 -1.140547703466490592e+00 3.397045281315723142e-01
2.383993363988912151e-01 -1.135029890347561965e+00 3.189931660498961374e-01
2.365588081852105784e-01 -1.129119936659978896e+00 2.985281404104063729e-01
2.347324895081692731e-01 -1.122829347642022801e+00 2.783183173192133042e-01
2.329202706650580768e-01 -1.116169664292240737e+00 2.583720585195524722e-01
2.311220428001118099e-01 -1.109152449213903768e+00 2.386972312602344826e-01
2.293376978979710379e-01 -1.101789273040444161e+00 2.193012183309963614e-01
2.275671287771933449e-01 -1.094091701432512886e+00 2.001909282433810000e-01
2.258102290838153448e-01 -1.086071282636946078e+00 1.813728055367115899e-01
2.240668932849645967e-01 -1.077739535597547427e+00 1.628528411896096040e-01
2.223370166625199540e-01 -1.069107938607306352e+00 1.446365831183693829e-01
2.206204953068218733e-01 -1.060187918491388270e+00 1.267291467443920350e-01
2.189172261104304351e-01 -1.050990840309996566e+00 1.091352256136816357e-01
2.172271067619319651e-01 -1.041527997570008246e+00 9.185910205225009117e-02
2.155500357397937827e-01 -1.031810602934100984e+00 7.490465784206705446e-02
2.138859123062655798e-01 -1.021849779415948012e+00 5.827538490294784101e-02
2.122346365013287051e-01 -1.011656552049947200e+00 4.197439596656289684e-02
2.105961091366914395e-01 -1.001241840023851637e+00 2.600443522944546892e-02
2.089702317898312622e-01 -9.906164492626099438e-01 1.036788897262605827e-02
2.073569067980828573e-01 -9.797910654516783779e-01 -4.933203863819310940e-03
2.057560372527714732e-01 -9.687762474880461383e-01 -1.989714116233253297e-02
2.041675269933922454e-01 -9.575824213472240443e-01 -3.452254717591814182e-02
2.025912806018335399e-01 -9.462198743544468771e-01 -4.880836215243332388e-02
2.010272033966458705e-01 -9.346987498484083945e-01 -6.275383204424656025e-02
1.994752014273544760e-01 -9.230290422258616845e-01 -7.635849831182937864e-02
1.979351814688158073e-01 -9.112205923555231069e-01 -8.962218782926155425e-02
1.964070510156177285e-01 -8.992830833497830190e-01 -1.025450028990826379e-01
1.948907182765231560e-01 -8.872260366828296219e-01 -1.151273113833933964e-01
1.933860921689560808e-01 -8.750588086438941815e-01 -1.273697369576153871e-01
1.918930823135307495e-01 -8.627905871144666561e-01 -1.392731494927998415e-01
1.904115990286224525e-01 -8.504303886584319017e-01 -1.508386555719323785e-01
1.889415533249807211e-01 -8.379870559142502673e-01 -1.620675891452080242e-01
1.874828569003840761e-01 -8.254692552784342885e-01 -1.729615023288190723e-01
1.860354221343357151e-01 -8.128854748697343924e-01 -1.835221563513932119e-01
1.845991620828005553e-01 -8.002440227636219428e-01 -1.937515126517949104e-01
1.831739904729823565e-01 -7.875530254868128299e-01 -2.036517241316445348e-01
1.817598216981418657e-01 -7.748204267617739838e-01 -2.132251265655197014e-01
1.803565708124546529e-01 -7.620539864913103978e-01 -2.224742301714687231e-01
1.789641535259081928e-01 -7.492612799735365314e-01 -2.314017113441232398e-01
1.775824861992392756e-01 -7.364496973377261391e-01 -2.400104045523719642e-01
1.762114858389095262e-01 -7.236264431917098783e-01 -2.483032944032665668e-01
1.748510700921205030e-01 -7.107985364717159804e-01 -2.562835078735176686e-01
1.735011572418668768e-01 -6.979728104857155779e-01 -2.639543067096847273e-01
1.721616662020278021e-01 -6.851559131415599913e-01 -2.713190799978856815e-01
1.708325165124963130e-01 -6.723543073513917889e-01 -2.783813369036038377e-01
1.695136283343462724e-01 -6.595742716040059461e-01 -2.851446995819369445e-01
1.682049224450365976e-01 -6.468219006970529206e-01 -2.916128962584049189e-01
1.669063202336527052e-01 -6.341031066211777478e-01 -2.977897544802207697e-01
1.656177436961842886e-01 -6.214236195883792169e-01 -3.036791945377282365e-01
1.643391154308399549e-01 -6.087889891970991174e-01 -3.092852230555186432e-01
1.630703586333978605e-01 -5.962045857267346260e-01 -3.146119267525633312e-01
1.618113970925921796e-01 -5.836756015544786180e-01 -3.196634663705263946e-01
1.605621551855355433e-01 -5.712070526875919763e-01 -3.244440707692664017e-01
1.593225578731760350e-01 -5.588037804044021506e-01 -3.289580311883880670e-01
1.580925306957903786e-01 -5.464704529975424885e-01 -3.332096956735605686e-01
1.568719997685107947e-01 -5.342115676131042878e-01 -3.372034636661997431e-01
1.556608917768872169e-01 -5.220314521796088902e-01 -3.409437807549783872e-01
1.544591339724834811e-01 -5.099342674208676707e-01 -3.444351335875255882e-01
1.532666541685071271e-01 -4.979240089469946784e-01 -3.476820449405670366e-01
1.520833807354738665e-01 -4.860045094180370229e-01 -3.506890689466621303e-01
1.509092425969044693e-01 -4.741794407748404216e-01 -3.534607864756057483e-01
1.497441692250556511e-01 -4.624523165319847084e-01 -3.560018006684798064e-01
1.485880906366835175e-01 -4.508264941277725368e-01 -3.583167326222658211e-01
1.474409373888398711e-01 -4.393051773264414206e-01 -3.604102172228548229e-01
1.463026405747009928e-01 -4.278914186679451115e-01 -3.622868991242425007e-01
1.451731318194284248e-01 -4.165881219608059127e-01 -3.639514288716252377e-01
1.440523432760620060e-01 -4.053980448137181058e-01 -3.654084591660731185e-01
1.429402076214443262e-01 -3.943238012017335481e-01 -3.666626412684063641e-01
1.418366580521768783e-01 -3.833678640630319157e-01 -3.677186215398662861e-01
1.407416282806073504e-01 -3.725325679224166797e-01 -3.685810381171286121e-01
1.396550525308478119e-01 -3.618201115378467114e-01 -3.692545177191887684e-01
1.385768655348235956e-01 -3.512325605664501915e-01 -3.697436725836138471e-01
1.375070025283531838e-01 -3.407718502466237642e-01 -3.700530975296384417e-01
1.364453992472575150e-01 -3.304397880929438869e-01 -3.701873671455663262e-01
1.353919919235000990e-01 -3.202380566007818619e-01 -3.701510330979239649e-01
1.343467172813565258e-01 -3.101682159576221731e-01 -3.699486215598048466e-01
1.333095125336135334e-01 -3.002317067582356835e-01 -3.695846307558338095e-01
1.322803153777976359e-01 -2.904298527209773773e-01 -3.690635286211864652e-01
1.312590639924328395e-01 -2.807638634026077828e-01 -3.683897505720867827e-01
1.302456970333270847e-01 -2.712348369091545641e-01 -3.675676973852224916e-01
1.292401536298872222e-01 -2.618437626004509466e-01 -3.666017331835140780e-01
1.282423733814631317e-01 -2.525915237861131035e-01 -3.654961835256896330e-01
1.272522963537191520e-01 -2.434789004108050547e-01 -3.642553335971231987e-01
1.262698630750342110e-01 -2.345065717267823535e-01 -3.628834264994100223e-01
1.252950145329295162e-01 -2.256751189517784695e-01 -3.613846616361738873e-01
1.243276921705235571e-01 -2.169850279104220681e-01 -3.597631931926061899e-01
1.233678378830151134e-01 -2.084366916574698358e-01 -3.580231287062713985e-01
1.224153940141926300e-01 -2.000304130812187720e-01 -3.561685277267231942e-01
1.214703033529713344e-01 -1.917664074855851830e-01 -3.542034005615063430e-01
1.205325091299563056e-01 -1.836448051493933253e-01 -3.521317071061393911e-01
1.196019550140328402e-01 -1.756656538615369578e-01 -3.499573557557030257e-01
1.186785851089826038e-01 -1.678289214307358557e-01 -3.476842023956830952e-01
1.177623439501259139e-01 -1.601344981687023716e-01 -3.453160494697460892e-01
1.168531765009904605e-01 -1.525821993456209780e-01 -3.428566451221604083e-01
1.159510281500050338e-01 -1.451717676168944871e-01 -3.403096824125965703e-01
1.150558447072194124e-01 -1.379028754202149820e-01 -3.376787986010834630e-01
1.141675724010492027e-01 -1.307751273420636740e-01 -3.349675745009189631e-01
1.132861578750458120e-01 -1.237880624528255868e-01 -3.321795338973740908e-01
1.124115481846915121e-01 -1.169411566097695865e-01 -3.293181430300607393e-01
1.115436907942192885e-01 -1.102338247272043742e-01 -3.263868101368679331e-01
1.106825335734570315e-01 -1.036654230131827809e-01 -3.233888850574045404e-01
1.098280247946962496e-01 -9.723525117218891067e-02 -3.203276588939260039e-01
1.089801131295848047e-01 -9.094255457329560033e-02 -3.172063637277522941e-01
1.081387476460437674e-01 -8.478652638333827873e-02 -3.140281723892283661e-01
1.073038778052082393e-01 -7.876630966469878870e-02 -3.107961982793062683e-01
1.064754534583913503e-01 -7.288099943734485664e-02 -3.075134952408696276e-01
1.056534248440721274e-01 -6.712964470482195301e-02 -3.041830574779577079e-01
1.048377425849062461e-01 -6.151125044393389307e-02 -3.008078195210793782e-01
1.040283576847601393e-01 -5.602477955790179792e-02 -2.973906562368505146e-01
1.032252215257680600e-01 -5.066915479282428636e-02 -2.939343828802181147e-01
1.024282858654115003e-01 -4.544326061730684374e-02 -2.904417551875752013e-01
1.016375028336215375e-01 -4.034594506516640811e-02 -2.869154695091076235e-01
1.008528249299032176e-01 -3.537602154115532943e-02 -2.833581629787482736e-01
1.000742050204824068e-01 -3.053227058968081831e-02 -2.797724137201517691e-01
9.930159633547468168e-02 -2.581344162653372021e-02 -2.761607410871410040e-01
9.853495246607579805e-02 -2.121825463366766237e-02 -2.725256059371076178e-01
9.777422736177415752e-02 -1.674540181710448827e-02 -2.688694109358907847e-01
9.701937532758450611e-02 -1.239354922806877417e-02 -2.651945008926887559e-01
9.627035102130324096e-02 -8.161338347481674263e-03 -2.615031631235982257e-01
9.552710945078489446e-02 -4.047387633972564930e-03 -2.577976278424062295e-01
9.478960597123935183e-02 -5.029403558512751969e-05 -2.540800685772967582e-01
9.405779628255032943e-02 3.831365534610411700e-03 -2.503526026121707382e-01
9.333163642661433668e-02 7.599032758777747587e-03 -2.466172914513061476e-01
9.261108278470005228e-02 1.125416651019736126e-02 -2.428761413061232555e-01
9.189609207482846154e-02 1.479824148450280957e-02 -2.391311036028543613e-01
9.118662134917292217e-02 1.823274686598774438e-02 -2.353840755099434467e-01
9.048262799147945012e-02 2.155918502867642042e-02 -2.316369004840410084e-01
8.978406971450655916e-02 2.477907027184195199e-02 -2.278913688334842369e-01
8.909090455748562565e-02 2.789392758963077021e-02 -2.241492182981953407e-01
8.840309088360016887e-02 3.090529147445078215e-02 -2.204121346449448016e-01
8.772058737748469892e-02 3.381470475375643325e-02 -2.166817522769714510e-01
8.704335304274325724e-02 3.662371745985428667e-02 -2.129596548569783754e-01
8.637134719948676154e-02 3.933388573234587043e-02 -2.092473759425456936e-01
8.570452948188926612e-02 4.194677075280756062e-02 -2.055463996330382515e-01
8.504285983576360952e-02 4.446393771130068701e-02 -2.018581612271150572e-01
8.438629851615531141e-02 4.688695480429611040e-02 -1.981840478899672131e-01
8.373480608495496857e-02 4.921739226358987085e-02 -1.945253993294469297e-01
8.308834340852966349e-02 5.145682141577347796e-02 -1.908835084802767423e-01
8.244687165537213647e-02 5.360681377182587720e-02 -1.872596221955479812e-01
8.181035229376824869e-02 5.566894014637784743e-02 -1.836549419447504050e-01
8.117874708948237539e-02 5.764476980620068802e-02 -1.800706245175970333e-01
8.055201810346102054e-02 5.953586964746233196e-02 -1.765077827329375737e-01
7.993012768955373715e-02 6.134380340129323012e-02 -1.729674861520700269e-01
7.931303849225172786e-02 6.307013086719810702e-02 -1.694507617957927426e-01
7.870071344444423689e-02 6.471640717384688490e-02 -1.659585948645602438e-01
7.809311576519178955e-02 6.628418206677801072e-02 -1.624919294611238685e-01
7.749020895751690396e-02 6.777499922254091869e-02 -1.590516693150706706e-01
7.689195680621190021e-02 6.919039558880793472e-02 -1.556386785086873725e-01
7.629832337566344602e-02 7.053190074998066939e-02 -1.522537822036016675e-01
7.570927300769401957e-02 7.180103631781736828e-02 -1.488977673676747382e-01
7.512477031941991457e-02 7.299931534660773769e-02 -1.455713835016370361e-01
7.454478020112603742e-02 7.412824177241933432e-02 -1.422753433649837085e-01
7.396926781415688601e-02 7.518930987594443782e-02 -1.390103237006596604e-01
7.339819858882373760e-02 7.618400376847339617e-02 -1.357769659580887744e-01
7.283153822232828201e-02 7.711379690052308500e-02 -1.325758770141185761e-01
7.226925267670218644e-02 7.798015159265135610e-02 -1.294076298914708101e-01
7.171130817676225899e-02 7.878451858799000174e-02 -1.262727644743015243e-01
7.115767120808194623e-02 7.952833662602927511e-02 -1.231717882205018849e-01
7.060830851497799932e-02 8.021303203719228059e-02 -1.201051768703750022e-01
7.006318709851298843e-02 8.084001835773824141e-02 -1.170733751513519105e-01
6.952227421451302736e-02 8.141069596453753832e-02 -1.140767974784182709e-01
6.898553737160102728e-02 8.192645172926313335e-02 -1.111158286499440428e-01
6.845294432924500794e-02 8.238865869155022337e-02 -1.081908245386196399e-01
6.792446309582127195e-02 8.279867575067464958e-02 -1.053021127772180432e-01
6.740006192669303897e-02 8.315784737530743098e-02 -1.024499934389220684e-01
6.687970932230351273e-02 8.346750333090757756e-02 -9.963473971195939416e-02
6.636337402628364468e-02 8.372895842431685165e-02 -9.685659856831019265e-02
6.585102502357481624e-02 8.394351226512569708e-02 -9.411579142626495809e-02
6.534263153856574580e-02 8.411244904338578687e-02 -9.141251480661680140e-02
6.483816303324391184e-02 8.423703732324634708e-02 -8.874694098229200800e-02
6.433758920536110371e-02 8.431852985209810358e-02 -8.611921862122984273e-02
6.384087998661343299e-02 8.435816338481338938e-02 -8.352947342233903172e-02
6.334800554083495905e-02 8.435715852267505754e-02 -8.097780874436294463e-02
6.285893626220566410e-02 8.431671956659332612e-02 -7.846430622750462380e-02
6.237364277347311192e-02 8.423803438421345602e-02 -7.598902640766747041e-02
6.189209592418772748e-02 8.412227429052361594e-02 -7.355200932317987328e-02
6.141426678895180874e-02 8.397059394157684042e-02 -7.115327511388243320e-02
6.094012666568213860e-02 8.378413124094706566e-02 -6.879282461246692681e-02
6.046964707388582244e-02 8.356400725854377931e-02 -6.647063992796224674e-02
6.000279975294960794e-02 8.331132616141698199e-02 -6.418668502127630737e-02
5.953955666044222217e-02 8.302717515618714128e-02 -6.194090627270708999e-02
5.907988997043002455e-02 8.271262444274429804e-02 -5.973323304134914996e-02
5.862377207180559380e-02 8.236872717886087325e-02 -5.756357821632625271e-02
5.817117556662905475e-02 8.199651945537471398e-02 -5.543183875978963115e-02
5.772207326848250580e-02 8.159702028159838971e-02 -5.333789624163236959e-02
5.727643820083693632e-02 8.117123158062146404e-02 -5.128161736587208419e-02
5.683424359543169657e-02 8.072013819417461766e-02 -4.926285448866565136e-02
5.639546289066678375e-02 8.024470789673317228e-02 -4.728144612792626461e-02
5.596006973000725027e-02 7.974589141854071528e-02 -4.533721746451659096e-02
5.552803796039998407e-02 7.922462247724079698e-02 -4.342998083500108908e-02
5.509934163070279861e-02 7.868181781781047324e-02 -4.155953621594691422e-02
5.467395499012570742e-02 7.811837726049432329e-02 -3.972567169976663759e-02
5.425185248668391164e-02 7.753518375644333216e-02 -3.792816396210194757e-02
5.383300876566318033e-02 7.693310345077046530e-02 -3.616677872075638178e-02
5.341739866809672166e-02 7.631298575273705309e-02 -3.444127118618477840e-02
5.300499722925398893e-02 7.567566341279385878e-02 -3.275138650355725878e-02
5.259577967714102603e-02 7.502195260620220241e-02 -3.109686018641676097e-02
5.218972143101260897e-02 7.435265302297007495e-02 -2.947741854195710942e-02
5.178679809989569782e-02 7.366854796383989767e-02 -2.789277908794892194e-02
5.138698548112413667e-02 7.297040444207300580e-02 -2.634265096134795134e-02
5.099025955888516343e-02 7.225897329078033449e-02 -2.482673531862551394e-02
5.059659650277666815e-02 7.153498927555371201e-02 -2.334472572785931815e-02
5.020597266637571304e-02 7.079917121215818787e-02 -2.189630855263220016e-02
4.981836458581825194e-02 7.005222208905138859e-02 -2.048116332778768603e-02
4.943374897838967441e-02 6.929482919450019596e-02 -1.909896312709331856e-02
4.905210274112627167e-02 6.852766424807163470e-02 -1.774937492286808235e-02
4.867340294942740925e-02 6.775138353627824239e-02 -1.643205993763164133e-02
4.829762685567867697e-02 6.696662805216596626e-02 -1.514667398783773981e-02
4.792475188788532237e-02 6.617402363863426895e-02 -1.389286781975389296e-02
4.755475564831647406e-02 6.537418113528647989e-02 -1.267028743755564332e-02
4.718761591215978740e-02 6.456769652861149567e-02 -1.147857442370357403e-02
4.682331062618644291e-02 6.375515110530294294e-02 -1.031736625167401292e-02
4.646181790742637957e-02 6.293711160852730191e-02 -9.186296591117110166e-03
4.610311604185394346e-02 6.211413039695747040e-02 -8.084995605518344869e-03
4.574718348308352833e-02 6.128674560639207902e-02 -7.013090242439529859e-03
4.539399885107534005e-02 6.045548131378631479e-02 -5.970204516419456466e-03
4.504354093085113225e-02 5.962084770352411162e-02 -4.955959784614273091e-03
4.469578867121985072e-02 5.878334123576662434e-02 -3.969975015260495711e-03
4.435072118351325587e-02 5.794344481671629549e-02 -3.011867049044185483e-03
4.400831774033100996e-02 5.710162797063908502e-02 -2.081250853460754960e-03
4.366855777429580476e-02 5.625834701349403943e-02 -1.177739770253061116e-03
4.333142087681782217e-02 5.541404522802139548e-02 -3.009457560139092440e-04
4.299688679686881898e-02 5.456915304014577778e-02 5.495203839579772395e-04
4.266493543976580122e-02 5.372408819655583034e-02 1.374048768458689370e-03
4.233554686596388561e-02 5.287925594332353041e-02 2.173030219747244980e-03
4.200870128985866037e-02 5.203504920543311485e-02 2.946856049389223482e-03
4.168437907859755265e-02 5.119184876709117343e-02 3.695917850485058199e-03
4.136256075090074397e-02 5.035002345269563168e-02 4.420607296189300525e-03
4.104322697589085633e-02 4.950993030834269920e-02 5.121315944429825559e-03
4.072635857193174919e-02 4.867191478375631347e-02 5.798435048732611917e-03
4.041193650547642707e-02 4.783631091452858475e-02 6.452355375058433859e-03
4.009994188992369729e-02 4.700344150456152448e-02 7.083467024558258614e-03
3.979035598448363298e-02 4.617361830860542554e-02 7.692159262152816444e-03
3.948316019305197350e-02 4.534714221479307916e-02 8.278820350841785414e-03
3.917833606309304578e-02 4.452430342707061617e-02 8.843837391648819504e-03
3.887586528453125523e-02 4.370538164743068693e-02 9.387596169107869856e-03
3.857572968865145835e-02 4.289064625785729556e-02 9.910481002195579286e-03
3.827791124700745395e-02 4.208035650189281829e-02 1.041287460061686258e-02
3.798239207033912018e-02 4.127476166574307187e-02 1.089515792634829748e-02
3.768915440749776025e-02 4.047410125883824095e-02 1.135771006034602161e-02
3.739818064437998302e-02 3.967860519377135187e-02 1.180090807432392606e-02
3.710945330286954252e-02 3.888849396553741705e-02 1.222512690750900480e-02
3.682295503978748330e-02 3.810397883000140457e-02 1.263073924828074339e-02
3.653866864585045976e-02 3.732526198152447822e-02 1.301811542060122770e-02
3.625657704463689651e-02 3.655253672968120787e-02 1.338762327514450221e-02
3.597666329156131576e-02 3.578598767500365541e-02 1.373962808503243795e-02
3.569891057285653341e-02 3.502579088369035115e-02 1.407449244608613426e-02
3.542330220456364059e-02 3.427211406122069454e-02 1.439257618150194783e-02
3.514982163152989558e-02 3.352511672481883059e-02 1.469423625086170582e-02
3.487845242641421373e-02 3.278495037471237938e-02 1.497982666338750282e-02
3.460917828870049145e-02 3.205175866413475377e-02 1.524969839535173302e-02
3.434198304371845895e-02 3.132567756802176473e-02 1.550419931155428734e-02
3.407685064167206845e-02 3.060683555035551354e-02 1.574367409077896685e-02
3.381376515667542521e-02 2.989535373011113426e-02 1.596846415514192527e-02
3.355271078579622618e-02 2.919134604576431938e-02 1.617890760324606700e-02
3.329367184810640840e-02 2.849491941831875860e-02 1.637533914705589788e-02
3.303663278374032591e-02 2.780617391281639886e-02 1.655809005240771806e-02
3.278157815296004612e-02 2.712520289829377720e-02 1.672748808307164547e-02
3.252849263522796658e-02 2.645209320615114074e-02 1.688385744828204901e-02
3.227736102828646786e-02 2.578692528690181007e-02 1.702751875365424855e-02
3.202816824724483841e-02 2.512977336527255634e-02 1.715878895540591531e-02
3.178089932367314518e-02 2.448070559362621260e-02 1.727798131780289292e-02
3.153553940470300854e-02 2.383978420368009637e-02 1.738540537374961767e-02
3.129207375213559350e-02 2.320706565649691480e-02 1.748136688844527040e-02
3.105048774155621735e-02 2.258260079072366838e-02 1.756616782602821863e-02
3.081076686145587176e-02 2.196643496905860068e-02 1.764010631913157448e-02
3.057289671235963527e-02 2.135860822292663316e-02 1.770347664127396373e-02
3.033686300596168117e-02 2.075915539534488319e-02 1.775656918201073964e-02
3.010265156426701616e-02 2.016810628196243418e-02 1.779967042477132583e-02
2.987024831873982128e-02 1.958548577025926926e-02 1.783306292730995127e-02
2.963963930945844386e-02 1.901131397689130587e-02 1.785702530469740826e-02
2.941081068427680092e-02 1.844560638316917328e-02 1.787183221478313294e-02
2.918374869799232607e-02 1.788837396866062995e-02 1.787775434605716474e-02
2.895843971152036941e-02 1.733962334290715251e-02 1.787505840784313696e-02
2.873487019107488424e-02 1.679935687524669943e-02 1.786400712275415179e-02
2.851302670735547662e-02 1.626757282273628286e-02 1.784485922134454797e-02
2.829289593474077977e-02 1.574426545616869344e-02 1.781786943889131225e-02
2.807446465048799369e-02 1.522942518417914372e-02 1.778328851424030091e-02
2.785771973393862816e-02 1.472303867543878902e-02 1.774136319065312481e-02
2.764264816573035882e-02 1.422508897893296279e-02 1.769233621859169284e-02
2.742923702701499308e-02 1.373555564232342534e-02 1.763644636037843202e-02
2.721747349868250399e-02 1.325441482839462282e-02 1.757392839667116027e-02
2.700734486059093789e-02 1.278163942958472805e-02 1.750501313469265963e-02
2.679883849080243186e-02 1.231719918060425814e-02 1.742992741815600419e-02
2.659194186482499375e-02 1.186106076914445785e-02 1.734889413882758843e-02
2.638664255486015964e-02 1.141318794467976495e-02 1.726213224967105761e-02
2.618292822905655265e-02 1.097354162536930480e-02 1.716985677951604616e-02
2.598078665076909016e-02 1.054208000306245015e-02 1.707227884919692434e-02
2.578020567782399880e-02 1.011875864641540758e-02 1.696960568910749548e-02
2.558117326178935974e-02 9.703530602125432988e-03 1.686204065811866548e-02
2.538367744725153127e-02 9.296346494291451990e-03 1.674978326380737598e-02
2.518770637109692817e-02 8.897154621908692079e-03 1.663302918394543584e-02
2.499324826179942158e-02 8.505901054507361905e-03 1.651197028919856868e-02
2.480029143871330735e-02 8.122529725945227402e-03 1.638679466698650736e-02
2.460882431137165205e-02 7.746982526364555588e-03 1.625768664645612510e-02
2.441883537879003738e-02 7.379199392324600239e-03 1.612482682452036700e-02
2.423031322877579677e-02 7.019118395121850575e-03 1.598839209291711902e-02
2.404324653724248390e-02 6.666675827309904122e-03 1.584855566624249201e-02
2.385762406752960085e-02 6.321806287431962906e-03 1.570548711091450042e-02
2.367343466972773522e-02 5.984442762979822091e-03 1.555935237502367209e-02
2.349066728000876250e-02 5.654516711592463829e-03 1.541031381902823946e-02
2.330931091996127705e-02 5.331958140509184506e-03 1.525853024725242445e-02
2.312935469593110221e-02 5.016695684291670905e-03 1.510415694014718112e-02
2.295078779836700472e-02 4.708656680830597061e-03 1.494734568727383410e-02
2.277359950117136336e-02 4.407767245651852094e-03 1.478824482097169414e-02
2.259777916105583026e-02 4.113952344538605692e-03 1.462699925067172807e-02
2.242331621690209914e-02 3.827135864485648169e-03 1.446375049781950355e-02
2.225020018912744410e-02 3.547240683002249491e-03 1.429863673137083020e-02
2.207842067905527519e-02 3.274188735780845030e-03 1.413179280382514079e-02
2.190796736829051655e-02 3.007901082748610372e-03 1.396335028776193692e-02
2.173883001809979662e-02 2.748297972519405091e-03 1.379343751284674985e-02
2.157099846879643318e-02 2.495298905263965746e-03 1.362217960327375896e-02
2.140446263913014374e-02 2.248822694016185380e-03 1.344969851561303963e-02
2.123921252568151952e-02 2.008787524433989884e-03 1.327611307703142896e-02
2.107523820226114494e-02 1.775111013032869278e-03 1.310153902385640529e-02
2.091252981931331079e-02 1.547710263910943981e-03 1.292608904045340970e-02
2.075107760332440751e-02 1.326501923984269851e-03 1.274987279838795014e-02
2.059087185623587751e-02 1.111402236751402820e-03 1.257299699584425549e-02
2.043190295486161170e-02 9.023270946060707757e-04 1.239556539727313007e-02
2.027416135030996741e-02 6.991920897175462821e-04 1.221767887324266312e-02
2.011763756741015083e-02 5.019125634977070205e-04 1.203943544046572577e-02
1.996232220414309588e-02 3.104036546744297419e-04 1.186093030197930831e-02
1.980820593107665561e-02 1.245803459906797404e-04 1.168225588745116020e-02
1.965527949080526568e-02 -5.564249045088805933e-05 1.150350189359025145e-02
1.950353369739386139e-02 -2.303500491784182163e-04 1.132475532463787446e-02
1.935295943582602402e-02 -3.996275486566467543e-04 1.114610053291699258e-02
1.920354766145658185e-02 -5.635601898880342837e-04 1.096761925941861469e-02
1.905528939946825318e-02 -7.222331162898291881e-04 1.078939067440367640e-02
1.890817574433252893e-02 -8.757313748270824936e-04 1.061149141800040406e-02
1.876219785927479844e-02 -1.024139878381750881e-03 1.043399564077748636e-02
1.861734697574349978e-02 -1.167543369338265536e-03 1.025697504427378927e-02
1.847361439288344037e-02 -1.306026384365717267e-03 1.008049892146640515e-02
1.833099147701311785e-02 -1.439673220376930501e-03 9.904634197158933978e-03
1.818946966110617652e-02 -1.568567901644617353e-03 9.729445468273091938e-03
1.804904044427673576e-02 -1.692794148055163901e-03 9.554995044026615841e-03
1.790969539126883656e-02 -1.812435344480135000e-03 9.381342985981769300e-03
1.777142613194966289e-02 -1.927574511246261512e-03 9.208547147948539791e-03
1.763422436080686745e-02 -2.038294275684066244e-03 9.036663215728043402e-03
1.749808183644960616e-02 -2.144676844736030999e-03 8.865744746681260280e-03
1.736299038111353832e-02 -2.246803978604799967e-03 8.695843209109604607e-03
1.722894188016958067e-02 -2.344756965422155771e-03 8.527008021433741050e-03
1.709592828163649172e-02 -2.438616596919732614e-03 8.359286591157965088e-03
1.696394159569722740e-02 -2.528463145082307604e-03 8.192724353607815091e-03
1.683297389421893608e-02 -2.614376339764864967e-03 8.027364810428906650e-03
1.670301731027684991e-02 -2.696435347254400646e-03 7.863249567836055193e-03
1.657406403768166281e-02 -2.774718749758008519e-03 7.700418374601373031e-03
1.644610633051060700e-02 -2.849304525798565697e-03 7.538909159771141517e-03
1.631913650264225218e-02 -2.920270031499466214e-03 7.378758070101732597e-03
1.619314692729476382e-02 -2.987691982740337676e-03 7.219999507204683149e-03
1.606813003656779038e-02 -3.051646438165366709e-03 7.062666164392171313e-03
1.594407832098788599e-02 -3.112208783026331263e-03 6.906789063214179535e-03
1.582098432905743729e-02 -3.169453713842420532e-03 6.752397589679139112e-03
1.569884066680701795e-02 -3.223455223859198610e-03 6.599519530150210062e-03
1.557763999735133596e-02 -3.274286589289044161e-03 6.448181106910037125e-03
1.545737504044846465e-02 -3.322020356315814708e-03 6.298407013386631004e-03
1.533803857206256401e-02 -3.366728328846404356e-03 6.150220449034073458e-03
1.521962342392989970e-02 -3.408481556992225010e-03 6.003643153861567931e-03
1.510212248312833502e-02 -3.447350326263626859e-03 5.858695442605236885e-03
1.498552869165002688e-02 -3.483404147460684129e-03 5.715396238536862329e-03
1.486983504597748189e-02 -3.516711747243700132e-03 5.573763106904559665e-03
1.475503459666287730e-02 -3.547341059367145177e-03 5.433812288000577050e-03
1.464112044791057894e-02 -3.575359216560886153e-03 5.295558729851577301e-03
1.452808575716300031e-02 -3.600832543042643830e-03 5.159016120527502684e-03
1.441592373468953726e-02 -3.623826547645974706e-03 5.024196920064828015e-03
1.430462764317873628e-02 -3.644405917548149305e-03 4.891112392000919983e-03
1.419419079733361296e-02 -3.662634512582487855e-03 4.759772634516154684e-03
1.408460656347002883e-02 -3.678575360119979744e-03 4.630186611180759325e-03
1.397586835911830173e-02 -3.692290650505128044e-03 4.502362181303959029e-03
1.386796965262775821e-02 -3.703841733031224080e-03 4.376306129882701762e-03
1.376090396277441716e-02 -3.713289112440403168e-03 4.252024197148095673e-03
1.365466485837163110e-02 -3.720692445934034327e-03 4.129521107707498015e-03
1.354924595788385179e-02 -3.726110540679267343e-03 4.008800599280920758e-03
1.344464092904325975e-02 -3.729601351797619171e-03 3.889865451030026858e-03
1.334084348846940535e-02 -3.731221980821837654e-03 3.772717511478895780e-03
1.323784740129178850e-02 -3.731028674607381624e-03 3.657357726025512248e-03
1.313564648077535091e-02 -3.729076824685068937e-03 3.543786164043388840e-03
1.303423458794881161e-02 -3.725420967041689468e-03 3.432002045572766450e-03
1.293360563123597748e-02 -3.720114782315540533e-03 3.322003767601390458e-03
1.283375356608980507e-02 -3.713211096394048241e-03 3.213788929934557285e-03
1.273467239462928134e-02 -3.704761881400863745e-03 3.107354360654746191e-03
1.263635616527922050e-02 -3.694818257060009017e-03 3.002696141171319871e-03
1.253879897241271142e-02 -3.683430492424828468e-03 2.899809630860582244e-03
1.244199495599639972e-02 -3.670648007959747758e-03 2.798689491297155774e-03
1.234593830123848629e-02 -3.656519377963004212e-03 2.699329710077493210e-03
1.225062323823944248e-02 -3.641092333318730542e-03 2.601723624236617054e-03
1.215604404164544530e-02 -3.624413764566972607e-03 2.505863943259352671e-03
1.206219503030441474e-02 -3.606529725280400653e-03 2.411742771687386874e-03
1.196907056692483699e-02 -3.587485435736731485e-03 2.319351631323873699e-03
1.187666505773710135e-02 -3.567325286875970558e-03 2.228681483037066226e-03
1.178497295215747212e-02 -3.546092844531889120e-03 2.139722748164943344e-03
1.169398874245473723e-02 -3.523830853927307702e-03 2.052465329522878881e-03
1.160370696341933051e-02 -3.500581244422894256e-03 1.966898632016276464e-03
1.151412219203506136e-02 -3.476385134509467172e-03 1.883011582860547126e-03
1.142522904715336310e-02 -3.451282837033956864e-03 1.800792651410750055e-03
1.133702218917006198e-02 -3.425313864649325371e-03 1.720229868603342883e-03
1.124949631970465456e-02 -3.398516935478996213e-03 1.641310846012658357e-03
1.116264618128199812e-02 -3.370929978986502047e-03 1.564022794524733747e-03
1.107646655701656664e-02 -3.342590142041241066e-03 1.488352542631406683e-03
1.099095227029906439e-02 -3.313533795171472087e-03 1.414286554347415903e-03
1.090609818448543683e-02 -3.283796538995720736e-03 1.341810946753544840e-03
1.082189920258839512e-02 -3.253413210824204586e-03 1.270911507168968934e-03
1.073835026697120103e-02 -3.222417891421745870e-03 1.201573709955782799e-03
1.065544635904388908e-02 -3.190843911924129590e-03 1.133782732959079777e-03
1.057318249896179937e-02 -3.158723860899795028e-03 1.067523473585827148e-03
1.049155374532645749e-02 -3.126089591549109908e-03 1.002780564525939007e-03
1.041055519488876327e-02 -3.092972229033518969e-03 9.395383891189862348e-04
1.033018198225442615e-02 -3.059402177927103735e-03 8.777810963700244861e-04
1.025042927959177175e-02 -3.025409129783275444e-03 8.174926156182183616e-04
1.017129229634170830e-02 -2.991022070809391635e-03 7.586566708617455178e-04
1.009276627892995506e-02 -2.956269289642383079e-03 7.012567947427445240e-04
1.001484651048154678e-02 -2.921178385218577925e-03 6.452763421960854527e-04
9.937528310537478704e-03 -2.885776274731040921e-03 5.906985037656213014e-04
9.860807034773558244e-03 -2.850089201667991429e-03 5.375063185918439734e-04
9.784678074721444088e-03 -2.814142743925967215e-03 4.856826870747663061e-04
9.709136857491817291e-03 -2.777961821991555783e-03 4.352103832159354407e-04
9.634178845499708627e-03 -2.741570707185721906e-03 3.860720666435224057e-04
9.559799536191907615e-03 -2.704993029964828082e-03 3.382502943244135914e-04
9.485994461776546885e-03 -2.668251788272738706e-03 2.917275319673874384e-04
9.412759188954714432e-03 -2.631369355938363574e-03 2.464861651212840211e-04
9.340089318654128461e-03 -2.594367491113283054e-03 2.025085099722643753e-04
9.267980485764942475e-03 -2.557267344744253330e-03 1.597768238442658746e-04
9.196428358877520998e-03 -2.520089469075394075e-03 1.182733154066373965e-04
9.125428640022237997e-03 -2.482853826175144499e-03 7.798015459310040135e-05
9.054977064411355234e-03 -2.445579796483191709e-03 3.887948223618035504e-05
8.985069400182814012e-03 -2.408286187372612151e-03 9.534194211372021727e-07
8.915701448146047883e-03 -2.370991241722755338e-03 -3.581592343641002948e-05
8.846869041529738242e-03 -2.333712646498387749e-03 -7.144643778506231811e-05
8.778568045731540564e-03 -2.296467541330887620e-03 -1.059560084002850655e-04
8.710794358069724047e-03 -2.259272527097263943e-03 -1.393625051109785682e-04
8.643543907536707302e-03 -2.222143674493033249e-03 -1.716837747858634532e-04
8.576812654554564694e-03 -2.185096532595051048e-03 -2.029376335754908304e-04
8.510596590732355873e-03 -2.148146137410500596e-03 -2.331418594058284259e-04
8.444891738625349628e-03 -2.111307020408407370e-03 -2.623141847192415129e-04
8.379694151496114296e-03 -2.074593217030153841e-03 -2.904722894587810612e-04
8.314999913077440047e-03 -2.038018275175580620e-03 -3.176337942916711721e-04
8.250805137337112113e-03 -2.001595263661381033e-03 -3.438162540679024480e-04
8.187105968244460380e-03 -1.965336780648593330e-03 -3.690371515098671631e-04
8.123898579538752981e-03 -1.929254962036159758e-03 -3.933138911289453814e-04
8.061179174499373198e-03 -1.893361489817568322e-03 -4.166637933650120919e-04
7.998943985717738014e-03 -1.857667600397723204e-03 -4.391040889448479087e-04
7.937189274871012112e-03 -1.822184092867325505e-03 -4.606519134554183117e-04
7.875911332497553125e-03 -1.786921337232111502e-03 -4.813243021280413231e-04
7.815106477774070790e-03 -1.751889282594399884e-03 -5.011381848294882337e-04
7.754771058294569405e-03 -1.717097465284570315e-03 -5.201103812560371091e-04
7.694901449850927860e-03 -1.682555016940051867e-03 -5.382575963266006142e-04
7.635494056215209185e-03 -1.648270672529654436e-03 -5.555964157710034526e-04
7.576545308923643245e-03 -1.614252778321056958e-03 -5.721433019095454328e-04
7.518051667062277364e-03 -1.580509299789423011e-03 -5.879145896200127898e-04
7.460009617054288826e-03 -1.547047829465173375e-03 -6.029264824883167088e-04
7.402415672448906317e-03 -1.513875594719029044e-03 -6.171950491389868948e-04
7.345266373712026203e-03 -1.480999465482592996e-03 -6.307362197417385992e-04
7.288558288018378781e-03 -1.448425961902695229e-03 -6.435657826904251895e-04
7.232288009045334705e-03 -1.416161261927948931e-03 -6.556993814506578830e-04
7.176452156768296960e-03 -1.384211208825960205e-03 -6.671525115724451704e-04
7.121047377257676628e-03 -1.352581318629734195e-03 -6.779405178642179024e-04
7.066070342477388279e-03 -1.321276787511886782e-03 -6.880785917246724694e-04
7.011517750085010693e-03 -1.290302499085448215e-03 -6.975817686288284056e-04
6.957386323233377863e-03 -1.259663031629901014e-03 -7.064649257648364985e-04
6.903672810373755533e-03 -1.229362665241408087e-03 -7.147427798180104944e-04
6.850373985060531287e-03 -1.199405388906108014e-03 -7.224298848986526354e-04
6.797486645757406035e-03 -1.169794907495478545e-03 -7.295406306102546461e-04
6.745007615645092977e-03 -1.140534648682820038e-03 -7.360892402547050120e-04
6.692933742430471136e-03 -1.111627769779984995e-03 -7.420897691711699287e-04
6.641261898157267175e-03 -1.083077164493564384e-03 -7.475561032053340592e-04
6.589988979018143213e-03 -1.054885469599743620e-03 -7.525019573057684400e-04
6.539111905168267826e-03 -1.027055071537178550e-03 -7.569408742441852914e-04
6.488627620540312127e-03 -9.995881129172480735e-04 -7.608862234564133182e-04
6.438533092660880461e-03 -9.724864989511234183e-04 -7.643512000009436771e-04
6.388825312468364437e-03 -9.457519037931445913e-04 -7.673488236319582620e-04
6.339501294132170867e-03 -9.193857768000313025e-04 -7.698919379837755898e-04
6.290558074873404265e-03 -8.933893487055756663e-04 -7.719932098636921860e-04
6.241992714786876416e-03 -8.677636377104033837e-04 -7.736651286502502700e-04
6.193802296664527134e-03 -8.425094554865631465e-04 -7.749200057939930122e-04
6.145983925820167754e-03 -8.176274130966512026e-04 -7.757699744178072308e-04
6.098534729915647094e-03 -7.931179268273293777e-04 -7.762269890140029421e-04
6.051451858788269890e-03 -7.689812239370062696e-04 -7.763028252353208151e-04
6.004732484279633360e-03 -7.452173483176603632e-04 -7.760090797770880693e-04
5.958373800065724056e-03 -7.218261660706716022e-04 -7.753571703478010337e-04
5.912373021488356514e-03 -6.988073709966820170e-04 -7.743583357254399087e-04
5.866727385387900812e-03 -6.761604899994945158e-04 -7.730236358968737469e-04
5.821434149937310294e-03 -6.538848884040733729e-04 -7.713639522777458691e-04
5.776490594477428665e-03 -6.319797751887491983e-04 -7.693899880102800237e-04
5.731894019353546074e-03 -6.104442081317503583e-04 -7.671122683364806636e-04
5.687641745753270993e-03 -5.892770988722808353e-04 -7.645411410442536256e-04
5.643731115545595582e-03 -5.684772178862936010e-04 -7.616867769839952892e-04
5.600159491121235213e-03 -5.480431993772520239e-04 -7.585591706532641022e-04
5.556924255234192700e-03 -5.279735460821347471e-04 -7.551681408471696113e-04
5.514022810844548990e-03 -5.082666339929991063e-04 -7.515233313721628172e-04
5.471452580962464680e-03 -4.889207169944458043e-04 -7.476342118209557998e-04
5.429211008493371564e-03 -4.699339314173368279e-04 -7.435100784063278321e-04
5.387295556084406231e-03 -4.513043005092067937e-04 -7.391600548516354856e-04
5.345703705971957369e-03 -4.330297388217283828e-04 -7.345930933358539843e-04
5.304432959830465526e-03 -4.151080565157545029e-04 -7.298179754910551296e-04
5.263480838622333104e-03 -3.975369635843570369e-04 -7.248433134502289604e-04
5.222844882449025235e-03 -3.803140739943982598e-04 -7.196775509434285211e-04
5.182522650403291291e-03 -3.634369097471375622e-04 -7.143289644402261085e-04
5.142511720422569474e-03 -3.469029048584490807e-04 -7.088056643365427687e-04
5.102809689143486885e-03 -3.307094092591836656e-04 -7.031155961839146611e-04
5.063414171757493233e-03 -3.148536926162921485e-04 -6.972665419593271222e-04
5.024322801867616914e-03 -2.993329480753060602e-04 -6.912661213737738295e-04
4.985533231346313959e-03 -2.841442959248051230e-04 -6.851217932177318566e-04
4.947043130194433286e-03 -2.692847871835232863e-04 -6.788408567417953451e-04
4.908850186401237520e-03 -2.547514071107387845e-04 -6.724304530707294909e-04
4.870952105805551394e-03 -2.405410786406564187e-04 -6.658975666492624899e-04
4.833346611957943170e-03 -2.266506657414435065e-04 -6.592490267179550948e-04
4.796031445983983330e-03 -2.130769766996484359e-04 -6.524915088175253829e-04
4.759004366448562305e-03 -1.998167673307179671e-04 -6.456315363200587024e-04
4.722263149221252523e-03 -1.868667441163502393e-04 -6.386754819855405699e-04
4.685805587342717349e-03 -1.742235672694314496e-04 -6.316295695422143681e-04
4.649629490892110556e-03 -1.618838537272994751e-04 -6.244998752892703562e-04
4.613732686855585158e-03 -1.498441800741484337e-04 -6.172923297204502410e-04
4.578113018995729443e-03 -1.381010853932946333e-04 -6.100127191671271629e-04
4.542768347722056857e-03 -1.266510740501377707e-04 -6.026666874595119168e-04
4.507696549962485547e-03 -1.154906184065977606e-04 -5.952597376046302614e-04
4.472895519035811895e-03 -1.046161614678378686e-04 -5.877972334797723370e-04
4.438363164525157244e-03 -9.402411946208122492e-05 -5.802844015401298437e-04
4.404097412152419011e-03 -8.371088435435769851e-05 -5.727263325393912785e-04
4.370096203653659438e-03 -7.367282629498597463e-05 -5.651279832620671566e-04
4.336357496655476179e-03 -6.390629600364010452e-05 -5.574941782663800230e-04
4.302879264552321795e-03 -5.440762708983169755e-05 -5.498296116365636050e-04
4.269659496384766925e-03 -4.517313831065161039e-05 -5.421388487434547010e-04
4.236696196718713232e-03 -3.619913576661660772e-05 -5.344263280122898106e-04
4.203987385525517068e-03 -2.748191503646742767e-05 -5.266963626966464796e-04
4.171531098063076780e-03 -1.901776325178410268e-05 -5.189531426575119460e-04
4.139325384757797793e-03 -1.080296111225391350e-05 -5.112007361464598280e-04
4.107368311087491834e-03 -2.833784842466022859e-06 -5.034430915919814063e-04
4.075657957465179081e-03 4.893491908916379223e-06 -4.956840393880234752e-04
4.044192419123768950e-03 1.238259622674697412e-05 -4.879272936838108645e-04
4.012969806001656821e-03 1.963725414288473766e-05 -4.801764541740791148e-04
3.981988242629196789e-03 2.666118890471995534e-05 -4.724350078888488072e-04
3.951245868016034848e-03 3.345811929788527469e-05 -4.647063309819025358e-04
3.920740835539331115e-03 4.003175802228305525e-05 -4.569936905171693704e-04
3.890471312832834237e-03 4.638581012057100617e-05 -4.493002462522233901e-04
3.860435481676814488e-03 5.252397145825368909e-05 -4.416290524181442842e-04
3.830631537888855558e-03 5.844992725451790137e-05 -4.339830594950099202e-04
3.801057691215462084e-03 6.416735066296529644e-05 -4.263651159823028647e-04
3.771712165224549301e-03 6.967990140138054776e-05 -4.187779701635651036e-04
3.742593197198719381e-03 7.499122442969858107e-05 -4.112242718646215455e-04
3.713699038029383021e-03 8.010494867531602872e-05 -4.037065742047479724e-04
3.685027952111697216e-03 8.502468580491069497e-05 -3.962273353401658729e-04
3.656578217240308380e-03 8.975402904192613957e-05 -3.887889201992705606e-04
3.628348124505907744e-03 9.429655202888963391e-05 -3.813936022090278150e-04
3.600335978192569127e-03 9.865580773373585049e-05 -3.740435650119830653e-04
3.572540095675910254e-03 1.028353273993007859e-04 -3.667409041733678526e-04
3.544958807322009988e-03 1.068386195351779836e-04 -3.594876288777862404e-04
3.517590456387110522e-03 1.106691689511140789e-04 -3.522856636149974594e-04
3.490433398918117974e-03 1.143304358311290648e-04 -3.451368498543417500e-04
3.463486003653844583e-03 1.178258548475658127e-04 -3.380429477073432524e-04
3.436746651927013313e-03 1.211588343142637068e-04 -3.310056375780761023e-04
3.410213737567048282e-03 1.243327553780596375e-04 -3.240265218008887295e-04
3.383885666803581205e-03 1.273509712478368818e-04 -3.171071262650828736e-04
3.357760858170721549e-03 1.302168064603332481e-04 -3.102489020261899630e-04
3.331837742412063069e-03 1.329335561819381339e-04 -3.034532269034821380e-04
3.306114762386418507e-03 1.355044855457077210e-04 -2.967214070633870200e-04
3.280590372974292405e-03 1.379328290228379881e-04 -2.900546785884837832e-04
3.255263040985056054e-03 1.402217898278421788e-04 -2.834542090317755995e-04
3.230131245064868806e-03 1.423745393566802652e-04 -2.769210989559609524e-04
3.205193475605284600e-03 1.443942166571086222e-04 -2.704563834574219843e-04
3.180448234652574063e-03 1.462839279305082926e-04 -2.640610336746798030e-04
3.155894035817747873e-03 1.480467460644728538e-04 -2.577359582810782260e-04
3.131529404187273578e-03 1.496857101954339160e-04 -2.514820049614686567e-04
3.107352876234471123e-03 1.512038253006174604e-04 -2.452999618726818564e-04
3.083362999731621354e-03 1.526040618186247952e-04 -2.391905590876017003e-04
3.059558333662712459e-03 1.538893552979484142e-04 -2.331544700226389035e-04
3.035937448136898954e-03 1.550626060727316612e-04 -2.271923128484575646e-04
3.012498924302602944e-03 1.561266789650970111e-04 -2.213046518837780174e-04
2.989241354262291497e-03 1.570844030133717684e-04 -2.154919989721269986e-04
2.966163340987895431e-03 1.579385712255483261e-04 -2.097548148413929119e-04
2.943263498236911146e-03 1.586919403573257552e-04 -2.040935104460805038e-04
2.920540450469120888e-03 1.593472307140881108e-04 -1.985084482921425746e-04
2.897992832763968737e-03 1.599071259761807257e-04 -1.929999437443048586e-04
2.875619290738575407e-03 1.603742730468572526e-04 -1.875682663157943859e-04
2.853418480466381017e-03 1.607512819222766678e-04 -1.822136409403988979e-04
2.831389068396423635e-03 1.610407255829374997e-04 -1.769362492267955746e-04
2.809529731273222811e-03 1.612451399059487700e-04 -1.717362306950924748e-04
2.787839156057313195e-03 1.613670235975399260e-04 -1.666136839955493262e-04
2.766316039846361020e-03 1.614088381452261122e-04 -1.615686681094330749e-04
2.744959089796904662e-03 1.613730077890497886e-04 -1.566012035319935055e-04
2.723767023046697131e-03 1.612619195113306023e-04 -1.517112734375417992e-04
2.702738566637647062e-03 1.610779230443632772e-04 -1.468988248266270182e-04
2.681872457439360338e-03 1.608233308955114729e-04 -1.421637696553153111e-04
2.661167442073247239e-03 1.605004183891543747e-04 -1.375059859465767201e-04
2.640622276837262337e-03 1.601114237249528019e-04 -1.329253188838162359e-04
2.620235727631183009e-03 1.596585480519077248e-04 -1.284215818865556047e-04
2.600006569882479940e-03 1.591439555576944849e-04 -1.239945576683160319e-04
2.579933588472762673e-03 1.585697735727636048e-04 -1.196439992767395406e-04
2.560015577664792423e-03 1.579380926887090483e-04 -1.153696311159999141e-04
2.540251341030046531e-03 1.572509668904107814e-04 -1.111711499515565801e-04
2.520639691376864912e-03 1.565104137014698682e-04 -1.070482258973225447e-04
2.501179450679130809e-03 1.557184143424611953e-04 -1.030005033853066877e-04
2.481869450005510114e-03 1.548769139015363969e-04 -9.902760211781242263e-05
2.462708529449237575e-03 1.539878215169201525e-04 -9.512911800227309039e-05
2.443695538058442054e-03 1.530530105708506996e-04 -9.130462406881092942e-05
2.424829333767016936e-03 1.520743188945226400e-04 -8.755367137061455891e-05
2.406108783326007042e-03 1.510535489835986033e-04 -8.387578986722869019e-05
2.387532762235551522e-03 1.499924682238667659e-04 -8.027048929086817307e-05
2.369100154677328523e-03 1.488928091266255335e-04 -7.673725999585460575e-05
2.350809853447534143e-03 1.477562695733890014e-04 -7.327557379129582768e-05
2.332660759890374438e-03 1.465845130695111705e-04 -6.988488475712288195e-05
2.314651783832068731e-03 1.453791690063373047e-04 -6.656463004360552551e-05
2.296781843515368141e-03 1.441418329314977551e-04 -6.331423065447518530e-05
2.279049865534580211e-03 1.428740668269688459e-04 -6.013309221378310642e-05
2.261454784771087505e-03 1.415773993945295100e-04 -5.702060571662597853e-05
2.243995544329368836e-03 1.402533263482554267e-04 -5.397614826387886873e-05
2.226671095473515757e-03 1.389033107136955307e-04 -5.099908378107468595e-05
2.209480397564235216e-03 1.375287831333863071e-04 -4.808876372157363724e-05
2.192422417996344429e-03 1.361311421783655451e-04 -4.524452775417046614e-05
2.175496132136737169e-03 1.347117546653539761e-04 -4.246570443528678243e-05
2.158700523262846623e-03 1.332719559792835734e-04 -3.975161186590544859e-05
2.142034582501565771e-03 1.318130504008544358e-04 -3.710155833339629725e-05
2.125497308768650468e-03 1.303363114388131274e-04 -3.451484293839473936e-05
2.109087708708583947e-03 1.288429821666506596e-04 -3.199075620689110252e-05
2.092804796634910140e-03 1.273342755634254285e-04 -2.952858068769307920e-05
2.076647594471027567e-03 1.258113748584248511e-04 -2.712759153542504664e-05
2.060615131691429479e-03 1.242754338793833747e-04 -2.478705707922825428e-05
2.044706445263420620e-03 1.227275774039867306e-04 -2.250623937733346394e-05
2.028920579589261163e-03 1.211689015143919084e-04 -2.028439475766948940e-05
2.013256586448763409e-03 1.196004739545057486e-04 -1.812077434468089453e-05
1.997713524942344721e-03 1.180233344897681772e-04 -1.601462457252830857e-05
1.982290461434502854e-03 1.164384952691923828e-04 -1.396518768483996227e-05
1.966986469497731052e-03 1.148469411894221799e-04 -1.197170222119078188e-05
1.951800629856880690e-03 1.132496302605744967e-04 -1.003340349048587430e-05
1.936732030333933102e-03 1.116474939736353218e-04 -8.149524031419822667e-06
1.921779765793211591e-03 1.100414376691919842e-04 -6.319294060191902778e-06
1.906942938087010427e-03 1.084323409072835982e-04 -4.541941905652990775e-06
1.892220656001645379e-03 1.068210578381618715e-04 -2.816694432062088986e-06
1.877612035203923184e-03 1.052084175737588143e-04 -1.142777449630899286e-06
1.863116198188014125e-03 1.035952245596627214e-04 4.805838869662378996e-07
1.848732274222752211e-03 1.019822589474136151e-04 2.054164691935368837e-06
1.834459399299326549e-03 1.003702769669289409e-04 3.578739973383863246e-06
1.820296716079383616e-03 9.876001129888142317e-05 5.055084269837390007e-06
1.806243373843528311e-03 9.715217144685369701e-05 6.483971298075109749e-06
1.792298528440224199e-03 9.554744410910016080e-05 7.866173612104095857e-06
1.778461342235088637e-03 9.394649354975257880e-05 9.202462273094089509e-06
1.764730984060572556e-03 9.234996196930977150e-05 1.049360653009504511e-05
1.751106629166038165e-03 9.075846987425938855e-05 1.174037351135791336e-05
1.737587459168221096e-03 8.917261644568263241e-05 1.294352792608199503e-05
1.724172662002067041e-03 8.759297990669728633e-05 1.410383177641222260e-05
1.710861431871954583e-03 8.602011788860265424e-05 1.522204407950861070e-05
1.697652969203294459e-03 8.445456779559180882e-05 1.629892059951244964e-05
1.684546480594494846e-03 8.289684716790132800e-05 1.733521358923459225e-05
1.671541178769312850e-03 8.134745404327714351e-05 1.833167154138938546e-05
1.658636282529558567e-03 7.980686731663324130e-05 1.928903894920310668e-05
1.645831016708171248e-03 7.827554709779082265e-05 2.020805607622209630e-05
1.633124612122658238e-03 7.675393506718622600e-05 2.108945873514947016e-05
1.620516305528890179e-03 7.524245482944127658e-05 2.193397807553929292e-05
1.608005339575257261e-03 7.374151226469435178e-05 2.274234038017814826e-05
1.595590962757171541e-03 7.225149587759325631e-05 2.351526686998604458e-05
1.583272429371932691e-03 7.077277714385826464e-05 2.425347351726709355e-05
1.571048999473931805e-03 6.930571085432278068e-05 2.495767086714579662e-05
1.558919938830204089e-03 6.785063545636765673e-05 2.562856386702173830e-05
1.546884518876326560e-03 6.640787339266673178e-05 2.626685170387942927e-05
1.534942016672657039e-03 6.497773143716532309e-05 2.687322764929016413e-05
1.523091714860897979e-03 6.356050102821557391e-05 2.744837891194522515e-05
1.511332901621022630e-03 6.215645859880242587e-05 2.799298649755829291e-05
1.499664870628507167e-03 6.076586590378672088e-05 2.850772507598120322e-05
1.488086921011905640e-03 5.938897034410553022e-05 2.899326285537345209e-05
1.476598357310751055e-03 5.802600528786844677e-05 2.945026146327079430e-05
1.465198489433779767e-03 5.667719038829197769e-05 2.987937583439813510e-05
1.453886632617481123e-03 5.534273189841893895e-05 3.028125410507422882e-05
1.442662107384959803e-03 5.402282298257038293e-05 3.065653751405678236e-05
1.431524239505129695e-03 5.271764402448584404e-05 3.100586030967810304e-05
1.420472359952208111e-03 5.142736293210273382e-05 3.132984966312352761e-05
1.409505804865531344e-03 5.015213543893687060e-05 3.162912558770598404e-05
1.398623915509677497e-03 4.889210540202339818e-05 3.190430086399186700e-05
1.387826038234897877e-03 4.764740509638253828e-05 3.215598097063487523e-05
1.377111524437855212e-03 4.641815550597760346e-05 3.238476402077663082e-05
1.366479730522658295e-03 4.520446661113274435e-05 3.259124070387392681e-05
1.355930017862210608e-03 4.400643767238555546e-05 3.277599423281457076e-05
1.345461752759843661e-03 4.282415751074582872e-05 3.293960029618546540e-05
1.335074306411255639e-03 4.165770478433974630e-05 3.308262701555822108e-05
1.324767054866735202e-03 4.050714826141748318e-05 3.320563490765923460e-05
1.314539378993691450e-03 3.937254708970809879e-05 3.330917685129304579e-05
1.304390664439453000e-03 3.825395106210247969e-05 3.339379805888977580e-05
1.294320301594375621e-03 3.715140087865467745e-05 3.346003605254846712e-05
1.284327685555217884e-03 3.606492840488635410e-05 3.350842064445091036e-05
1.274412216088807812e-03 3.499455692638752535e-05 3.353947392152150487e-05
1.264573297595989040e-03 3.394030139970488028e-05 3.355371023421082136e-05
1.254810339075843441e-03 3.290216869951281229e-05 3.355163618928247936e-05
1.245122754090192399e-03 3.188015786206359011e-05 3.353375064648427391e-05
1.235509960728367173e-03 3.087426032491439898e-05 3.350054471898674204e-05
1.225971381572260729e-03 2.988446016293326094e-05 3.345250177747391185e-05
1.216506443661639339e-03 2.891073432058325842e-05 3.339009745777275182e-05
1.207114578459727618e-03 2.795305284049083453e-05 3.331379967190974941e-05
1.197795221819057242e-03 2.701137908830226605e-05 3.322406862248470104e-05
1.188547813947580644e-03 2.608566997383580065e-05 3.312135682025382175e-05
1.179371799375046213e-03 2.517587616853772506e-05 3.300610910481550957e-05
1.170266626919628291e-03 2.428194231925165462e-05 3.287876266829467417e-05
1.161231749654826045e-03 2.340380725831428833e-05 3.273974708192267820e-05
1.152266624876603467e-03 2.254140420998753983e-05 3.258948432541195199e-05
1.143370714070796957e-03 2.169466099324416429e-05 3.242838881902605010e-05
1.134543482880763596e-03 2.086350022091983773e-05 3.225686745824766626e-05
1.125784401075286597e-03 2.004783949524994709e-05 3.207531965094905478e-05
1.117092942516720137e-03 1.924759159980768983e-05 3.188413735697055300e-05
1.108468585129393329e-03 1.846266468786419106e-05 3.168370513001546107e-05
1.099910810868244678e-03 1.769296246718869708e-05 3.147440016177018566e-05
1.091419105687706139e-03 1.693838438131162034e-05 3.125659232816123780e-05
1.082992959510825680e-03 1.619882578727193683e-05 3.103064423766184709e-05
1.074631866198627519e-03 1.547417812987232088e-05 3.079691128156260819e-05
1.066335323519711524e-03 1.476432911246630347e-05 3.055574168612284537e-05
1.058102833120080086e-03 1.406916286430182143e-05 3.030747656651987902e-05
1.049933900493210453e-03 1.338856010444858117e-05 3.005244998251673910e-05
1.041828034950345854e-03 1.272239830233407692e-05 2.979098899576858571e-05
1.033784749591022548e-03 1.207055183491719658e-05 2.952341372869133975e-05
1.025803561273822386e-03 1.143289214052719767e-05 2.925003742481670379e-05
1.017883990587352188e-03 1.080928786939698988e-05 2.897116651055962067e-05
1.010025561821448203e-03 1.019960503092074977e-05 2.868710065832611426e-05
1.002227802938593718e-03 9.603707137665129238e-06 2.839813285089002283e-05
9.944902455455762770e-04 9.021455346167373237e-06 2.810454944697067268e-05
9.868124248653448345e-04 8.452708594548674934e-06 2.780663024794237075e-05
9.791938797090932785e-04 7.897323736977293371e-06 2.750464856561056585e-05
9.716341524485588507e-04 7.355155675012945781e-06 2.719887129098977536e-05
9.641327889885328503e-04 6.826057485865746872e-06 2.688955896402005162e-05
9.566893387395819992e-04 6.309880547602900461e-06 2.657696584416032048e-05
9.493033545909871892e-04 5.806474661337942959e-06 2.626133998179894742e-05
9.419743928838834575e-04 5.315688170435532332e-06 2.594292329042182900e-05
9.347020133846106228e-04 4.837368076767607806e-06 2.562195161948165471e-05
9.274857792582705696e-04 4.371360154055307299e-06 2.529865482791194390e-05
9.203252570424864118e-04 3.917509058332180708e-06 2.497325685823154602e-05
9.132200166213670037e-04 3.475658435564382417e-06 2.464597581118653237e-05
9.061696311996675834e-04 3.045651026463260452e-06 2.431702402087755637e-05
8.991736772771574985e-04 2.627328768527344488e-06 2.398660813032278867e-05
8.922317346231790772e-04 2.220532895348973086e-06 2.365492916740673666e-05
8.853433862514054498e-04 1.825104033222770535e-06 2.332218262116775534e-05
8.785082183947942863e-04 1.440882295092485922e-06 2.298855851837756418e-05
8.717258204807314852e-04 1.067707371872684614e-06 2.265424150036754206e-05
8.649957851063704538e-04 7.054186211827372470e-07 2.231941090005826260e-05
8.583177080141619897e-04 3.538551535297895818e-07 2.198424081914930850e-05
8.516911880675689115e-04 1.285591597766546086e-08 2.164890020542796525e-05
8.451158272269718337e-04 -3.177402266608109647e-07 2.131355293015669907e-05
8.385912305257599069e-04 -6.380944130710417506e-07 2.097835786550038780e-05
8.321170060466054385e-04 -9.483677090862695271e-07 2.064346896195532713e-05
8.256927648979240199e-04 -1.248721033702218016e-06 2.030903532574360344e-05
8.193181211905109463e-04 -1.539315087419926127e-06 1.997520129613672914e-05
8.129926920143666115e-04 -1.820310282878934739e-06 1.964210652267485920e-05
8.067160974156929905e-04 -2.091866677744557597e-06 1.930988604224760251e-05
8.004879603740714007e-04 -2.354143909811576122e-06 1.897867035600441697e-05
7.943079067798154702e-04 -2.607301134287676627e-06 1.864858550606348872e-05
7.881755654114998549e-04 -2.851496963219661721e-06 1.831975315198879526e-05
7.820905679136622114e-04 -3.086889407025759379e-06 1.799229064700638424e-05
7.760525487746737635e-04 -3.313635818097438900e-06 1.766631111393144457e-05
7.700611453047887618e-04 -3.531892836433959828e-06 1.734192352077974604e-05
7.641159976143560312e-04 -3.741816337273767591e-06 1.701923275603651502e-05
7.582167485921992214e-04 -3.943561380686332916e-06 1.669833970355791476e-05
7.523630438841702028e-04 -4.137282163088226910e-06 1.637934131708132182e-05
7.465545318718617334e-04 -4.323131970648081729e-06 1.606233069432032933e-05
7.407908636514843811e-04 -4.501263134544542123e-06 1.574739715062246443e-05
7.350716930129130161e-04 -4.671826988041740895e-06 1.543462629216846434e-05
7.293966764188878011e-04 -4.834973825347416176e-06 1.512410008869172529e-05
7.237654729843797643e-04 -4.990852862218466994e-06 1.481589694569878622e-05
7.181777444561140153e-04 -5.139612198279349225e-06 1.451009177617155045e-05
7.126331551922523381e-04 -5.281398781018858847e-06 1.420675607173339805e-05
7.071313721422322349e-04 -5.416358371431035806e-06 1.390595797326164027e-05
7.016720648267586258e-04 -5.544635511266407948e-06 1.360776234092983100e-05
6.962549053179570941e-04 -5.666373491859675920e-06 1.331223082366462430e-05
6.908795682196729572e-04 -5.781714324500703969e-06 1.301942192800140962e-05
6.855457306479264623e-04 -5.890798712315587517e-06 1.272939108632522646e-05
6.802530722115176023e-04 -5.993766023625060548e-06 1.244219072448298908e-05
6.750012749927814188e-04 -6.090754266747680322e-06 1.215787032875441925e-05
6.697900235284912985e-04 -6.181900066215724973e-06 1.187647651216956250e-05
6.646190047909088542e-04 -6.267338640371856457e-06 1.159805308016124629e-05
6.594879081689815825e-04 -6.347203780314966375e-06 1.132264109554208533e-05
6.543964254496868879e-04 -6.421627830164046572e-06 1.105027894279567814e-05
6.493442507995164040e-04 -6.490741668609218622e-06 1.078100239167241169e-05
6.443310807461059223e-04 -6.554674691719249444e-06 1.051484466008123418e-05
6.393566141600070260e-04 -6.613554796975413084e-06 1.025183647626903250e-05
6.344205522365967435e-04 -6.667508368501828880e-06 9.992006140279823307e-06
6.295225984781324842e-04 -6.716660263462643421e-06 9.735379584687037371e-06
6.246624586759396813e-04 -6.761133799597007294e-06 9.481980434591824443e-06
6.198398408927403803e-04 -6.801050743862924693e-06 9.231830066881793349e-06
6.150544554451165945e-04 -6.836531302161477453e-06 8.984947668744557904e-06
6.103060148861099441e-04 -6.867694110113428229e-06 8.741350295431204645e-06
6.055942339879563869e-04 -6.894656224860293089e-06 8.501052927265255821e-06
6.009188297249504034e-04 -6.917533117862602268e-06 8.264068525892980527e-06
5.962795212564478507e-04 -6.936438668668249139e-06 8.030408089772111431e-06
5.916760299099945841e-04 -6.951485159624302577e-06 7.800080708895292626e-06
5.871080791645872429e-04 -6.962783271505953581e-06 7.573093618746213899e-06
5.825753946340639236e-04 -6.970442080036726046e-06 7.349452253486165588e-06
5.780777040506227893e-04 -6.974569053274289991e-06 7.129160298369334366e-06
5.736147372484640605e-04 -6.975270049836795743e-06 6.912219741385394067e-06
5.691862261475676404e-04 -6.972649317944841557e-06 6.698630924129206048e-06
5.647919047375860990e-04 -6.966809495254678429e-06 6.488392591896195920e-06
5.604315090618671108e-04 -6.957851609458523522e-06 6.281501943004089343e-06
5.561047772015984079e-04 -6.945875079628344902e-06 6.077954677340971311e-06
5.518114492600743794e-04 -6.930977718279713218e-06 5.877745044140342337e-06
5.475512673470856210e-04 -6.913255734132834344e-06 5.680865888984260788e-06
5.433239755634260105e-04 -6.892803735548129410e-06 5.487308700035694573e-06
5.391293199855244677e-04 -6.869714734614175051e-06 5.297063653502073528e-06
5.349670486501901211e-04 -6.844080151866105519e-06 5.110119658331586663e-06
5.308369115394781469e-04 -6.815989821613075534e-06 4.926464400144810238e-06
5.267386605656718341e-04 -6.785531997853591952e-06 4.746084384404092599e-06
5.226720495563804423e-04 -6.752793360758028854e-06 4.568964978823558716e-06
5.186368342397526358e-04 -6.717859023697922743e-06 4.395090455022869320e-06
5.146327722298016990e-04 -6.680812540801987538e-06 4.224444029427985524e-06
5.106596230118492542e-04 -6.641735915019329529e-06 4.057007903422897134e-06
5.067171479280753411e-04 -6.600709606670373721e-06 3.892763302755733270e-06
5.028051101631847214e-04 -6.557812542466738970e-06 3.731690516203742868e-06
4.989232747301794359e-04 -6.513122124981362791e-06 3.573768933501210835e-06
4.950714084562470464e-04 -6.466714242550731562e-06 3.418977082535173928e-06
4.912492799687510079e-04 -6.418663279591264937e-06 3.267292665813244812e-06
4.874566596813355345e-04 -6.369042127312421704e-06 3.118692596209009327e-06
4.836933197801334631e-04 -6.317922194809249284e-06 2.973153031989715384e-06
4.799590342100820499e-04 -6.265373420517600564e-06 2.830649411131826530e-06
4.762535786613446395e-04 -6.211464284015555956e-06 2.691156484929877292e-06
4.725767305558367421e-04 -6.156261818154815621e-06 2.554648350904295676e-06
4.689282690338568991e-04 -6.099831621506329891e-06 2.421098485014036505e-06
4.653079749408181630e-04 -6.042237871104600296e-06 2.290479773179924334e-06
4.617156308140868046e-04 -5.983543335475647690e-06 2.162764542125052328e-06
4.581510208699181102e-04 -5.923809387933640581e-06 2.037924589538197268e-06
4.546139309904950699e-04 -5.863096020131831566e-06 1.915931213566851585e-06
4.511041487110667588e-04 -5.801461855853559835e-06 1.796755241646317954e-06
4.476214632071863551e-04 -5.738964165029507187e-06 1.680367058671487460e-06
4.441656652820475510e-04 -5.675658877967616072e-06 1.566736634518058352e-06
4.407365473539170226e-04 -5.611600599782478804e-06 1.455833550919951943e-06
4.373339034436683282e-04 -5.546842625011329830e-06 1.347627027710070810e-06
4.339575291624062276e-04 -5.481436952403890662e-06 1.242085948431083435e-06
4.306072216991917796e-04 -5.415434299873928650e-06 1.139178885323722009e-06
4.272827798088589990e-04 -5.348884119600394988e-06 1.038874123699457956e-06
4.239840037999267615e-04 -5.281834613266482567e-06 9.411396857050136239e-07
4.207106955226026486e-04 -5.214332747425173785e-06 8.459433534859002948e-07
4.174626583568826908e-04 -5.146424268980172888e-06 7.532526917565364428e-07
4.142396972007393098e-04 -5.078153720771318130e-06 6.630350697841654139e-07
4.110416184584024480e-04 -5.009564457253962071e-06 5.752576827942351996e-07
4.078682300287307422e-04 -4.940698660262015865e-06 4.898875728046952577e-07
4.047193412936722504e-04 -4.871597354844622726e-06 4.068916488968063057e-07
4.015947631068151691e-04 -4.802300425166781543e-06 3.262367069300767494e-07
3.984943077820244728e-04 -4.732846630464337304e-06 2.478894487089135191e-07
3.954177890821704939e-04 -4.663273621044287773e-06 1.718165006087906590e-07
3.923650222079403901e-04 -4.593617954321276273e-06 9.798443166943959994e-08
3.893358237867382450e-04 -4.523915110881714681e-06 2.635977116290675202e-08
3.863300118616701706e-04 -4.454199510567006162e-06 -4.309097435585874769e-08
3.833474058806146277e-04 -4.384504528567753929e-06 -1.104013045081495586e-07
3.803878266853778561e-04 -4.314862511520928686e-06 -1.756047090526287177e-07
3.774510965009293738e-04 -4.245304793602271507e-06 -2.387346523407951912e-07
3.745370389247275724e-04 -4.175861712606657843e-06 -2.998245582588316275e-07
3.716454789161209907e-04 -4.106562626008889978e-06 -3.589077956484055981e-07
3.687762427858345894e-04 -4.037435926998118815e-06 -4.160176641984816691e-07
3.659291581855368528e-04 -3.968509060479082295e-06 -4.711873808005297776e-07
3.631040540974872304e-04 -3.899808539033525643e-06 -5.244500663594192032e-07
3.603007608242624537e-04 -3.831359958835534559e-06 -5.758387330523663923e-07
