1.000000000000000000e+00 4.045084971874738144e+00 0.000000000000000000e+00
9.922911893760835156e-01 4.062274695861653129e+00 6.287828515252623374e-02
9.846418045134024410e-01 4.076452012935132707e+00 1.262257020724402434e-01
9.770513873100171720e-01 4.087666180562941065e+00 1.899352875827787501e-01
9.695194831954093706e-01 4.095968727302075507e+00 2.539035029165762625e-01
9.620456411032586308e-01 4.101413288722961070e+00 3.180302481853138352e-01
9.546294134444293089e-01 4.104055447219982611e+00 3.822188702006370509e-01
9.472703560801656320e-01 4.103952575817934267e+00 4.463761639988950147e-01
9.399680282954937516e-01 4.101163686068449721e+00 5.104123684103897274e-01
9.327219927728276350e-01 4.095749280115635216e+00 5.742411560072409049e-01
9.255318155657799029e-01 4.087771206996292150e+00 6.377796177555289381e-01
9.183970660731736180e-01 4.077292523226851984e+00 7.009482426888981044e-01
9.113173170132550238e-01 4.064377357716752570e+00 7.636708929121366340e-01
9.042921443981042362e-01 4.049090781036269071e+00 8.258747742344345610e-01
8.973211275082438876e-01 4.031498679055830259e+00 8.874904027230748893e-01
8.904038488674436147e-01 4.011667630963549946e+00 9.484515674593047008e-01
8.835398942177181691e-01 3.989664791658023901e+00 1.008695289769032222e+00
8.767288524945184847e-01 3.965557778504511077e+00 1.068161779191906913e+00
8.699703158021147020e-01 3.939414562434180755e+00 1.126794386443212170e+00
8.632638793891673767e-01 3.911303363358329399e+00 1.184539553613900509e+00
8.566091416244887569e-01 3.881292549862305208e+00 1.241346761845076418e+00
8.500057039729899122e-01 3.849450543137184599e+00 1.297168476704198437e+00
8.434531709718132708e-01 3.815845725101090657e+00 1.351960091481391402e+00
8.369511502066497854e-01 3.780546350656527999e+00 1.405679868615436590e+00
8.304992522882376216e-01 3.743620464024838057e+00 1.458288879450282183e+00
8.240970908290433661e-01 3.705135819094307781e+00 1.509750942514364702e+00
8.177442824201217597e-01 3.665159803714202358e+00 1.560032560506548149e+00
8.114404466081545086e-01 3.623759367863208070e+00 1.609102856164248863e+00
8.051852058726660655e-01 3.581000955617291037e+00 1.656933507181090670e+00
7.989781856034144925e-01 3.536950440839094156e+00 1.703498680333538129e+00
7.928190140779572959e-01 3.491673066508203416e+00 1.748774964968115242e+00
7.867073224393902331e-01 3.445233387609386799e+00 1.792741305993188927e+00
7.806427446742565390e-01 3.397695217493838182e+00 1.835378936511878445e+00
7.746249175906282369e-01 3.349121577626905655e+00 1.876671310225402678e+00
7.686534807963552041e-01 3.299574650634208073e+00 1.916604033729094603e+00
7.627280766774818810e-01 3.249115736557125711e+00 1.955164798816503513e+00
7.568483503768311804e-01 3.197805212227603278e+00 1.992343314900289153e+00
7.510139497727524871e-01 3.145702493671719058e+00 2.028131241652205485e+00
7.452245254580348588e-01 3.092866001451013425e+00 2.062522121958164423e+00
7.394797307189808766e-01 3.039353128850364349e+00 2.095511315278351105e+00
7.337792215146434760e-01 2.985220212821305008e+00 2.127095931496484127e+00
7.281226564562222059e-01 2.930522507589740311e+00 2.157274765336660849e+00
7.225096967866181386e-01 2.875314160837519672e+00 2.186048231420774535e+00
7.169400063601468753e-01 2.819648192367743889e+00 2.213418300034238673e+00
7.114132516224069835e-01 2.763576475164416291e+00 2.239388433662660383e+00
7.059291015903051969e-01 2.707149718757837054e+00 2.263963524357284651e+00
7.004872278322340495e-01 2.650417454808059681e+00 2.287149831982297599e+00
6.950873044484030538e-01 2.593428024819778077e+00 2.308954923392632086e+00
6.897290080513217569e-01 2.536228569903185015e+00 2.329387612586583778e+00
6.844120177464323440e-01 2.478865022496517856e+00 2.348457901873435727e+00
6.791360151128924549e-01 2.421382099967430257e+00 2.366176924092346479e+00
6.739006841845059936e-01 2.363823300011633766e+00 2.382556885914980604e+00
6.687057114307998207e-01 2.306230897768775101e+00 2.397611012260749686e+00
6.635507857382484387e-01 2.248645944577078115e+00 2.411353491850137587e+00
6.584355983916413413e-01 2.191108268289762684e+00 2.423799423918264750e+00
6.533598430555950243e-01 2.133656475077999826e+00 2.434964766107771794e+00
6.483232157562076603e-01 2.076327952646773944e+00 2.444866283557136644e+00
6.433254148628545499e-01 2.019158874791702196e+00 2.453521499197724332e+00
6.383661410701242378e-01 1.962184207226682409e+00 2.460948645270226276e+00
6.334450973798942952e-01 1.905437714613913647e+00 2.467166616068611429e+00
6.285619890835443258e-01 1.848951968729650064e+00 2.472194921917343358e+00
6.237165237443069721e-01 1.792758357700828364e+00 2.476053644385375119e+00
6.189084111797547028e-01 1.736887096249508877e+00 2.478763392738291493e+00
6.141373634444208252e-01 1.681367236883857474e+00 2.480345261628003506e+00
6.094030948125565006e-01 1.626226681976231214e+00 2.480820790017520761e+00
6.047053217610178777e-01 1.571492196670664532e+00 2.480211921336545444e+00
6.000437629522876737e-01 1.517189422563934631e+00 2.478540964862036677e+00
5.954181392176263188e-01 1.463342892106078708e+00 2.475830558316296948e+00
5.908281735403528856e-01 1.409976043668066392e+00 2.472103631673757906e+00
5.862735910392558036e-01 1.357111237226066525e+00 2.467383372166274125e+00
5.817541189521306944e-01 1.304769770613472879e+00 2.461693190475485515e+00
5.772694866194453267e-01 1.252971896293601617e+00 2.455056688099732209e+00
5.728194254681305830e-01 1.201736838607636804e+00 2.447497625881846162e+00
5.684036689954961030e-01 1.151082811454106070e+00 2.439039893683264904e+00
5.640219527532704946e-01 1.101027036357797417e+00 2.429707481188971396e+00
5.596740143317640026e-01 1.051585760887651100e+00 2.419524449826955248e+00
5.553595933441533017e-01 1.002774277384772539e+00 2.408514905785174243e+00
5.510784314108878590e-01 9.546069419632597919e-01 2.396702974108300577e+00
5.468302721442164227e-01 9.070971937480812874e-01 2.384112773855934009e+00
5.426148611328319715e-01 8.602575743157491184e-01 2.370768394303455207e+00
5.384319459266362351e-01 8.140997473050068933e-01 2.356693872166192527e+00
5.342812760216208989e-01 7.686345181661752290e-01 2.341913169827140706e+00
5.301626028448657157e-01 7.238718540192488060e-01 2.326450154548155957e+00
5.260756797396520801e-01 6.798209035921475296e-01 2.310328578644198938e+00
5.220202619506909558e-01 6.364900172119426491e-01 2.293572060599927909e+00
5.179961066094658229e-01 5.938867668231210262e-01 2.276204067107789886e+00
5.140029727196874232e-01 5.520179660082739082e-01 2.258247896006515543e+00
5.100406211428610836e-01 5.108896899877926057e-01 2.239726660098826372e+00
5.061088145839661712e-01 4.705072955764025289e-01 2.220663271827099106e+00
5.022073175772434617e-01 4.308754410754999653e-01 2.201080428785608056e+00
4.983358964720954187e-01 3.919981060814248797e-01 2.181000600048053517e+00
4.944943194190923874e-01 3.538786111908774346e-01 2.160446013288983114e+00
4.906823563560881452e-01 3.165196375857875499e-01 2.139438642677854219e+00
4.868997789944419230e-01 2.799232464809470744e-01 2.118000197524515738e+00
4.831463608053470082e-01 2.440908984187636355e-01 2.096152111654987049e+00
4.794218770062641521e-01 2.090234723964024821e-01 2.073915533496556662e+00
4.757261045474602823e-01 1.747212848116031780e-01 2.051311316851375022e+00
4.720588220986504102e-01 1.411841082142775983e-01 2.028360012337860230e+00
4.684198100357427896e-01 1.084111898519487804e-01 2.005081859479462825e+00
4.648088504276863264e-01 7.640126999787263951e-02 1.981496779420524490e+00
4.612257270234189632e-01 4.515260005153953066e-02 1.957624368249191837e+00
4.576702252389172609e-01 1.466296040202104238e-02 1.933483890907609970e+00
4.541421321443452341e-01 -1.507032195462235449e-02 1.909094275669855234e+00
4.506412364513028290e-01 -4.405035605191807285e-02 1.884474109168351674e+00
4.471673285001721010e-01 -7.228066985090680907e-02 1.859641631949784601e+00
4.437202002475616469e-01 -9.976519340608858144e-02 1.834614734541846204e+00
4.402996452538469052e-01 -1.265082423054480765e-01 1.809410954012407480e+00
4.369054586708073784e-01 -1.525145013899650293e-01 1.784047471003060714e+00
4.335374372293587797e-01 -1.777890087574585387e-01 1.758541107219284916e+00
4.301953792273794930e-01 -2.023371400550331711e-01 1.732908323359792391e+00
4.268790845176317350e-01 -2.261645930638354896e-01 1.707165217467978113e+00
4.235883544957744773e-01 -2.492773725793605566e-01 1.681327523688701087e+00
4.203229920884701820e-01 -2.716817755899967324e-01 1.655410611413993260e+00
4.170828017415821876e-01 -2.933843767560684879e-01 1.629429484801605543e+00
4.138675894084638540e-01 -3.143920141911697996e-01 1.603398782650675924e+00
4.106771625383371371e-01 -3.347117755471474831e-01 1.577332778619134679e+00
4.075113300647617565e-01 -3.543509844037062151e-01 1.551245381767816900e+00
4.043699023941921822e-01 -3.733171869631989326e-01 1.525150137416599438e+00
4.012526913946237173e-01 -3.916181390508090554e-01 1.499060228298240371e+00
3.981595103843257877e-01 -4.092617934199861418e-01 1.472988475995937296e+00
3.950901741206616635e-01 -4.262562873626584703e-01 1.446947342650969803e+00
3.920444987889953325e-01 -4.426099306234329567e-01 1.420948932927159625e+00
3.890223019916826952e-01 -4.583311936167142053e-01 1.395004996219195492e+00
3.860234027371488019e-01 -4.734286959453669619e-01 1.369126929092245426e+00
3.830476214290482462e-01 -4.879111952193159185e-01 1.343325777940605592e+00
3.800947798555101009e-01 -5.017875761722032646e-01 1.317612241853471478e+00
3.771647011784646786e-01 -5.150668400740122665e-01 1.291996675676262862e+00
3.742572099230538907e-01 -5.277580944373313487e-01 1.266489093256264020e+00
3.713721319671217103e-01 -5.398705430147485718e-01 1.241099170861660772e+00
3.685092945307870127e-01 -5.514134760846500782e-01 1.215836250763399740e+00
3.656685261660961306e-01 -5.623962610225503589e-01 1.190709344969597128e+00
3.628496567467550116e-01 -5.728283331548917889e-01 1.165727139102545884e+00
3.600525174579412013e-01 -5.827191868921101081e-01 1.140897996408704040e+00
3.572769407861935420e-01 -5.920783671376176338e-01 1.116229961892308387e+00
3.545227605093805856e-01 -6.009154609692333171e-01 1.091730766563620003e+00
3.517898116867456682e-01 -6.092400895894563018e-01 1.067407831793047990e+00
3.490779306490293110e-01 -6.170619005408742863e-01 1.043268273762737675e+00
3.463869549886672283e-01 -6.243905601829172758e-01 1.019318908007461388e+00
3.437167235500645512e-01 -6.312357464260366369e-01 9.955662540369650815e-01
3.410670764199440486e-01 -6.376071417193546198e-01 9.720165400321661986e-01
3.384378549177698425e-01 -6.435144262877163790e-01 9.486757076079030959e-01
3.358289015862442328e-01 -6.489672716140419961e-01 9.255494166351861951e-01
3.332400601818779617e-01 -6.539753341627960737e-01 9.026430501161522013e-01
3.306711756656333101e-01 -6.585482493403618243e-01 8.799617191052064857e-01
3.281220941936391911e-01 -6.626956256880527363e-01 8.575102676700613324e-01
3.255926631079775202e-01 -6.664270393034543716e-01 8.352932778866347663e-01
3.230827309275414727e-01 -6.697520284857850781e-01 8.133150748620172621e-01
3.205921473389632959e-01 -6.726800886009005609e-01 7.915797317799362354e-01
3.181207631876124542e-01 -6.752206671615968991e-01 7.700910749633801400e-01
3.156684304686633857e-01 -6.773831591188118617e-01 7.488526889492775895e-01
3.132350023182315368e-01 -6.791769023593485777e-01 7.278679215703222072e-01
3.108203330045782309e-01 -6.806111734057278539e-01 7.071398890392643910e-01
3.084242779193832606e-01 -6.816951833137836481e-01 6.866714810311917994e-01
3.060466935690845380e-01 -6.824380737636285277e-01 6.664653657595122072e-01
3.036874375662846903e-01 -6.828489133396122845e-01 6.465239950415637704e-01
3.013463686212237702e-01 -6.829366939949395032e-01 6.268496093499555943e-01
2.990233465333178020e-01 -6.827103276965960088e-01 6.074442428459270182e-01
2.967182321827626645e-01 -6.821786432462956240e-01 5.883097283912074316e-01
2.944308875222025335e-01 -6.813503832731497845e-01 5.694477025350158650e-01
2.921611755684621614e-01 -6.802342013938201815e-01 5.508596104730125731e-01
2.899089603943441062e-01 -6.788386595359283682e-01 5.325467109752022310e-01
2.876741071204875766e-01 -6.771722254205391200e-01 5.145100812799063839e-01
2.854564819072914483e-01 -6.752432701995750852e-01 4.967506219511235166e-01
2.832559519468987319e-01 -6.730600662440457960e-01 4.792690616967117956e-01
2.810723854552428791e-01 -6.706307850790418357e-01 4.620659621449898502e-01
2.789056516641559291e-01 -6.679634954614575015e-01 4.451417225774977338e-01
2.767556208135369955e-01 -6.650661615964806872e-01 4.284965846157778868e-01
2.746221641435809824e-01 -6.619466414889147998e-01 4.121306368601929115e-01
2.725051538870679746e-01 -6.586126854254606977e-01 3.960438194789039912e-01
2.704044632617113586e-01 -6.550719345841307106e-01 3.802359287452724557e-01
2.683199664625650072e-01 -6.513319197670165428e-01 3.647066215220539087e-01
2.662515386544895279e-01 -6.474000602527003601e-01 3.494554196908877253e-01
2.641990559646756886e-01 -6.432836627646271177e-01 3.344817145256738788e-01
2.621623954752264618e-01 -6.389899205518475567e-01 3.197847710085603978e-01
2.601414352157955800e-01 -6.345259125785515097e-01 3.053637320873503480e-01
2.581360541562832678e-01 -6.298986028189190733e-01 2.912176228732469285e-01
2.561461321995873730e-01 -6.251148396538264151e-01 2.773453547779473616e-01
2.541715501744121197e-01 -6.201813553660459055e-01 2.637457295892033926e-01
2.522121898281302621e-01 -6.151047657305936944e-01 2.504174434840247265e-01
2.502679338197019709e-01 -6.098915696969812172e-01 2.373590909788288461e-01
2.483386657126470110e-01 -6.045481491601513158e-01 2.245691688158850952e-01
2.464242699680720683e-01 -5.990807688169567102e-01 2.120460797855132640e-01
2.445246319377513688e-01 -5.934955761051009526e-01 1.997881364835475126e-01
2.426396378572603096e-01 -5.877986012215011824e-01 1.877935650036638704e-01
2.407691748391631026e-01 -5.819957572171261528e-01 1.760605085642454326e-01
2.389131308662513220e-01 -5.760928401653798714e-01 1.645870310695023431e-01
2.370713947848363812e-01 -5.700955294012036711e-01 1.533711206046659004e-01
2.352438562980923298e-01 -5.640093878280976192e-01 1.424106928650989978e-01
2.334304059594505543e-01 -5.578398622903345538e-01 1.317035945192528146e-01
2.316309351660452154e-01 -5.515922840076998845e-01 1.212476065054454571e-01
2.298453361522094507e-01 -5.452718690701447990e-01 1.110404472624913347e-01
2.280735019830216204e-01 -5.388837189898041391e-01 1.010797758942670738e-01
2.263153265479011245e-01 -5.324328213078748373e-01 9.136319526834217608e-02
2.245707045542535141e-01 -5.259240502539328510e-01 8.188825504885610673e-02
2.228395315211652850e-01 -5.193621674552962864e-01 7.265245466386993645e-02
2.211217037731463275e-01 -5.127518226941211177e-01 6.365324620744954032e-02
2.194171184339213376e-01 -5.060975547099553218e-01 5.488803727679795325e-02
2.177256734202688560e-01 -4.994037920455484669e-01 4.635419374477584009e-02
2.160472674359072698e-01 -4.926748539337506561e-01 3.804904246819278135e-02
2.143817999654292483e-01 -4.859149512234140489e-01 2.996987393229291752e-02
2.127291712682813918e-01 -4.791281873422305049e-01 2.211394483187243201e-02
2.110892823727915646e-01 -4.723185592945284839e-01 1.447848058952111092e-02
2.094620350702412481e-01 -4.654899586920754895e-01 7.060677811486499970e-03
2.078473319089845783e-01 -4.586461728160031726e-01 -1.422933182921398926e-04
2.062450761886119310e-01 -4.517908857080091267e-01 -7.133286705427556613e-03
2.046551719541586656e-01 -4.449276792890542453e-01 -1.391517807301386085e-02
2.030775239903590546e-01 -4.380600345038132004e-01 -2.049086274963166435e-02
2.015120378159434844e-01 -4.311913324891856747e-01 -2.686325351680450557e-02
1.999586196779808422e-01 -4.243248557652354314e-01 -3.303527851524799830e-02
1.984171765462635628e-01 -4.174637894469522825e-01 -3.900987920925176600e-02
1.968876161077362241e-01 -4.106112224752990758e-01 -4.479000840850412557e-02
1.953698467609673306e-01 -4.037701488660383475e-01 -5.037862834665858547e-02
1.938637776106634236e-01 -3.969434689748833067e-01 -5.577870881592863345e-02
1.923693184622257413e-01 -3.901339907775631111e-01 -6.099322535697977027e-02
1.908863798163485670e-01 -3.833444311634329749e-01 -6.602515750337986655e-02
1.894148728636593504e-01 -3.765774172413067777e-01 -7.087748707985466745e-02
1.879547094794002116e-01 -3.698354876562285343e-01 -7.555319655358595787e-02
1.865058022181502462e-01 -3.631210939159401629e-01 -8.005526743778233756e-02
1.850680643085888810e-01 -3.564366017258514541e-01 -8.438667874674334046e-02
1.836414096482992253e-01 -3.497842923313423391e-01 -8.855040550163092994e-02
1.822257527986113901e-01 -3.431663638662830196e-01 -9.254941728615695418e-02
1.808210089794862752e-01 -3.365849327066894880e-01 -9.638667685138649355e-02
1.794270940644378809e-01 -3.300420348284617833e-01 -1.000651387688597377e-01
1.780439245754955324e-01 -3.235396271682059455e-01 -1.035877481312223874e-01
1.766714176782041568e-01 -3.170795889861562911e-01 -1.069574392995607942e-01
1.753094911766640007e-01 -3.106637232302729146e-01 -1.101771346966263637e-01
1.739580635086079574e-01 -3.042937579005997595e-01 -1.132497436451425921e-01
1.726170537405168348e-01 -2.979713474130218920e-01 -1.161781612503792194e-01
1.712863815627728159e-01 -2.916980739615828155e-01 -1.189652673261800964e-01
1.699659672848494729e-01 -2.854754488785581912e-01 -1.216139253636366463e-01
1.686557318305397790e-01 -2.793049139915167456e-01 -1.241269815415905198e-01
1.673555967332201189e-01 -2.731878429766214644e-01 -1.265072637781604337e-01
1.660654841311511865e-01 -2.671255427074652467e-01 -1.287575808224843965e-01
1.647853167628151594e-01 -2.611192545987575664e-01 -1.308807213858723117e-01
1.635150179622884836e-01 -2.551701559442073330e-01 -1.328794533115682519e-01
1.622545116546508792e-01 -2.492793612479813070e-01 -1.347565227823249723e-01
1.610037223514291516e-01 -2.434479235491361082e-01 -1.365146535649965354e-01
1.597625751460763632e-01 -2.376768357384552166e-01 -1.381565462913603992e-01
1.585309957094860334e-01 -2.319670318671479270e-01 -1.396848777743842085e-01
1.573089102855406707e-01 -2.263193884468873429e-01 -1.411023003591588831e-01
1.560962456866947512e-01 -2.207347257406963026e-01 -1.424114413077237629e-01
1.548929292895917242e-01 -2.152138090442082263e-01 -1.436149022170174205e-01
1.536988890307145472e-01 -2.097573499568571587e-01 -1.447152584691925037e-01
1.525140534020704430e-01 -2.043660076425743155e-01 -1.457150587135384590e-01
1.513383514469079649e-01 -1.990403900795856829e-01 -1.466168243792670134e-01
1.501717127554680897e-01 -1.937810552989354673e-01 -1.474230492184168961e-01
1.490140674607669802e-01 -1.885885126113701626e-01 -1.481361988781458860e-01
1.478653462344123870e-01 -1.834632238222523859e-01 -1.487587105016832945e-01
1.467254802824514703e-01 -1.784056044341784386e-01 -1.492929923572250128e-01
1.455944013412508453e-01 -1.734160248370045510e-01 -1.497414234940607769e-01
1.444720416734086854e-01 -1.684948114850018108e-01 -1.501063534252305987e-01
1.433583340636977732e-01 -1.636422480608729080e-01 -1.503901018360177533e-01
1.422532118150405533e-01 -1.588585766263933552e-01 -1.505949583175914819e-01
1.411566087445145501e-01 -1.541439987594430405e-01 -1.507231821251228121e-01
1.400684591793888156e-01 -1.494986766772221920e-01 -1.507770019597062805e-01
1.389886979531911315e-01 -1.449227343454553008e-01 -1.507586157734258359e-01
1.379172604018052417e-01 -1.404162585734045621e-01 -1.506701905969166366e-01
1.368540823595983391e-01 -1.359793000945304919e-01 -1.505138623887798677e-01
1.357991001555783339e-01 -1.316118746326496447e-01 -1.502917359062184155e-01
1.347522506095807093e-01 -1.273139639534554834e-01 -1.500058845962712883e-01
1.337134710284849370e-01 -1.230855169012817496e-01 -1.496583505070299969e-01
1.326826992024598140e-01 -1.189264504210019169e-01 -1.492511442182357928e-01
1.316598734012379146e-01 -1.148366505649687508e-01 -1.487862447906592445e-01
1.306449323704190202e-01 -1.108159734849146205e-01 -1.482655997336784492e-01
1.296378153278010537e-01 -1.068642464087373595e-01 -1.476911249904774570e-01
1.286384619597407963e-01 -1.029812686021235046e-01 -1.470647049402992179e-01
1.276468124175412777e-01 -9.916681231495012849e-02 -1.463881924171948623e-01
1.266628073138678090e-01 -9.542062371243859031e-02 -1.456634087447204184e-01
1.256863877191916334e-01 -9.174242379103100808e-02 -1.448921437860432870e-01
1.247174951582601943e-01 -8.813190927897152083e-02 -1.440761560089277027e-01
1.237560716065959632e-01 -8.458875352159447858e-02 -1.432171725650814298e-01
1.228020594870208732e-01 -8.111260735131298194e-02 -1.423168893833502979e-01
1.218554016662085071e-01 -7.770309994232942052e-02 -1.413769712762622255e-01
1.209160414512624460e-01 -7.435983965008409469e-02 -1.403990520594271540e-01
1.199839225863209846e-01 -7.108241483547339534e-02 -1.393847346833105294e-01
1.190589892491883822e-01 -6.787039467387626090e-02 -1.383355913769092893e-01
1.181411860479914949e-01 -6.472332994903169656e-02 -1.372531638028632039e-01
1.172304580178626515e-01 -6.164075383182231888e-02 -1.361389632235485980e-01
1.163267506176479671e-01 -5.862218264402389856e-02 -1.349944706777100323e-01
1.154300097266409142e-01 -5.566711660708557191e-02 -1.338211371671906291e-01
1.145401816413414153e-01 -5.277504057601641735e-02 -1.326203838533362156e-01
1.136572130722393187e-01 -4.994542475845460683e-02 -1.313936022626521483e-01
1.127810511406233118e-01 -4.717772541900781130e-02 -1.301421545013065340e-01
1.119116433754140105e-01 -4.447138556895303269e-02 -1.288673734780751701e-01
1.110489377100216252e-01 -4.182583564139342319e-02 -1.275705631353393765e-01
1.101928824792280381e-01 -3.924049415197368440e-02 -1.262529986877511667e-01
1.093434264160921404e-01 -3.671476834525783106e-02 -1.249159268681917095e-01
1.085005186488803425e-01 -3.424805482688576819e-02 -1.235605661806573885e-01
1.076641086980194145e-01 -3.183974018161682407e-02 -1.221881071597139823e-01
1.068341464730735851e-01 -2.948920157738564238e-02 -1.207997126361704254e-01
1.060105822697449685e-01 -2.719580735549142342e-02 -1.193965180086313110e-01
1.051933667668963346e-01 -2.495891760704620904e-02 -1.179796315205929591e-01
1.043824510235981523e-01 -2.277788473581775913e-02 -1.165501345427606278e-01
1.035777864761970035e-01 -2.065205400759455995e-02 -1.151090818602670263e-01
1.027793249354075483e-01 -1.858076408621596107e-02 -1.136575019644848056e-01
1.019870185834265280e-01 -1.656334755640385958e-02 -1.121963973491304362e-01
1.012008199710690004e-01 -1.459913143354010269e-02 -1.107267448103661234e-01
1.004206820149269735e-01 -1.268743766053552664e-02 -1.092494957506136427e-01
9.964655799454937013e-02 -1.082758359193629512e-02 -1.077655764857998050e-01
9.887840154964429307e-02 -9.018882465420194339e-03 -1.062758885557653077e-01
9.811616667730252428e-02 -7.260643860832904743e-03 -1.047813090375688677e-01
9.735980772924253401e-02 -5.552174146918688151e-03 -1.032826908614331851e-01
9.660927940907688971e-02 -3.892776915901923884e-03 -1.017808631290811061e-01
9.586453676959928727e-02 -2.281753406074631899e-03 -1.002766314342186660e-01
9.512553521009298185e-02 -7.184029125509334025e-04 -9.877077818493057437e-02
9.439223047365967456e-02 7.979768136532474710e-04 -9.726406292775750806e-02
9.366457864456911864e-02 2.268089178053771422e-03 -9.575722267323320824e-02
9.294253614562925092e-02 3.692638366482892034e-03 -9.425097222266579089e-02
9.222605973557605752e-02 5.072328980063068975e-03 -9.274600449595149509e-02
9.151510650648449208e-02 6.407865681204077089e-03 -9.124299086022134853e-02
9.080963388119846214e-02 7.699952850462310310e-03 -8.974258145911989670e-02
9.010959961078107705e-02 8.949294254094412177e-03 -8.824540554252753577e-02
8.941496177198468565e-02 1.015659272214176900e-02 -8.675207179654116640e-02
8.872567876473969051e-02 1.132254983688081411e-02 -8.526316867353300744e-02
8.804170930966385977e-02 1.244786563147088146e-02 -8.377926472211674747e-02
8.736301244558976331e-02 1.353323829863736436e-02 -8.230090891685140631e-02
8.668954752711185985e-02 1.457936390922166293e-02 -8.082863098752268716e-02
8.602127422215236074e-02 1.558693614043313129e-02 -7.936294174784484790e-02
8.535815250954575939e-02 1.655664601363813354e-02 -7.790433342343243417e-02
8.470014267664230379e-02 1.748918164151994081e-02 -7.645327997889746208e-02
8.404720531692937147e-02 1.838522798444571643e-02 -7.501023744392888715e-02
8.339930132767173210e-02 1.924546661587508631e-02 -7.357564423822315902e-02
8.275639190756978181e-02 2.007057549664737622e-02 -7.214992149513257957e-02
8.211843855443567985e-02 2.086122875798352913e-02 -7.073347338390742478e-02
8.148540306288781787e-02 2.161809649304050410e-02 -6.932668743041220383e-02
8.085724752206251142e-02 2.234184455685605392e-02 -6.792993483619817752e-02
8.023393431334380210e-02 2.303313437452292681e-02 -6.654357079582388923e-02
7.961542610811048193e-02 2.369262275743189844e-02 -6.516793481231494822e-02
7.900168586550061767e-02 2.432096172742477524e-02 -6.380335101066171577e-02
7.839267683019336685e-02 2.491879834869875632e-02 -6.245012844925851986e-02
7.778836253020750269e-02 2.548677456730494284e-02 -6.110856142918724698e-02
7.718870677471757757e-02 2.602552705808428360e-02 -5.977892980126105205e-02
7.659367365188626819e-02 2.653568707888689579e-02 -5.846149927073828606e-02
7.600322752671377635e-02 2.701788033191961438e-02 -5.715652169962802398e-02
7.541733303890395257e-02 2.747272683206979441e-02 -5.586423540650938685e-02
7.483595510074617096e-02 2.790084078205388313e-02 -5.458486546378926024e-02
7.425905889501460688e-02 2.830283045424012919e-02 -5.331862399233221889e-02
7.368660987288268294e-02 2.867929807899733188e-02 -5.206571045339168646e-02
7.311857375185422392e-02 2.903083973942146775e-02 -5.082631193778347489e-02
7.255491651371030748e-02 2.935804527229470343e-02 -4.960060345224048817e-02
7.199560440247201876e-02 2.966149817513217754e-02 -4.838874820289285755e-02
7.144060392237895629e-02 2.994177551917290639e-02 -4.719089787582163298e-02
7.088988183588312841e-02 3.019944786817409590e-02 -4.600719291463509913e-02
7.034340516165848989e-02 3.043507920286798660e-02 -4.483776279502334899e-02
6.980114117262584128e-02 3.064922685094312316e-02 -4.368272629624624787e-02
6.926305739399278572e-02 3.084244142241306108e-02 -4.254219176951516690e-02
6.872912160130903447e-02 3.101526675023695556e-02 -4.141625740323138377e-02
6.819930181853642304e-02 3.116823983605860812e-02 -4.030501148504536668e-02
6.767356631613398454e-02 3.130189080093156301e-02 -3.920853266070664644e-02
6.715188360915788635e-02 3.141674284089990971e-02 -3.812689018967435617e-02
6.663422245537560518e-02 3.151331218730613060e-02 -3.706014419746080091e-02
6.612055185339520136e-02 3.159210807169868240e-02 -3.600834592468663692e-02
6.561084104080849855e-02 3.165363269521377643e-02 -3.497153797282286092e-02
6.510505949234902945e-02 3.169838120230807771e-02 -3.394975454660323355e-02
6.460317691806369278e-02 3.172684165871988288e-02 -3.294302169308784001e-02
6.410516326149894029e-02 3.173949503353857421e-02 -3.195135753736495082e-02
6.361098869790081378e-02 3.173681518526386136e-02 -3.097477251487780123e-02
6.312062363242861018e-02 3.171926885173784877e-02 -3.001326960036560312e-02
6.263403869838274352e-02 3.168731564383495125e-02 -2.906684453341158020e-02
6.215120475544582551e-02 3.164140804279610975e-02 -2.813548604059041072e-02
6.167209288793783911e-02 3.158199140109585468e-02 -2.721917605421204922e-02
6.119667440308414197e-02 3.150950394673206895e-02 -2.631788992765765958e-02
6.072492082929727142e-02 3.142437679083062707e-02 -2.543159664730868658e-02
6.025680391447189865e-02 3.132703393845819723e-02 -2.456025904106901719e-02
5.979229562429277250e-02 3.121789230253877931e-02 -2.370383398348306983e-02
5.933136814055584712e-02 3.109736172077079766e-02 -2.286227259745442567e-02
5.887399385950243397e-02 3.096584497544384307e-02 -2.203552045257102868e-02
5.842014539016594094e-02 3.082373781605540417e-02 -2.122351776004368154e-02
5.796979555273148316e-02 3.067142898462969780e-02 -2.042619956426737840e-02
5.752291737690830298e-02 3.050930024364323367e-02 -1.964349593101609448e-02
5.707948410031452730e-02 3.033772640646188040e-02 -1.887533213228183293e-02
5.663946916687435246e-02 3.015707537019764878e-02 -1.812162882777139036e-02
5.620284622522773998e-02 2.996770815089375845e-02 -1.738230224307547520e-02
5.576958912715236638e-02 2.976997892094932277e-02 -1.665726434452529867e-02
5.533967192599752172e-02 2.956423504869534757e-02 -1.594642301075305246e-02
5.491306887513031781e-02 2.935081714003709083e-02 -1.524968220097479461e-02
5.448975442639387989e-02 2.913005908207810454e-02 -1.456694212001427222e-02
5.406970322857709843e-02 2.890228808864327148e-02 -1.389809938008699716e-02
5.365289012589664203e-02 2.866782474762058497e-02 -1.324304715936687644e-02
5.323929015649028068e-02 2.842698307004168368e-02 -1.260167535735579568e-02
5.282887855092216478e-02 2.818007054082430698e-02 -1.197387074708004644e-02
5.242163073069922713e-02 2.792738817109962149e-02 -1.135951712413625289e-02
5.201752230679936723e-02 2.766923055205114737e-02 -1.075849545261223401e-02
5.161652907821089736e-02 2.740588591019156237e-02 -1.017068400790746910e-02
5.121862703048311871e-02 2.713763616400642620e-02 -9.595958516479066031e-03
5.082379233428811760e-02 2.686475698189513817e-02 -9.034192292540346031e-03
5.043200134399381668e-02 2.658751784134086305e-02 -8.485256371739380646e-03
5.004323059624787157e-02 2.630618208924277376e-02 -7.949019641845229620e-03
4.965745680857241301e-02 2.602100700334533320e-02 -7.425348970470566773e-03
4.927465687796980104e-02 2.573224385470122139e-02 -6.914109329860245769e-03
4.889480787953907198e-02 2.544013797110547884e-02 -6.415163918775300400e-03
4.851788706510292565e-02 2.514492880144011955e-02 -5.928374281502425680e-03
4.814387186184546780e-02 2.484684998087025726e-02 -5.453600424020157815e-03
4.777273987096042340e-02 2.454612939683350689e-02 -4.990700927352671040e-03
4.740446886630957091e-02 2.424298925576633471e-02 -4.539533058142442359e-03
4.703903679309184849e-02 2.393764615051262659e-02 -4.099952876474639851e-03
4.667642176652244540e-02 2.363031112836025058e-02 -3.671815340984584900e-03
4.631660207052227390e-02 2.332118975965391874e-02 -3.254974411281719941e-03
4.595955615641732217e-02 2.301048220693285157e-02 -2.849283147722433442e-03
4.560526264164822818e-02 2.269838329454396814e-02 -2.454593808565532810e-03
4.525370030848979014e-02 2.238508257868240120e-02 -2.070757944543594273e-03
4.490484810278017741e-02 2.207076441781175360e-02 -1.697626490883739946e-03
4.455868513266013353e-02 2.175560804341903839e-02 -1.335049856812209768e-03
4.421519066732171321e-02 2.143978763105929691e-02 -9.828780125763470453e-04
4.387434413576697667e-02 2.112347237164710623e-02 -6.409605740188361418e-04
4.353612512557580860e-02 2.080682654295240228e-02 -3.091468847378384902e-04
4.320051338168359734e-02 2.049000958126044603e-02 1.271390413175377059e-05
4.286748880516823290e-02 2.017317615315580501e-02 3.247727564816779450e-04
4.253703145204633385e-02 1.985647622739207183e-02 6.271806761037185523e-04
4.220912153207891787e-02 1.954005514681013411e-02 9.200886338381320494e-04
4.188373940758624570e-02 1.922405370026877489e-02 1.203647496962491738e-03
4.156086559227172017e-02 1.890860819455226355e-02 1.478007960786302012e-03
4.124048075005485453e-02 1.859385052622144693e-02 1.743320482416377271e-03
4.092256569391339305e-02 1.827990825337521760e-02 1.999735216658273234e-03
4.060710138473423714e-02 1.796690466729067986e-02 2.247401954019170520e-03
4.029406893017314223e-02 1.765495886391079197e-02 2.486470060777529884e-03
3.998344958352338663e-02 1.734418581515060481e-02 2.717088421084770666e-03
3.967522474259309317e-02 1.703469643999261721e-02 2.939405381064528859e-03
3.936937594859112044e-02 1.672659767534380448e-02 3.153568694875235733e-03
3.906588488502164835e-02 1.641999254662760560e-02 3.359725472701427084e-03
3.876473337658731255e-02 1.611498023808510122e-02 3.558022130639743475e-03
3.846590338810058907e-02 1.581165616276014596e-02 3.748604342445720217e-03
3.816937702340385957e-02 1.551011203214520441e-02 3.931616993107089376e-03
3.787513652429755351e-02 1.521043592546413893e-02 4.107204134210258074e-03
3.758316426947676953e-02 1.491271235857038850e-02 4.275508941066113837e-03
3.729344277347582809e-02 1.461702235243875908e-02 4.436673671561977388e-03
3.700595468562122015e-02 1.432344350123090047e-02 4.590839626706375368e-03
3.672068278899253552e-02 1.403205003991459150e-02 4.738147112833671938e-03
3.643760999939128775e-02 1.374291291141804816e-02 4.878735405435935188e-03
3.615671936431787137e-02 1.345609983330155017e-02 5.012742714589282431e-03
3.587799406195624208e-02 1.317167536392894849e-02 5.140306151942612874e-03
3.560141740016661838e-02 1.288970096812295900e-02 5.261561699236411496e-03
3.532697281548573265e-02 1.261023508228826216e-02 5.376644178320137170e-03
3.505464387213489547e-02 1.233333317898777787e-02 5.485687222636318611e-03
3.478441426103577594e-02 1.205904783095792555e-02 5.588823250140233755e-03
3.451626779883359281e-02 1.178742877454920686e-02 5.686183437624162638e-03
3.425018842692798687e-02 1.151852297257960518e-02 5.777897696415387752e-03
3.398616021051135971e-02 1.125237467658857238e-02 5.864094649417500062e-03
3.372416733761444269e-02 1.098902548848006491e-02 5.944901609464970510e-03
3.346419411815950568e-02 1.072851442154421596e-02 6.020444558960892992e-03
3.320622498302062270e-02 1.047087796084700088e-02 6.090848130768537760e-03
3.295024448309135517e-02 1.021615012297886343e-02 6.156235590327337713e-03
3.269623728835945736e-02 9.964362515152888275e-03 6.216728818964409667e-03
3.244418818698884682e-02 9.715544393644609533e-03 6.272448298372955595e-03
3.219408208440864561e-02 9.469722721565496451e-03 6.323513096229212323e-03
3.194590400240911870e-02 9.226922225962767843e-03 6.370040852920027565e-03
3.169963907824474569e-02 8.987165454239257403e-03 6.412147769353318885e-03
3.145527256374404390e-02 8.750472829886727505e-03 6.449948595824147451e-03
3.121278982442646927e-02 8.516862707527604257e-03 6.483556621909363979e-03
3.097217633862586056e-02 8.286351427259334643e-03 6.513083667364191059e-03
3.073341769662083292e-02 8.058953368297403635e-03 6.538640073994448666e-03
3.049649959977186395e-02 7.834681001912561712e-03 6.560334698478356014e-03
3.026140785966487806e-02 7.613544943658474146e-03 6.578274906112360765e-03
3.002812839726161365e-02 7.395554004886992217e-03 6.592566565455661685e-03
2.979664724205647805e-02 7.180715243547910846e-03 6.603314043848470746e-03
2.956695053123983494e-02 6.969034014270993060e-03 6.610620203779446653e-03
2.933902450886780380e-02 6.760514017728379114e-03 6.614586400078031891e-03
2.911285552503848489e-02 6.555157349275865866e-03 6.615312477907771445e-03
2.888843003507452628e-02 6.352964546871888926e-03 6.612896771537130243e-03
2.866573459871187696e-02 6.153934638273361041e-03 6.607436103864525005e-03
2.844475587929494800e-02 5.958065187508251349e-03 6.599025786674806576e-03
2.822548064297792855e-02 5.765352340624683471e-03 6.587759621604622265e-03
2.800789575793219410e-02 5.575790870716895893e-03 6.573729901794590769e-03
2.779198819355989045e-02 5.389374222228840092e-03 6.557027414206426097e-03
2.757774501971362729e-02 5.206094554536360927e-03 6.537741442583617883e-03
2.736515340592200404e-02 5.025942784809129399e-03 6.515959771034556501e-03
2.715420062062132850e-02 4.848908630154249826e-03 6.491768688217374773e-03
2.694487403039311224e-02 4.674980649043107041e-03 6.465252992106089447e-03
2.673716109920752995e-02 4.504146282023931656e-03 6.436495995318048877e-03
2.653104938767259294e-02 4.336391891722278687e-03 6.405579530982898062e-03
2.632652655228924152e-02 4.171702802132418869e-03 6.372583959133835962e-03
2.612358034471213772e-02 4.010063337202504977e-03 6.337588173602055376e-03
2.592219861101608541e-02 3.851456858716607000e-03 6.300669609395719711e-03
2.572236929096822361e-02 3.695865803477423484e-03 6.261904250545216946e-03
2.552408041730569802e-02 3.543271719792989716e-03 6.221366638396612359e-03
2.532732011501907451e-02 3.393655303271662319e-03 6.179129880335734216e-03
2.513207660064108173e-02 3.246996431929143750e-03 6.135265658925542591e-03
2.493833818154096715e-02 3.103274200612191839e-03 6.089844241439805288e-03
2.474609325522428641e-02 2.962466954743379378e-03 6.042934489776450972e-03
2.455533030863798691e-02 2.824552323391573208e-03 5.994603870734258391e-03
2.436603791748096978e-02 2.689507251673171288e-03 5.944918466636933511e-03
2.417820474551994267e-02 2.557308032489056041e-03 5.893942986288894410e-03
2.399181954391046284e-02 2.427930337602429538e-03 5.841740776247360441e-03
2.380687115052328162e-02 2.301349248063022223e-03 5.788373832395840059e-03
2.362334848927590686e-02 2.177539283983164278e-03 5.733902811804201041e-03
2.344124056946929671e-02 2.056474433671325389e-03 5.678387044861030707e-03
2.326053648512959107e-02 1.938128182128926423e-03 5.621884547664081355e-03
2.308122541435501940e-02 1.822473538916394601e-03 5.564452034655159064e-03
2.290329661866783231e-02 1.709483065394510476e-03 5.506144931485926729e-03
2.272673944237113552e-02 1.599128901347053860e-03 5.447017388101411429e-03
2.255154331191081343e-02 1.491382790991228327e-03 5.387122292028478053e-03
2.237769773524223710e-02 1.386216108381993061e-03 5.326511281856549304e-03
2.220519230120200985e-02 1.283599882216994838e-03 5.265234760898458537e-03
2.203401667888439663e-02 1.183504820048387422e-03 5.203341911019286267e-03
2.186416061702265226e-02 1.085901331908344786e-03 5.140880706621609765e-03
2.169561394337513396e-02 9.907595533549316651e-04 5.077897928775724351e-03
2.152836656411605265e-02 8.980493679450071926e-04 5.014439179483624887e-03
2.136240846323101891e-02 8.077404291411174322e-04 4.950548896066032066e-03
2.119772970191722422e-02 7.198021816592222420e-04 4.886270365661758534e-03
2.103432041798818444e-02 6.342038822641644620e-04 4.821645739829148736e-03
2.087217082528313589e-02 5.509146200199433775e-04 4.756716049239577936e-03
2.071127121308098673e-02 4.699033360018396634e-04 4.691521218453200553e-03
2.055161194551877180e-02 3.911388424774277944e-04 4.626100080767407696e-03
2.039318346101454821e-02 3.145898415636101328e-04 4.560490393128786846e-03
2.023597627169479440e-02 2.402249433668750505e-04 4.494728851099514567e-03
2.007998096282623268e-02 1.680126836139105592e-04 4.428851103869486071e-03
1.992518819225196081e-02 9.792154077976997651e-05 4.362891769305599077e-03
1.977158868983198634e-02 2.991995272084350363e-05 4.296884449029974608e-03
1.961917325688811164e-02 -3.602366718011707891e-05 4.230861743519089002e-03
1.946793276565295452e-02 -9.994091434977292010e-05 4.164855267215936303e-03
1.931785815872339926e-02 -1.618633778333598600e-04 4.098895663647805082e-03
1.916894044851811391e-02 -2.218226255701328229e-04 4.033012620542180023e-03
1.902117071673935580e-02 -2.798501901277399397e-04 3.967234884933792949e-03
1.887454011383882940e-02 -3.359775548883330888e-04 3.901590278255819780e-03
1.872903985848772476e-02 -3.902361406791273867e-04 3.836105711408651416e-03
1.858466123705086043e-02 -4.426572928401874838e-04 3.770807199799751982e-03
1.844139560306479533e-02 -4.932722687222577734e-04 3.705719878348303926e-03
1.829923437672005201e-02 -5.421122256073701096e-04 3.640868016448714148e-03
1.815816904434724641e-02 -5.892082090451040630e-04 3.576275032887037998e-03
1.801819115790732201e-02 -6.345911415972663519e-04 3.511963510704830312e-03
1.787929233448547900e-02 -6.782918119839675053e-04 3.447955212004766984e-03
1.774146425578928404e-02 -7.203408646238388660e-04 3.384271092693097883e-03
1.760469866765042996e-02 -7.607687895614392241e-04 3.320931317153594242e-03
1.746898737953039155e-02 -7.996059127747517231e-04 3.257955272848297654e-03
1.733432226402999848e-02 -8.368823868557206903e-04 3.195361584840385183e-03
1.720069525640266148e-02 -8.726281820569413211e-04 3.133168130234568333e-03
1.706809835407136280e-02 -9.068730776975116080e-04 3.071392052530751930e-03
1.693652361614943896e-02 -9.396466539211471933e-04 3.010049775886834700e-03
1.680596316296504786e-02 -9.709782837997332251e-04 2.949157019286642589e-03
1.667640917558924421e-02 -1.000897125775519281e-03 2.888728810609151113e-03
1.654785389536767709e-02 -1.029432116435176651e-03 2.828779500595374630e-03
1.642028962345604137e-02 -1.056611963609001238e-03 2.769322776709514690e-03
1.629370872035896742e-02 -1.082465139788651694e-03 2.710371676890874128e-03
1.616810360547245654e-02 -1.107019875856777398e-03 2.651938603193457374e-03
1.604346675663000446e-02 -1.130304155121990501e-03 2.594035335310294465e-03
1.591979070965205204e-02 -1.152345707652710884e-03 2.536673043979430480e-03
1.579706805789896779e-02 -1.173172004903426727e-03 2.479862304268995194e-03
1.567529145182749648e-02 -1.192810254626987558e-03 2.423613108738697976e-03
1.555445359855065629e-02 -1.211287396066621468e-03 2.367934880475327988e-03
1.543454726140094067e-02 -1.228630095421414129e-03 2.312836485999857083e-03
1.531556525949690634e-02 -1.244864741579046691e-03 2.258326248044015185e-03
1.519750046731320470e-02 -1.260017442109656821e-03 2.204411958194325404e-03
1.508034581425381389e-02 -1.274114019514749861e-03 2.151100889401534166e-03
1.496409428422856673e-02 -1.287180007725170728e-03 2.098399808353715486e-03
1.484873891523301286e-02 -1.299240648842160456e-03 2.046314987711346772e-03
1.473427279893149699e-02 -1.310320890115648958e-03 1.994852218202775810e-03
1.462068908024341703e-02 -1.320445381153972485e-03 1.944016820578577543e-03
1.450798095693265136e-02 -1.329638471359270366e-03 1.893813657423486360e-03
1.439614167920026666e-02 -1.337924207582875686e-03 1.844247144824693501e-03
1.428516454928024752e-02 -1.345326331995124521e-03 1.795321263895305894e-03
1.417504292103835550e-02 -1.351868280164036712e-03 1.747039572151953346e-03
1.406577019957417837e-02 -1.357573179337389279e-03 1.699405214745683878e-03
1.395733984082614051e-02 -1.362463846922813953e-03 1.652420935545195714e-03
1.384974535117957338e-02 -1.366562789160594496e-03 1.606089088071747809e-03
1.374298028707785814e-02 -1.369892199983886163e-03 1.560411646285093414e-03
1.363703825463655206e-02 -1.372473960061215996e-03 1.515390215219872662e-03
1.353191290926046043e-02 -1.374329636016128524e-03 1.471026041471979991e-03
1.342759795526363674e-02 -1.375480479818951170e-03 1.427320023534527126e-03
1.332408714549241681e-02 -1.375947428345724753e-03 1.384272721983167455e-03
1.322137428095126153e-02 -1.375751103099392015e-03 1.341884369510462378e-03
1.311945321043148441e-02 -1.374911810088438966e-03 1.300154880809194008e-03
1.301831783014294197e-02 -1.373449539858239603e-03 1.259083862304618802e-03
1.291796208334840962e-02 -1.371383967670430221e-03 1.218670621735534624e-03
1.281837996000094980e-02 -1.368734453825716513e-03 1.178914177584403870e-03
1.271956549638389097e-02 -1.365520044125580201e-03 1.139813268356520319e-03
1.262151277475376081e-02 -1.361759470468436491e-03 1.101366361708582898e-03
1.252421592298584747e-02 -1.357471151575853066e-03 1.063571663426844411e-03
1.242766911422250528e-02 -1.352673193844529387e-03 1.026427126255223185e-03
1.233186656652426362e-02 -1.347383392319786858e-03 9.899304585738199526e-04
1.223680254252352759e-02 -1.341619231786414122e-03 9.540791329282201187e-04
1.214247134908096049e-02 -1.335397887972760312e-03 9.188703944101521241e-04
1.204886733694455862e-02 -1.328736228864066003e-03 8.843012688900798958e-04
1.195598490041135595e-02 -1.321650816121075619e-03 8.503685711023404410e-04
1.186381847699168567e-02 -1.314157906600042693e-03 8.170689125834890328e-04
1.177236254707603180e-02 -1.306273453970317440e-03 7.843987094645845813e-04
1.168161163360453142e-02 -1.298013110425799135e-03 7.523541901182354994e-04
1.159156030173894014e-02 -1.289392228486544454e-03 7.209314026611397417e-04
1.150220315853712170e-02 -1.280425862886959334e-03 6.901262223130306137e-04
1.141353485263014132e-02 -1.271128772547032697e-03 6.599343586129487313e-04
1.132555007390175124e-02 -1.261515422623148445e-03 6.303513624937284168e-04
1.123824355317036561e-02 -1.251599986635067857e-03 6.013726332157070566e-04
1.115161006187351950e-02 -1.241396348665782306e-03 5.729934251606919656e-04
1.106564441175477212e-02 -1.230918105630947681e-03 5.452088544872165949e-04
1.098034145455296061e-02 -1.220178569614717521e-03 5.180139056481615012e-04
1.089569608169386680e-02 -1.209190770268844112e-03 4.914034377718715530e-04
1.081170322398433692e-02 -1.197967457271993143e-03 4.653721909079419909e-04
1.072835785130865985e-02 -1.186521102846257395e-03 4.399147921387993416e-04
1.064565497232730987e-02 -1.174863904327947328e-03 4.150257615583097595e-04
1.056358963417808848e-02 -1.163007786789793880e-03 3.906995181186701405e-04
1.048215692217943987e-02 -1.150964405711739792e-03 3.669303853467726782e-04
1.040135195953618800e-02 -1.138745149697595934e-03 3.437125969314013137e-04
1.032116990704741791e-02 -1.126361143234859939e-03 3.210403021824802402e-04
1.024160596281671956e-02 -1.113823249495102426e-03 2.989075713637733543e-04
1.016265536196459679e-02 -1.101142073172334561e-03 2.773084009003144463e-04
1.008431337634307749e-02 -1.088327963356872400e-03 2.562367184619518965e-04
1.000657531425261718e-02 -1.075391016442266796e-03 2.356863879244069048e-04
9.929436520161092836e-03 -1.062341079062892150e-03 2.156512142091930801e-04
9.852892374424975647e-03 -1.049187751059893568e-03 1.961249480038300809e-04
9.776938293012698081e-03 -1.035940388473218171e-03 1.771012903637793096e-04
9.701569727230142590e-03 -1.022608106557530748e-03 1.585738971975238091e-04
9.626782163448210222e-03 -1.009199782819840971e-03 1.405363836362295794e-04
9.552571122832486522e-03 -9.957240600767618393e-04 1.229823282894527742e-04
9.478932161075074095e-03 -9.821893495293642848e-04 1.059052773883743245e-04
9.405860868128399291e-03 -9.686038338536146928e-04 8.929874881800148659e-05
9.333352867941088413e-03 -9.549754703044767293e-04 7.315623603983449023e-05
9.261403818195946408e-03 -9.413119938318019160e-04 5.747121190650455655e-05
9.190009410049854166e-03 -9.276209202061537745e-04 4.223713236983000423e-05
9.119165367875773504e-03 -9.139095491528171538e-04 2.744744008384461702e-05
9.048867449006639530e-03 -9.001849674922310232e-04 1.309556790424361776e-05
8.979111443481320801e-03 -8.864540522851972835e-04 -8.250577141942125549e-07
8.909893173792487672e-03 -8.727234739812109957e-04 -1.432101342074362606e-05
8.841208494636390580e-03 -8.589996995683319130e-04 -2.739887577090255208e-05
8.773053292664674888e-03 -8.452889957230945005e-04 -4.006521812607180766e-05
8.705423486237999844e-03 -8.315974319589143843e-04 -5.232660764926287060e-05
8.638315025181600437e-03 -8.179308837715951012e-04 -6.418960239530872977e-05
8.571723890542740087e-03 -8.042950357805200498e-04 -7.566074849406667125e-05
8.505646094350042055e-03 -7.906953848641824116e-04 -8.674657742511340613e-05
8.440077679374647507e-03 -7.771372432887422438e-04 -9.745360338243521953e-05
8.375014718893200247e-03 -7.636257418283339850e-04 -1.077883207276079432e-04
8.310453316452736175e-03 -7.501658328759433546e-04 -1.177572015299608552e-04
8.246389605637307468e-03 -7.367622935436220991e-04 -1.273666931922546144e-04
8.182819749836414344e-03 -7.234197287509272186e-04 -1.366232161603758634e-04
8.119739942015279099e-03 -7.101425743004966765e-04 -1.455331617155586864e-04
8.057146404486835792e-03 -6.969350999396769575e-04 -1.541028898476795735e-04
7.995035388685482400e-03 -6.838014124071905859e-04 -1.623387272081456873e-04
7.933403174942591993e-03 -6.707454584638718360e-04 -1.702469651409133523e-04
7.872246072263779440e-03 -6.577710279065208726e-04 -1.778338577901910267e-04
7.811560418107830854e-03 -6.448817565639549656e-04 -1.851056202833822721e-04
7.751342578167353010e-03 -6.320811292743961415e-04 -1.920684269878312328e-04
7.691588946151157492e-03 -6.193724828433717087e-04 -1.987284098399351136e-04
7.632295943568272872e-03 -6.067590089812955343e-04 -2.050916567452215383e-04
7.573460019513616158e-03 -5.942437572199833805e-04 -2.111642100479735481e-04
7.515077650455386817e-03 -5.818296378073727418e-04 -2.169520650689980065e-04
7.457145340023996032e-03 -5.695194245797179479e-04 -2.224611687101688245e-04
7.399659618802734151e-03 -5.573157578106305039e-04 -2.276974181243446218e-04
7.342617044119938673e-03 -5.452211470362805339e-04 -2.326666594493187988e-04
7.286014199842874399e-03 -5.332379738561999908e-04 -2.373746866044259239e-04
7.229847696173122805e-03 -5.213684947090686589e-04 -2.418272401484790790e-04
7.174114169443563012e-03 -5.096148436229546190e-04 -2.460300061977005025e-04
7.118810281916963453e-03 -4.979790349394984080e-04 -2.499886154023230468e-04
7.063932721586080148e-03 -4.864629660115269609e-04 -2.537086419805653918e-04
7.009478201975289334e-03 -4.750684198736451151e-04 -2.571956028086837677e-04
6.955443461943789166e-03 -4.637970678853764158e-04 -2.604549565658186038e-04
6.901825265490303674e-03 -4.526504723464318497e-04 -2.634921029323698664e-04
6.848620401559280327e-03 -4.416300890837201489e-04 -2.663123818406513770e-04
6.795825683848566445e-03 -4.307372700097421509e-04 -2.689210727765802087e-04
6.743437950618627781e-03 -4.199732656520484535e-04 -2.713233941311731911e-04
6.691454064503180900e-03 -4.093392276534230144e-04 -2.735245026006435367e-04
6.639870912321287066e-03 -3.988362112425213740e-04 -2.755294926338967268e-04
6.588685404890953605e-03 -3.884651776747041069e-04 -2.773433959262371529e-04
6.537894476844084875e-03 -3.782269966427963476e-04 -2.789711809581247692e-04
6.487495086442947659e-03 -3.681224486575873428e-04 -2.804177525778153691e-04
6.437484215397967953e-03 -3.581522273978331844e-04 -2.816879516267538266e-04
6.387858868687010944e-03 -3.483169420296164127e-04 -2.827865546065860109e-04
6.338616074376000192e-03 -3.386171194948748653e-04 -2.837182733866809928e-04
6.289752883440921129e-03 -3.290532067689731408e-04 -2.844877549510687166e-04
6.241266369591240079e-03 -3.196255730871997423e-04 -2.850995811837041651e-04
6.193153629094645153e-03 -3.103345121400717254e-04 -2.855582686909998347e-04
6.145411780603136746e-03 -3.011802442373695998e-04 -2.858682686605675829e-04
6.098037964980479800e-03 -2.921629184408381383e-04 -2.860339667551336736e-04
6.051029345130990063e-03 -2.832826146654981222e-04 -2.860596830406075472e-04
6.004383105829617061e-03 -2.745393457495298316e-04 -2.859496719472958966e-04
5.958096453553330708e-03 -2.659330594927123955e-04 -2.857081222632664830e-04
5.912166616313857537e-03 -2.574636406634258322e-04 -2.853391571588912747e-04
5.866590843491655514e-03 -2.491309129742080289e-04 -2.848468342415998492e-04
5.821366405671174298e-03 -2.409346410259046334e-04 -2.842351456399025682e-04
5.776490594477423461e-03 -2.328745322204560679e-04 -2.835080181157459064e-04
5.731960722413765447e-03 -2.249502386423625911e-04 -2.826693132042884461e-04
5.687774122700953172e-03 -2.171613589088999450e-04 -2.817228273801908735e-04
5.643928149117436593e-03 -2.095074399891696897e-04 -2.806722922495363511e-04
5.600420175840896582e-03 -2.019879789920726192e-04 -2.795213747665096777e-04
5.557247597290980966e-03 -1.946024249233035931e-04 -2.782736774739750282e-04
5.514407827973247939e-03 -1.873501804114862876e-04 -2.769327387671125049e-04
5.471898302324357602e-03 -1.802306034035845586e-04 -2.755020331792878822e-04
5.429716474558411894e-03 -1.732430088297081045e-04 -2.739849716893383237e-04
5.387859818514479336e-03 -1.663866702374698831e-04 -2.723849020494787049e-04
5.346325827505345359e-03 -1.596608213960604345e-04 -2.707051091330487259e-04
5.305112014167351168e-03 -1.530646578701830361e-04 -2.689488153013227384e-04
5.264215910311472943e-03 -1.465973385640530874e-04 -2.671191807886389574e-04
5.223635066775472215e-03 -1.402579872356179579e-04 -2.652193041050988193e-04
5.183367053277248421e-03 -1.340456939812163871e-04 -2.632522224561166849e-04
5.143409458269288664e-03 -1.279595166908587445e-04 -2.612209121781060490e-04
5.103759888794228566e-03 -1.219984824743431312e-04 -2.591282891896022947e-04
5.064415970341571045e-03 -1.161615890584311305e-04 -2.569772094571453431e-04
5.025375346705471952e-03 -1.104478061552935971e-04 -2.547704694752449500e-04
4.986635679843623783e-03 -1.048560768024622174e-04 -2.525108067597767745e-04
4.948194649737241817e-03 -9.938531867452611004e-05 -2.502009003541662865e-04
4.910049954252138776e-03 -9.403442536681302238e-05 -2.478433713477336286e-04
4.872199309000842075e-03 -8.880226765130051780e-05 -2.454407834055795379e-04
4.834640447205776174e-03 -8.368769470501303902e-05 -2.429956433094137419e-04
4.797371119563537817e-03 -7.868953531117082968e-05 -2.405104015087390840e-04
4.760389094110179138e-03 -7.380659903334247924e-05 -2.379874526818108699e-04
4.723692156087524671e-03 -6.903767736287566559e-05 -2.354291363058097096e-04
4.687278107810564746e-03 -6.438154483988525007e-05 -2.328377372356832072e-04
4.651144768535825542e-03 -5.983696014806472066e-05 -2.302154862911119561e-04
4.615289974330760887e-03 -5.540266718360752410e-05 -2.275645608510780415e-04
4.579711577944183161e-03 -5.107739609852844686e-05 -2.248870854555273693e-04
4.544407448677656100e-03 -4.685986431866271561e-05 -2.221851324136192552e-04
4.509375472257886805e-03 -4.274877753664025481e-05 -2.194607224180786080e-04
4.474613550710119549e-03 -3.874283068013184046e-05 -2.167158251651775890e-04
4.440119602232482816e-03 -3.484070885565737765e-05 -2.139523599798761222e-04
4.405891561071332077e-03 -3.104108826826276508e-05 -2.111721964456765967e-04
4.371927377397523233e-03 -2.734263711736075432e-05 -2.083771550387441185e-04
4.338225017183647975e-03 -2.374401646904292121e-05 -2.055690077658689583e-04
4.304782462082241447e-03 -2.024388110517124192e-05 -2.027494788058512021e-04
4.271597709304894575e-03 -1.684088034954979104e-05 -1.999202451538999170e-04
4.238668771502305740e-03 -1.353365887148922347e-05 -1.970829372686500156e-04
4.205993676645284826e-03 -1.032085746707705599e-05 -1.942391397214166145e-04
4.173570467906637625e-03 -7.201113818457755570e-06 -1.913903918473053311e-04
4.141397203543973997e-03 -4.173063231438350602e-06 -1.885381883978193480e-04
4.109471956783434556e-03 -1.235339351735946453e-06 -1.856839801946099310e-04
4.077792815704297733e-03 1.613425139827575659e-06 -1.828291747840244872e-04
4.046357883124464608e-03 4.374597852865016145e-06 -1.799751370921189313e-04
4.015165276486864880e-03 7.049546033382073296e-06 -1.771231900798160141e-04
3.984213127746704178e-03 9.639635929845836296e-06 -1.742746153978896623e-04
3.953499583259581333e-03 1.214623217904640196e-05 -1.714306540414737613e-04
3.923022803670505980e-03 1.457069721143553359e-05 -1.685925070038063304e-04
3.892780963803702844e-03 1.691439067563771538e-05 -1.657613359289118043e-04
3.862772252553351490e-03 1.917866888180804990e-05 -1.629382637629620510e-04
3.832994872775100613e-03 2.136488426353788157e-05 -1.601243754040339903e-04
3.803447041178433224e-03 2.347438485798938922e-05 -1.573207183500135520e-04
3.774126988219891812e-03 2.550851380394834571e-05 -1.545283033443989654e-04
3.745032957997094115e-03 2.746860885748999431e-05 -1.517481050197562085e-04
3.716163208143567678e-03 2.935600192494751436e-05 -1.489810625385982036e-04
3.687516009724421413e-03 3.117201861287338080e-05 -1.462280802314656328e-04
3.659089647132797354e-03 3.291797779469270385e-05 -1.434900282319900118e-04
3.630882417987116046e-03 3.459519119374204163e-05 -1.407677431087315612e-04
3.602892633029144195e-03 3.620496298238872331e-05 -1.380620284935970968e-04
3.575118616022820387e-03 3.774858939693388581e-05 -1.353736557066390165e-04
3.547558703653861008e-03 3.922735836799734840e-05 -1.327033643770540218e-04
3.520211245430165427e-03 4.064254916608576963e-05 -1.300518630602065864e-04
3.493074603582964951e-03 4.199543206205129115e-05 -1.274198298505028028e-04
3.466147152968730282e-03 4.328726800214552822e-05 -1.248079129899538474e-04
3.439427280971871746e-03 4.451930829737595546e-05 -1.222167314722767890e-04
3.412913387408126470e-03 4.569279432687885830e-05 -1.196468756423746621e-04
3.386603884428766517e-03 4.680895725501657632e-05 -1.170989077910671125e-04
3.360497196425487037e-03 4.786901776191948370e-05 -1.145733627449223725e-04
3.334591759936039474e-03 4.887418578718662654e-05 -1.120707484510690956e-04
3.308886023550618952e-03 4.982566028646464229e-05 -1.095915465568661056e-04
3.283378447818945112e-03 5.072462900062985183e-05 -1.071362129843078827e-04
3.258067505158058520e-03 5.157226823729613787e-05 -1.047051784990587629e-04
3.232951679760857813e-03 5.236974266437597334e-05 -1.022988492740126897e-04
3.208029467505310334e-03 5.311820511542589404e-05 -9.991760744727487987e-05
3.183299375864367085e-03 5.381879640650836665e-05 -9.756181167447494293e-05
3.158759923816596270e-03 5.447264516430453795e-05 -9.523179767532556931e-05
3.134409641757478649e-03 5.508086766521771087e-05 -9.292787877433984951e-05
3.110247071411391135e-03 5.564456768520736592e-05 -9.065034643563257616e-05
3.086270765744289057e-03 5.616483636009727355e-05 -8.839947079173555750e-05
3.062479288877038072e-03 5.664275205610508519e-05 -8.617550116635547979e-05
3.038871215999417418e-03 5.707938025034299957e-05 -8.397866659101498564e-05
3.015445133284805779e-03 5.747577342104044282e-05 -8.180917631552130803e-05
2.992199637805506834e-03 5.783297094724632124e-05 -7.966722031220560725e-05
2.969133337448711871e-03 5.815199901776805987e-05 -7.755296977388649842e-05
2.946244850833164113e-03 5.843387054910819777e-05 -7.546657760551915843e-05
2.923532807226401128e-03 5.867958511216469109e-05 -7.340817890948041007e-05
2.900995846462684630e-03 5.889012886746096664e-05 -7.137789146446536174e-05
2.878632618861536995e-03 5.906647450867686451e-05 -6.937581619795688307e-05
2.856441785146903584e-03 5.920958121425411538e-05 -6.740203765224388795e-05
2.834422016366963410e-03 5.932039460685267475e-05 -6.545662444396676790e-05
2.812571993814532226e-03 5.939984672043813299e-05 -6.353962971716686878e-05
2.790890408948083594e-03 5.944885597478322500e-05 -6.165109158982605181e-05
2.769375963313397068e-03 5.946832715716872012e-05 -5.979103359388599138e-05
2.748027368465789239e-03 5.945915141107385862e-05 -5.795946510873475503e-05
2.726843345892945858e-03 5.942220623164788310e-05 -5.615638178815676241e-05
2.705822626938369363e-03 5.935835546775849623e-05 -5.438176598074648233e-05
2.684963952725394950e-03 5.926844933041569151e-05 -5.263558714378229012e-05
2.664266074081791252e-03 5.915332440737242607e-05 -5.091780225056686843e-05
2.643727751464968606e-03 5.901380368370752808e-05 -4.922835619124310303e-05
2.623347754887736354e-03 5.885069656819823020e-05 -4.756718216709105714e-05
2.603124863844629138e-03 5.866479892529337972e-05 -4.593420207832038331e-05
2.583057867238843820e-03 5.845689311250246899e-05 -4.432932690537755283e-05
2.563145563309681199e-03 5.822774802301625976e-05 -4.275245708377728790e-05
2.543386759560594020e-03 5.797811913338069771e-05 -4.120348287248738869e-05
2.523780272687766238e-03 5.770874855604704655e-05 -3.968228471588369262e-05
2.504324928509239160e-03 5.742036509662455256e-05 -3.818873359930254871e-05
2.485019561894607001e-03 5.711368431566640232e-05 -3.672269139821989766e-05
2.465863016695235034e-03 5.678940859482001436e-05 -3.528401122108295798e-05
2.446854145675011159e-03 5.644822720717872938e-05 -3.387253774582834541e-05
2.427991810441656496e-03 5.609081639167317679e-05 -3.248810755012131326e-05
2.409274881378542944e-03 5.571783943134402410e-05 -3.113054943534917515e-05
2.390702237577035927e-03 5.532994673534079701e-05 -2.979968474440749065e-05
2.372272766769380550e-03 5.492777592449526000e-05 -2.849532767332018995e-05
2.353985365262082144e-03 5.451195192031866660e-05 -2.721728557673116440e-05
2.335838937869805058e-03 5.408308703727761005e-05 -2.596535926731197513e-05
2.317832397849795781e-03 5.364178107820513576e-05 -2.473934330913091139e-05
2.299964666836794378e-03 5.318862143270535646e-05 -2.353902630502637352e-05
2.282234674778451603e-03 5.272418317841510939e-05 -2.236419117803342739e-05
2.264641359871249950e-03 5.224902918498709644e-05 -2.121461544691236677e-05
2.247183668496913027e-03 5.176371022066295980e-05 -2.009007149582788638e-05
2.229860555159311492e-03 5.126876506130673063e-05 -1.899032683823107000e-05
2.212670982421848214e-03 5.076472060177231448e-05 -1.791514437499531034e-05
2.195613920845322208e-03 5.025209196948104815e-05 -1.686428264685990995e-05
2.178688348926290010e-03 4.973138264008938837e-05 -1.583749608123705409e-05
2.161893253035885448e-03 4.920308455512714462e-05 -1.483453523343536077e-05
2.145227627359108224e-03 4.866767824149113435e-05 -1.385514702235741002e-05
2.128690473834602120e-03 4.812563293268235713e-05 -1.289907496072965842e-05
2.112280802094877296e-03 4.757740669167469667e-05 -1.196605937992056198e-05
2.095997629406992722e-03 4.702344653530820753e-05 -1.105583764940698554e-05
2.079839980613715656e-03 4.646418856010252379e-05 -1.016814439094933799e-05
2.063806888075115243e-03 4.590005806938646194e-05 -9.302711687533817564e-06
2.047897391610609304e-03 4.533146970164449857e-05 -8.459269287143668354e-06
2.032110538441469529e-03 4.475882755998257143e-05 -7.637544801421738898e-06
2.016445383133760351e-03 4.418252534261762497e-05 -6.837263899284674403e-06
2.000900987541711067e-03 4.360294647429783496e-05 -6.058150495552072745e-06
1.985476420751547226e-03 4.302046423856450605e-05 -5.299926934654634860e-06
1.970170759025721002e-03 4.243544191076559929e-05 -4.562314169481835933e-06
1.954983085747613418e-03 4.184823289173750081e-05 -3.845031935436809748e-06
1.939912491366626223e-03 4.125918084206931207e-05 -3.147798919758568144e-06
1.924958073343710063e-03 4.066861981686997274e-05 -2.470332926178112916e-06
1.910118936097323717e-03 4.007687440095956407e-05 -1.812351034973128669e-06
1.895394190949793419e-03 3.948425984440673031e-05 -1.173569758484687143e-06
1.880782956074089369e-03 3.889108219833874310e-05 -5.537051921616569550e-07
1.866284356441023787e-03 3.829763845095201445e-05 4.752683880150091020e-08
1.851897523766842966e-03 3.770421666365171792e-05 6.304106371697116003e-07
1.837621596461223947e-03 3.711109610725336520e-05 1.195230495649110979e-06
1.823455719575684496e-03 3.651854739817988316e-05 1.742270563079906627e-06
1.809399044752379266e-03 3.592683263458989839e-05 2.271814714776235193e-06
1.795450730173287152e-03 3.533620553237497546e-05 2.784146426947142724e-06
1.781609940509808025e-03 3.474691156096658461e-05 3.279548655133036794e-06
1.767875846872731579e-03 3.415918807889321488e-05 3.758303716593642205e-06
1.754247626762593226e-03 3.357326446903199989e-05 4.220693176581920010e-06
1.740724464020427902e-03 3.298936227350098471e-05 4.666997738438605103e-06
1.727305548778875150e-03 3.240769532813722755e-05 5.097497137444378044e-06
1.713990077413698153e-03 3.182846989651325488e-05 5.512470038362900361e-06
1.700777252495644723e-03 3.125188480343924565e-05 5.912193936612812178e-06
1.687666282742690364e-03 3.067813156790571971e-05 6.296945063003446047e-06
1.674656382972657120e-03 3.010739453542090265e-05 6.666998291970460595e-06
1.661746774056188907e-03 2.953985100969808424e-05 7.022627053248809247e-06
1.648936682870085066e-03 2.897567138365080876e-05 7.364103246919452207e-06
1.636225342251009917e-03 2.841501926965608988e-05 7.691697161766768693e-06
1.623611990949544708e-03 2.785805162904523994e-05 8.005677396884974115e-06
1.611095873584594091e-03 2.730491890078536263e-05 8.306310786471093833e-06
1.598676240598156462e-03 2.675576512931594387e-05 8.593862327742565228e-06
1.586352348210431484e-03 2.621072809150509759e-05 8.868595111918883196e-06
1.574123458375271522e-03 2.566993942269267276e-05 9.130770258206062997e-06
1.561988838735991515e-03 2.513352474178937273e-05 9.380646850723360137e-06
1.549947762581505191e-03 2.460160377540041439e-05 9.618481878312749991e-06
1.537999508802800853e-03 2.407429048094557192e-05 9.844530177171569941e-06
1.526143361849762814e-03 2.355169316874849671e-05 1.005904437624893175e-05
1.514378611688317871e-03 2.303391462306825563e-05 1.026227484534803155e-05
1.502704553757902486e-03 2.252105222204829691e-05 1.045446964587608991e-05
1.491120488929286673e-03 2.201319805656094941e-05 1.063587448418410375e-05
1.479625723462688449e-03 2.151043904792202056e-05 1.080673266744026341e-05
1.468219568966238698e-03 2.101285706445749532e-05 1.096728506197981291e-05
1.456901342354750481e-03 2.052052903690010989e-05 1.111777005407609457e-05
1.445670365808807535e-03 2.003352707259804642e-05 1.125842351307727029e-05
1.434525966734178683e-03 1.955191856851825241e-05 1.138947875685382656e-05
1.423467477721534948e-03 1.907576632302700033e-05 1.151116651950311067e-05
1.412494236506475027e-03 1.860512864643270499e-05 1.162371492125704698e-05
1.401605585929872758e-03 1.814005947027702288e-05 1.172734944054014288e-05
1.390800873898516464e-03 1.768060845535981667e-05 1.182229288812545142e-05
1.380079453346054691e-03 1.722682109848629607e-05 1.190876538333680964e-05
1.369440682194251373e-03 1.677873883792515070e-05 1.198698433224600048e-05
1.358883923314529616e-03 1.633639915756634168e-05 1.205716440781448878e-05
1.348408544489812771e-03 1.589983568976971915e-05 1.211951753192984474e-05
1.338013918376669293e-03 1.546907831689602910e-05 1.217425285928738626e-05
1.327699422467739938e-03 1.504415327151180557e-05 1.222157676306864747e-05
1.317464439054453562e-03 1.462508323526182743e-05 1.226169282236846724e-05
1.307308355190038920e-03 1.421188743640319022e-05 1.229480181132340598e-05
1.297230562652814875e-03 1.380458174599543322e-05 1.232110168989481255e-05
1.287230457909767064e-03 1.340317877274263394e-05 1.234078759626029658e-05
1.277307442080404063e-03 1.300768795648350750e-05 1.235405184076840014e-05
1.267460920900886565e-03 1.261811566032664640e-05 1.236108390141145563e-05
1.257690304688446458e-03 1.223446526142931315e-05 1.236207042077260801e-05
1.247995008306068080e-03 1.185673724041743298e-05 1.235719520440345874e-05
1.238374451127443113e-03 1.148492926944642037e-05 1.234663922058959513e-05
1.228828057002204557e-03 1.111903629890314796e-05 1.233058060146158423e-05
1.219355254221420048e-03 1.075905064274880712e-05 1.230919464541022629e-05
1.209955475483349063e-03 1.040496206250409316e-05 1.228265382076476480e-05
1.200628157859476601e-03 1.005675784987908879e-05 1.225112777069427484e-05
1.191372742760796882e-03 9.714422908049151831e-06 1.221478331929225652e-05
1.182188675904357472e-03 9.377939831580339323e-06 1.217378447880566305e-05
1.173075407280071850e-03 9.047288985008040813e-06 1.212829245797013526e-05
1.164032391117776578e-03 8.722448580072164831e-06 1.207846567141362074e-05
1.155059085854545642e-03 8.403394751613743979e-06 1.202445975009150807e-05
1.146154954102259361e-03 8.090101632138108555e-06 1.196642755271685362e-05
1.137319462615420931e-03 7.782541425049807496e-06 1.190451917815003073e-05
1.128552082259223852e-03 7.480684476565386259e-06 1.183888197871265446e-05
1.119852287977861349e-03 7.184499346310265153e-06 1.176966057439130770e-05
1.111219558763080172e-03 6.893952876606546031e-06 1.169699686789737355e-05
1.102653377622983110e-03 6.609010260459250367e-06 1.162103006054962823e-05
1.094153231551066134e-03 6.329635108248151234e-06 1.154189666894711388e-05
1.085718611495492319e-03 6.055789513133313747e-06 1.145973054240026858e-05
1.077349012328611671e-03 5.787434115183122635e-06 1.137466288108912231e-05
1.069043932816707548e-03 5.524528164232797154e-06 1.128682225491759473e-05
1.060802875589976187e-03 5.267029581482833533e-06 1.119633462303398950e-05
1.052625347112746707e-03 5.014895019846892211e-06 1.110332335398813209e-05
1.044510857653920769e-03 4.768079923058316785e-06 1.100790924649612664e-05
1.036458921257641655e-03 4.526538583545457535e-06 1.091021055078449196e-05
1.028469055714197316e-03 4.290224199086307817e-06 1.081034299048606134e-05
1.020540782531138965e-03 4.059088928252408501e-06 1.070841978506024514e-05
1.012673626904622357e-03 3.833083944653048826e-06 1.060455167271125706e-05
1.004867117690981526e-03 3.612159489990992357e-06 1.049884693377846315e-05
9.971207873785005015e-04 3.396264925940139786e-06 1.039141141457292234e-05
9.894341720594287438e-04 3.185348784857738764e-06 1.028234855163600680e-05
9.818068114021915281e-04 2.979358819341552082e-06 1.017175939639510810e-05
9.742382486238204166e-04 2.778242050644460571e-06 1.005974264019303383e-05
9.667280304626029580e-04 2.581944815958607350e-06 9.946394639667982784e-06
9.592757071509355662e-04 2.390412814580731843e-06 9.831809442461167709e-06
9.518808323883849992e-04 2.203591152971294849e-06 9.716078813230072931e-06
9.445429633149666788e-04 2.021424388720073072e-06 9.599292259945994897e-06
9.372616604846191425e-04 1.843856573430350075e-06 9.481537060454369597e-06
9.300364878388853607e-04 1.670831294534684647e-06 9.362898289277658039e-06
9.228670126808026552e-04 1.502291716055261930e-06 9.243458844640730333e-06
9.157528056489873391e-04 1.338180618321430952e-06 9.123299475699073513e-06
9.086934406919187435e-04 1.178440436657580849e-06 9.002498809950813978e-06
9.016884950424293487e-04 1.023013299054774076e-06 8.881133380814270497e-06
8.947375491923834599e-04 8.718410628389010518e-07 8.759277655352609737e-06
8.878401868675517977e-04 7.248653503488599675e-07 8.637004062128287560e-06
8.809959950026869909e-04 5.820275836382876050e-07 8.514383019170182980e-06
8.742045637167836008e-04 4.432690182138623819e-07 8.391482962036648431e-06
8.674654862885270139e-04 3.085307758237762047e-07 8.268370371958316657e-06
8.607783591319456218e-04 1.777538763101677868e-07 8.145109804045343096e-06
8.541427817722315949e-04 5.087926853841977642e-08 8.021763915543098547e-06
8.475583568217638598e-04 -7.215213958256376853e-08 7.898393494122270009e-06
8.410246899563074766e-04 -1.913994519759094340e-07 7.775057486188404314e-06
8.345413898913959204e-04 -3.069217561544945367e-07 7.651813025197186174e-06
8.281080683589028824e-04 -4.187780958471076120e-07 7.528715459962027707e-06
8.217243400837872169e-04 -5.270274444797792814e-07 7.405818382940564309e-06
8.153898227610181923e-04 -6.317286794985587011e-07 7.283173658487545331e-06
8.091041370326844048e-04 -7.329405575201174639e-07 7.160831451061868096e-06
8.028669064652724794e-04 -8.307216902968876481e-07 7.038840253375659603e-06
7.966777575271217354e-04 -9.251305214831304509e-07 6.917246914473964227e-06
7.905363195660583975e-04 -1.016225304188391139e-06 6.796096667734087788e-06
7.844422247871961221e-04 -1.104064079305113312e-06 6.675433158773526443e-06
7.783951082309076112e-04 -1.188704654596955249e-06 6.555298473256286351e-06
7.723946077509723012e-04 -1.270204584534394606e-06 6.435733164587648252e-06
7.664403639928868981e-04 -1.348621150864512271e-06 6.316776281487514958e-06
7.605320203723398443e-04 -1.424011343901732858e-06 6.198465395433050644e-06
7.546692230538653299e-04 -1.496431844526122953e-06 6.080836627962014561e-06
7.488516209296445375e-04 -1.565939006876580791e-06 5.963924677827506537e-06
7.430788655984848059e-04 -1.632588841725528520e-06 5.847762847996516215e-06
7.373506113449517733e-04 -1.696437000522412797e-06 5.732383072483803153e-06
7.316665151186641522e-04 -1.757538760093073994e-06 5.617815943013672536e-06
7.260262365137531938e-04 -1.815949007982143440e-06 5.504090735502436559e-06
7.204294377484742658e-04 -1.871722228425930904e-06 5.391235436354242256e-06
7.148757836449763994e-04 -1.924912488943095346e-06 5.279276768563732624e-06
7.093649416092331645e-04 -1.975573427530595459e-06 5.168240217619184904e-06
7.038965816111222981e-04 -2.023758240452567724e-06 5.058150057199783423e-06
6.984703761646597229e-04 -2.069519670609800869e-06 4.949029374661288368e-06
6.930860003083904501e-04 -2.112909996477533853e-06 4.840900096304626110e-06
6.877431315859256324e-04 -2.153981021599566044e-06 4.733783012421885189e-06
6.824414500266302126e-04 -2.192784064626646618e-06 4.627697802114818745e-06
6.771806381264637706e-04 -2.229369949887189864e-06 4.522663057881137087e-06
6.719603808289642674e-04 -2.263788998478639620e-06 4.418696309963910570e-06
6.667803655063793498e-04 -2.296091019867757361e-06 4.315814050459890793e-06
6.616402819409452143e-04 -2.326325303988280835e-06 4.214031757182811432e-06
6.565398223063075023e-04 -2.354540613824550058e-06 4.113363917277717278e-06
6.514786811490881277e-04 -2.380785178469755106e-06 4.013824050582938456e-06
6.464565553705913176e-04 -2.405106686647649826e-06 3.915424732736224266e-06
6.414731442086497306e-04 -2.427552280686635785e-06 3.818177618021995801e-06
6.365281492196168348e-04 -2.448168550935260077e-06 3.722093461956949667e-06
6.316212742604910158e-04 -2.467001530608336621e-06 3.627182143611120610e-06
6.267522254711798725e-04 -2.484096691052997611e-06 3.533452687662042360e-06
6.219207112569041579e-04 -2.499498937424052450e-06 3.440913286179838304e-06
6.171264422707335587e-04 -2.513252604758300481e-06 3.349571320140961337e-06
6.123691313962569167e-04 -2.525401454437428965e-06 3.259433380668815987e-06
6.076484937303906850e-04 -2.535988671029338292e-06 3.170505289999652604e-06
6.029642465663153207e-04 -2.545056859497866367e-06 3.082792122172034040e-06
5.983161093765428660e-04 -2.552648042770961258e-06 2.996298223438620364e-06
5.937038037961203793e-04 -2.558803659657569254e-06 2.911027232399226380e-06
5.891270536059575085e-04 -2.563564563103557185e-06 2.826982099853936018e-06
5.845855847162830833e-04 -2.566971018777178831e-06 2.744165108375553634e-06
5.800791251502346313e-04 -2.569062703974679980e-06 2.662577891600808605e-06
5.756074050275641202e-04 -2.569878706836850127e-06 2.582221453239496687e-06
5.711701565484823698e-04 -2.569457525867356341e-06 2.503096185801608098e-06
5.667671139776177388e-04 -2.567837069743928608e-06 2.425201889041781655e-06
5.623980136281003621e-04 -2.565054657413532882e-06 2.348537788121234881e-06
5.580625938457743239e-04 -2.561147018462857782e-06 2.273102551487244620e-06
5.537605949935259491e-04 -2.556150293755521394e-06 2.198894308470192570e-06
5.494917594357333086e-04 -2.550100036327579057e-06 2.125910666598561540e-06
5.452558315228402987e-04 -2.543031212533050305e-06 2.054148728632404220e-06
5.410525575760448879e-04 -2.534978203431283023e-06 1.983605109315663085e-06
5.368816858721053246e-04 -2.525974806408126649e-06 1.914275951848076640e-06
5.327429666282681000e-04 -2.516054237023047606e-06 1.846156944077542784e-06
5.286361519873075850e-04 -2.505249131074418397e-06 1.779243334413673646e-06
5.245609960026812423e-04 -2.493591546875322762e-06 1.713529947463575082e-06
5.205172546238034503e-04 -2.481112967732464518e-06 1.649011199391060370e-06
5.165046856814278558e-04 -2.467844304620713893e-06 1.585681113000288530e-06
5.125230488731440017e-04 -2.453815899046173763e-06 1.523533332545238603e-06
5.085721057489894217e-04 -2.439057526090596900e-06 1.462561138266417102e-06
5.046516196971638675e-04 -2.423598397630195033e-06 1.402757460656067457e-06
5.007613559298655084e-04 -2.407467165722068096e-06 1.344114894453733529e-06
4.969010814692267691e-04 -2.390691926151466406e-06 1.286625712373475022e-06
4.930705651333609730e-04 -2.373300222133351323e-06 1.230281878564623493e-06
4.892695775225203332e-04 -2.355319048161814406e-06 1.175075061807858774e-06
4.854978910053558039e-04 -2.336774854000998081e-06 1.120996648448336931e-06
4.817552797052844851e-04 -2.317693548811359893e-06 1.068037755067856692e-06
4.780415194869643632e-04 -2.298100505405178737e-06 1.016189240898075197e-06
4.743563879428703157e-04 -2.278020564625376383e-06 9.654417199767151043e-07
4.706996643799734952e-04 -2.257478039841801297e-06 9.157855730489083756e-07
4.670711298065270732e-04 -2.236496721559324614e-06 8.672109592158920545e-07
4.634705669189500502e-04 -2.215099882132111277e-06 8.197078273331461892e-07
4.598977600888124926e-04 -2.193310280578634306e-06 7.732659271602985868e-07
4.563524953499243112e-04 -2.171150167492095470e-06 7.278748202651374922e-07
4.528345603855202630e-04 -2.148641290041006264e-06 6.835238906839998023e-07
4.493437445155436141e-04 -2.125804897054834709e-06 6.402023553409728961e-07
4.458798386840316110e-04 -2.102661744189739122e-06 5.978992742283891337e-07
4.424426354465946253e-04 -2.079232099169489607e-06 5.566035603510090680e-07
4.390319289579901131e-04 -2.055535747096790269e-06 5.163039894364143521e-07
4.356475149598004401e-04 -2.031591995830448499e-06 4.769892094142766951e-07
4.322891907681953834e-04 -2.007419681423708505e-06 4.386477496668664065e-07
4.289567552617970904e-04 -1.983037173619441087e-06 4.012680300536123084e-07
4.256500088696344298e-04 -1.958462381397794819e-06 3.648383697122082674e-07
4.223687535591898797e-04 -1.933712758572092532e-06 3.293469956389709234e-07
4.191127928245423130e-04 -1.908805309428934448e-06 2.947820510511687560e-07
4.158819316745973865e-04 -1.883756594408391808e-06 2.611316035339458012e-07
4.126759766214091658e-04 -1.858582735820473202e-06 2.283836529746053177e-07
4.094947356685947745e-04 -1.833299423594037345e-06 1.965261392870199964e-07
4.063380182998350748e-04 -1.807921921054437205e-06 1.655469499288564560e-07
4.032056354674639818e-04 -1.782465070726290316e-06 1.354339272144176491e-07
4.000973995811492301e-04 -1.756943300157924225e-06 1.061748754259133578e-07
3.970131244966569497e-04 -1.731370627764018130e-06 7.775756772588484713e-08
3.939526255047027061e-04 -1.705760668683159478e-06 5.016975287361651939e-08
3.909157193198920964e-04 -1.680126640647135804e-06 2.339916174836932697e-08
3.879022240697431478e-04 -1.654481369858764213e-06 -2.566486317812542006e-09
3.849119592837936641e-04 -1.628837296875268954e-06 -2.773947739487048204e-08
3.819447458827944942e-04 -1.603206482494272065e-06 -5.213209699424715839e-08
3.790004061679839542e-04 -1.577600613639498803e-06 -7.575662429035891782e-08
3.760787638104474127e-04 -1.552031009243480536e-06 -9.862532652117655612e-08
3.731796438405562402e-04 -1.526508626124525140e-06 -1.207504535651238336e-07
3.703028726374886699e-04 -1.501044064855379264e-06 -1.421442326914657909e-07
3.674482779188338708e-04 -1.475647575621081826e-06 -1.628188634813510922e-07
3.646156887302735416e-04 -1.450329064063547466e-06 -1.827865129167484018e-07
