1.000000000000000000e+00 -4.755282581475769987e+00 0.000000000000000000e+00
9.922796420431261311e-01 -4.773925859696686480e+00 -7.400477790350705465e-02
9.846188880132343835e-01 -4.783356930227808945e+00 -1.483376009731641743e-01
9.770172777466731295e-01 -4.783852682684689661e+00 -2.226186568643385710e-01
9.694743546324182670e-01 -4.775705518346102352e+00 -2.964857717374193014e-01
9.619896655846466027e-01 -4.759221621808495506e+00 -3.695949456473202610e-01
9.545627610155197340e-01 -4.734719277043049956e+00 -4.416207754411177189e-01
9.471931948081779851e-01 -4.702527232174500860e+00 -5.122567711639158805e-01
9.398805242899438417e-01 -4.662983116755392565e+00 -5.812155720344603926e-01
9.326243102057312218e-01 -4.616431914788270419e+00 -6.482290680756184198e-01
9.254241166916603589e-01 -4.563224496252296980e+00 -7.130484334739334296e-01
9.182795112488768563e-01 -4.503716209420875138e+00 -7.754440777003726026e-01
9.111900647175722456e-01 -4.438265535812601748e+00 -8.352055203540560413e-01
9.041553512512054969e-01 -4.367232809200758403e+00 -8.921411955954013928e-01
8.971749482909231466e-01 -4.290978999714978315e+00 -9.460781919173129051e-01
8.902484365401772681e-01 -4.209864563703835216e+00 -9.968619328656899148e-01
8.833753999395398404e-01 -4.124248359688065690e+00 -1.044355804166100521e+00
8.765554256417098511e-01 -4.034486630420302866e+00 -1.088440732544330602e+00
8.697881039867159103e-01 -3.940932050778523710e+00 -1.129014721346991212e+00
8.630730284773077132e-01 -3.843932840955945007e+00 -1.165992347876555701e+00
8.564097957545396822e-01 -3.743831944169063508e+00 -1.199304227154996294e+00
8.497980055735413485e-01 -3.640966267887608687e+00 -1.228896446623571448e+00
8.432372607794760277e-01 -3.535665987393702636e+00 -1.254729976074721032e+00
8.367271672836846808e-01 -3.428253910302644591e+00 -1.276780056897350413e+00
8.302673340400135160e-01 -3.319044900522511554e+00 -1.295035574500064346e+00
8.238573730213252233e-01 -3.208345359994084767e+00 -1.309498417559760375e+00
8.174968991961907294e-01 -3.096452766434846016e+00 -1.320182827526376057e+00
8.111855305057616983e-01 -2.983655265210575891e+00 -1.327114741599693337e+00
8.049228878408205556e-01 -2.870231313373813542e+00 -1.330331132181760578e+00
7.987085950190087047e-01 -2.756449373839712891e+00 -1.329879345599668028e+00
7.925422787622300458e-01 -2.642567657615228160e+00 -1.325816442688744878e+00
7.864235686742291342e-01 -2.528833911956469560e+00 -1.318208543626455231e+00
7.803520972183418669e-01 -2.415485252300236585e+00 -1.307130179212848686e+00
7.743274996954189193e-01 -2.302748035798533710e+00 -1.292663650604925163e+00
7.683494142219191581e-01 -2.190837774278268757e+00 -1.274898399330091747e+00
7.624174817081715849e-01 -2.079959084451322049e+00 -1.253930389228217201e+00
7.565313458368060351e-01 -1.970305673212263908e+00 -1.229861501803163115e+00
7.506906530413504086e-01 -1.862060355881083762e+00 -1.202798946303021754e+00
7.448950524849916599e-01 -1.755395105275610490e+00 -1.172854685693902610e+00
7.391441960395032096e-01 -1.650471129532483650e+00 -1.140144879545143208e+00
7.334377382643324506e-01 -1.547438976635165053e+00 -1.104789344704076859e+00
7.277753363858517899e-01 -1.446438663652809042e+00 -1.066911034506384803e+00
7.221566502767686746e-01 -1.347599828743198946e+00 -1.026635537143032240e+00
7.165813424356949346e-01 -1.251041904026800822e+00 -9.840905936873816096e-01
7.110490779668741101e-01 -1.156874307495793452e+00 -9.394056361755919182e-01
7.055595245600647658e-01 -1.065196652181928050e+00 -8.927113460302331660e-01
7.001123524705792356e-01 -9.760989708692683342e-01 -8.441392330207065919e-01
6.947072344994773552e-01 -8.896619547020540031e-01 -7.938212348645350414e-01
6.893438459739114066e-01 -8.059572041034706036e-01 -7.418893374906391225e-01
6.840218647276246067e-01 -7.250474904879280480e-01 -6.884752159092114576e-01
6.787409710815990316e-01 -6.469870273167860342e-01 -6.337098955624865804e-01
6.735008478248527553e-01 -5.718217491152035592e-01 -5.777234339662300489e-01
6.683011801953868680e-01 -4.995895971357203202e-01 -5.206446223933064443e-01
6.631416558612771572e-01 -4.303208104217037810e-01 -4.626007072974662737e-01
6.580219649019140027e-01 -3.640382210908995053e-01 -4.037171311276629981e-01
6.529417997893857128e-01 -3.007575527257684289e-01 -3.441172921404483942e-01
6.479008553700061901e-01 -2.404877208226980645e-01 -2.839223227799185789e-01
6.428988288459849265e-01 -1.832311343165613504e-01 -2.232508861612191309e-01
6.379354197572388863e-01 -1.289839972601549423e-01 -1.622189901644740806e-01
6.330103299633443870e-01 -7.773660979967160489e-02 -1.009398186208147197e-01
6.281232636256284252e-01 -2.947366764745609768e-02 -3.952357905097705210e-02
6.232739271893987798e-01 1.582544068824225450e-02 2.192263360079359236e-02
6.184620293663100066e-01 5.818633960021785123e-02 8.329495780912367364e-02
6.136872811168674335e-01 9.763937563468212677e-02 1.444928714688658855e-01
6.089493956330644941e-01 1.342193308749910774e-01 2.054192836464713012e-01
6.042480883211551745e-01 1.679651409814716667e-01 2.659806126778008206e-01
5.995830767845590215e-01 1.989196183632061521e-01 3.260868512118869633e-01
5.949540808068984887e-01 2.271291809104722947e-01 3.856516188007499402e-01
5.903608223351662909e-01 2.526435866716283396e-01 4.445922026339583777e-01
5.858030254630243183e-01 2.755156748151205148e-01 5.028295870130619072e-01
5.812804164142301167e-01 2.958011131764182178e-01 5.602884721559749925e-01
5.767927235261914864e-01 3.135581526506243111e-01 6.168972829143262171e-01
5.723396772336490912e-01 3.288473886545754676e-01 6.725881679786572809e-01
5.679210100524836324e-01 3.417315298472040075e-01 7.272969901365926582e-01
5.635364565636491463e-01 3.522751742638469130e-01 7.809633081383317021e-01
5.591857533972293126e-01 3.605445929890162549e-01 8.335303507119883326e-01
5.548686392166185533e-01 3.666075214627730894e-01 8.849449832584519449e-01
5.505848547028227014e-01 3.705329584884145544e-01 9.351576677420277983e-01
5.463341425388834605e-01 3.723909729833136395e-01 9.841224162786692542e-01
5.421162473944215465e-01 3.722525184908581641e-01 1.031796738908980826e+00
5.379309159102994009e-01 3.701892554489722431e-01 1.078141586027752119e+00
5.337778966834028083e-01 3.662733811900089065e-01 1.123121285926142132e+00
5.296569402515396430e-01 3.605774676275911306e-01 1.166703477886610552e+00
5.255677990784551890e-01 3.531743065682881322e-01 1.208859041254520150e+00
5.215102275389631448e-01 3.441367625697879240e-01 1.249562020893930869e+00
5.174839819041915367e-01 3.335376332523310450e-01 1.288789549418702496e+00
5.134888203269427631e-01 3.214495169566680133e-01 1.326521766573504513e+00
5.095245028271657706e-01 3.079446876295265367e-01 1.362741736123000535e+00
5.055907912775418067e-01 2.930949768065110317e-01 1.397435360591017028e+00
5.016874493891801956e-01 2.769716625524807352e-01 1.430591294175439954e+00
4.978142426974245804e-01 2.596453652106335275e-01 1.462200854148465679e+00
4.939709385477703552e-01 2.411859498037703942e-01 1.492257931036112817e+00
4.901573060818885663e-01 2.216624349244344372e-01 1.520758897855294611e+00
4.863731162237593941e-01 2.011429079447931423e-01 1.547702518671568050e+00
4.826181416659117707e-01 1.796944463721527052e-01 1.573089856725672142e+00
4.788921568557695796e-01 1.573830451718672696e-01 1.596924182362384981e+00
4.751949379821036601e-01 1.342735498760695145e-01 1.619210880980990419e+00
4.715262629615872836e-01 1.104295952939859243e-01 1.639957361212764253e+00
4.678859114254568241e-01 8.591354963769624875e-02 1.659172963517367094e+00
4.642736647062740696e-01 6.078646387587392091e-02 1.676868869377023508e+00
4.606893058247920059e-01 3.510802612733108369e-02 1.693058011254616524e+00
4.571326194769207985e-01 8.936520906034297815e-03 1.707754983469624177e+00
4.536033920207954706e-01 -1.767120697037993446e-02 1.720975954133971975e+00
4.501014114639427799e-01 -4.465978399577968244e-02 1.732738578278522290e+00
4.466264674505469601e-01 -7.197533530028844828e-02 1.743061912289859627e+00
4.431783512488146060e-01 -9.956550786888819504e-02 1.751966329766626140e+00
4.397568557384365362e-01 -1.273794898361198247e-01 1.759473438894441299e+00
4.363617753981465230e-01 -1.553680260367816535e-01 1.765606001428836391e+00
4.329929062933757788e-01 -1.834834299899005261e-01 1.770387853366352404e+00
4.296500460640037544e-01 -2.116795924903056292e-01 1.773843827375128912e+00
4.263329939122022516e-01 -2.399119869790239390e-01 1.775999677047889858e+00
4.230415505903742379e-01 -2.681376718603062925e-01 1.776882003032240087e+00
4.197755183891856423e-01 -2.963152899295697917e-01 1.776518181085537051e+00
4.165347011256887999e-01 -3.244050650727981489e-01 1.774936292094464019e+00
4.133189041315389889e-01 -3.523687963940684842e-01 1.772165054092496250e+00
4.101279342413006179e-01 -3.801698499239228313e-01 1.768233756302109327e+00
4.069615997808445629e-01 -4.077731480571444300e-01 1.763172195222383554e+00
4.038197105558343769e-01 -4.351451568643979195e-01 1.757010612777014424e+00
4.007020778403021510e-01 -4.622538714178819896e-01 1.749779636532279525e+00
3.976085143653118048e-01 -4.890687992668942274e-01 1.741510221989514218e+00
3.945388343077107507e-01 -5.155609421948603721e-01 1.732233596951864074e+00
3.914928532789674342e-01 -5.417027763850266187e-01 1.721981207960731508e+00
3.884703883140959157e-01 -5.674682311176658667e-01 1.710784668793160046e+00
3.854712578606652729e-01 -5.928326661172741430e-01 1.698675711007612721e+00
3.824952817678944905e-01 -6.177728476639127164e-01 1.685686136522058343e+00
3.795422812758310060e-01 -6.422669235785134489e-01 1.671847772205006022e+00
3.766120790046130207e-01 -6.662943971876938987e-01 1.657192426457098744e+00
3.737044989438149667e-01 -6.898361003693818105e-01 1.641751847758163185e+00
3.708193664418744651e-01 -7.128741657763530970e-01 1.625557685152021481e+00
3.679565081956019945e-01 -7.353919983306597130e-01 1.608641450639142656e+00
3.651157522397705524e-01 -7.573742460778415397e-01 1.591034483445083803e+00
3.622969279367861950e-01 -7.788067704858258056e-01 1.572767916130801025e+00
3.594998659664384588e-01 -7.996766162694722846e-01 1.553872642509267932e+00
3.567243983157293852e-01 -8.199719808178798086e-01 1.534379287331320008e+00
3.539703582687814820e-01 -8.396821832978083044e-01 1.514318177702329127e+00
3.512375803968235677e-01 -8.587976335028560948e-01 1.493719316190198931e+00
3.485259005482538308e-01 -8.773098005144757128e-01 1.472612355584151711e+00
3.458351558387794400e-01 -8.952111812373740873e-01 1.451026575262976737e+00
3.431651846416327589e-01 -9.124952688684438984e-01 1.428990859130702562e+00
3.405158265778626681e-01 -9.291565213550537772e-01 1.406533675077088485e+00
3.378869225067007709e-01 -9.451903298953002741e-01 1.383683055919936677e+00
3.352783145160025402e-01 -9.605929875296864706e-01 1.360466581785859441e+00
3.326898459127615726e-01 -9.753616578706879592e-01 1.336911363885994630e+00
3.301213612136978948e-01 -9.894943440137029533e-01 1.313044029643013699e+00
3.275727061359176018e-01 -1.002989857670076201e+00 1.288890709125776857e+00
3.250437275876464915e-01 -1.015847788560113152e+00 1.264477022748114132e+00
3.225342736590332549e-01 -1.028068474101403673e+00 1.239828070188319087e+00
3.200441936130251075e-01 -1.039652969425182594e+00 1.214968420486248313e+00
3.175733378763135883e-01 -1.050603017751029489e+00 1.189922103275208753e+00
3.151215580303490804e-01 -1.060921021147854582e+00 1.164712601106201451e+00
3.126887068024269967e-01 -1.070610011706823128e+00 1.139362842822565725e+00
3.102746380568403017e-01 -1.079673623149737693e+00 1.113895197943523652e+00
3.078792067861019777e-01 -1.088116062894278979e+00 1.088331472015723556e+00
3.055022691022348802e-01 -1.095942084595534993e+00 1.062692902892454550e+00
3.031436822281283749e-01 -1.103156961181320339e+00 1.037000157900845654e+00
3.008033044889624197e-01 -1.109766458396972411e+00 1.011273331858054014e+00
2.984809953036970387e-01 -1.115776808873581549e+00 9.855319458981377512e-01
2.961766151766285216e-01 -1.121194686731920909e+00 9.597949470720823495e-01
2.938900256890096818e-01 -1.126027182732803000e+00 9.340807086841698137e-01
2.916210894907355633e-01 -1.130281779983043799e+00 9.084070313287135878e-01
2.893696702920935948e-01 -1.133966330204823958e+00 8.827911445919741640e-01
2.871356328555760284e-01 -1.137089030574857107e+00 8.572497093848685523e-01
2.849188429877574369e-01 -1.139658401138498478e+00 8.317988208729939492e-01
2.827191675312336061e-01 -1.141683262802723586e+00 8.064540119712509947e-01
2.805364743566231001e-01 -1.143172715910734327e+00 7.812302573712803788e-01
2.783706323546306094e-01 -1.144136119399890683e+00 7.561419780707545613e-01
2.762215114281714179e-01 -1.144583070543630177e+00 7.312030463744425557e-01
2.740889824845572087e-01 -1.144523385277085081e+00 7.064267913378472485e-01
2.719729174277411010e-01 -1.143967079105198570e+00 6.818260046250605999e-01
2.698731891506236380e-01 -1.142924348591304318e+00 6.574129467533872395e-01
2.677896715274176720e-01 -1.141405553423334052e+00 6.331993536981178616e-01
2.657222394060722581e-01 -1.139421199054091005e+00 6.091964438317170050e-01
2.636707686007552787e-01 -1.136981919911317362e+00 5.854149251725373482e-01
2.616351358843934105e-01 -1.134098463172679150e+00 5.618650029190176420e-01
2.596152189812704902e-01 -1.130781673100158757e+00 5.385563872461656132e-01
2.576108965596828893e-01 -1.127042475927828358e+00 5.154983013419639493e-01
2.556220482246508996e-01 -1.122891865296453906e+00 4.926994896621215148e-01
2.536485545106872963e-01 -1.118340888227923990e+00 4.701682263824563668e-01
2.516902968746211888e-01 -1.113400631632067039e+00 4.479123240289327179e-01
2.497471576884772171e-01 -1.108082209338030921e+00 4.259391422661973348e-01
2.478190202324103419e-01 -1.102396749642058360e+00 4.042555968262181998e-01
2.459057686876943150e-01 -1.096355383363154967e+00 3.828681685593602335e-01
2.440072881297651319e-01 -1.089969232397876908e+00 3.617829125910134724e-01
2.421234645213172776e-01 -1.083249398765202320e+00 3.410054675675685543e-01
2.402541847054542046e-01 -1.076206954132231886e+00 3.205410649762862607e-01
2.383993363988912151e-01 -1.068852929811254349e+00 3.003945385242620669e-01
2.365588081852105784e-01 -1.061198307218560899e+00 2.805703335623840333e-01
2.347324895081692731e-01 -1.053254008785227347e+00 2.610725165408470105e-01
2.329202706650580768e-01 -1.045030889309979782e+00 2.419047844834131267e-01
2.311220428001118099e-01 -1.036539727744140826e+00 2.230704744682469320e-01
2.293376978979710379e-01 -1.027791219398599853e+00 2.045725731037676687e-01
2.275671287771933449e-01 -1.018795968562664855e+00 1.864137259885384756e-01
2.258102290838153448e-01 -1.009564481524645174e+00 1.685962471448110567e-01
2.240668932849645967e-01 -1.000107159983966154e+00 1.511221284158956457e-01
2.223370166625199540e-01 -9.904342948446337447e-01 1.339930488180554324e-01
2.206204953068218733e-01 -9.805560603798654240e-01 1.172103838381858554e-01
2.189172261104304351e-01 -9.704825087577345633e-01 1.007752146690138184e-01
2.172271067619319651e-01 -9.602235649177222054e-01 8.468833737407387152e-02
2.155500357397937827e-01 -9.497890217881116426e-01 6.895027197518906192e-02
2.138859123062655798e-01 -9.391885358342307866e-01 5.356127145563253228e-02
2.122346365013287051e-01 -9.284316229276307064e-01 3.852133067262431682e-02
2.105961091366914395e-01 -9.175276545263626460e-01 2.383019517321352185e-02
2.089702317898312622e-01 -9.064858541566208627e-01 9.487369908048501679e-03
2.073569067980828573e-01 -8.953152941861221015e-01 -4.507872162091405843e-03
2.057560372527714732e-01 -8.840248928796968775e-01 -1.815648157172667504e-02
2.041675269933922454e-01 -8.726234117277066327e-01 -3.145962397241715974e-02
2.025912806018335399e-01 -8.611194530379989720e-01 -4.441867187482039653e-02
2.010272033966458705e-01 -8.495214577822823854e-01 -5.703519651470475432e-02
1.994752014273544760e-01 -8.378377036879035566e-01 -6.931095984625053330e-02
1.979351814688158073e-01 -8.260763035661857767e-01 -8.124790666564005170e-02
1.964070510156177285e-01 -8.142452038686083249e-01 -9.284815686763436826e-02
1.948907182765231560e-01 -8.023521834622830973e-01 -1.041139978375428682e-01
1.933860921689560808e-01 -7.904048526163180988e-01 -1.150478769807257579e-01
1.918930823135307495e-01 -7.784106521908340515e-01 -1.256523943914780450e-01
1.904115990286224525e-01 -7.663768530205476992e-01 -1.359302956629143688e-01
1.889415533249807211e-01 -7.543105554850073613e-01 -1.458844648392127463e-01
1.874828569003840761e-01 -7.422186892577341544e-01 -1.555179175113470258e-01
1.860354221343357151e-01 -7.301080132266701828e-01 -1.648337940572283111e-01
1.845991620828005553e-01 -7.179851155785319516e-01 -1.738353530269418634e-01
1.831739904729823565e-01 -7.058564140398062570e-01 -1.825259646735919450e-01
1.817598216981418657e-01 -6.937281562673196511e-01 -1.909091046300504246e-01
1.803565708124546529e-01 -6.816064203814665712e-01 -1.989883477317474780e-01
1.789641535259081928e-01 -6.694971156353486386e-01 -2.067673619854556166e-01
1.775824861992392756e-01 -6.574059832132663761e-01 -2.142499026838600718e-01
1.762114858389095262e-01 -6.453385971521464759e-01 -2.214398066655619557e-01
1.748510700921205030e-01 -6.333003653796764887e-01 -2.283409867200004717e-01
1.735011572418668768e-01 -6.212965308630747918e-01 -2.349574261366609018e-01
1.721616662020278021e-01 -6.093321728625910039e-01 -2.412931733977947690e-01
1.708325165124963130e-01 -5.974122082840002124e-01 -2.473523370137593325e-01
1.695136283343462724e-01 -5.855413931245123660e-01 -2.531390804999735789e-01
1.682049224450365976e-01 -5.737243240066834948e-01 -2.586576174943774342e-01
1.669063202336527052e-01 -5.619654397950735181e-01 -2.639122070141821097e-01
1.656177436961842886e-01 -5.502690232905474987e-01 -2.689071488506080132e-01
1.643391154308399549e-01 -5.386392029972898454e-01 -2.736467791002180072e-01
1.630703586333978605e-01 -5.270799549577293019e-01 -2.781354658313719974e-01
1.618113970925921796e-01 -5.155951046507502022e-01 -2.823776048842596142e-01
1.605621551855355433e-01 -5.041883289486961406e-01 -2.863776158028911167e-01
1.593225578731760350e-01 -4.928631581288223096e-01 -2.901399378973695264e-01
1.580925306957903786e-01 -4.816229779350152396e-01 -2.936690264347047163e-01
1.568719997685107947e-01 -4.704710316857039221e-01 -2.969693489563781652e-01
1.556608917768872169e-01 -4.594104224240715406e-01 -3.000453817208198481e-01
1.544591339724834811e-01 -4.484441151067727338e-01 -3.029016062689104394e-01
1.532666541685071271e-01 -4.375749388275210761e-01 -3.055425061105888629e-01
1.520833807354738665e-01 -4.268055890720423573e-01 -3.079725635306034826e-01
1.509092425969044693e-01 -4.161386300009952688e-01 -3.101962565114174675e-01
1.497441692250556511e-01 -4.055764967576239721e-01 -3.122180557712523341e-01
1.485880906366835175e-01 -3.951214977969973452e-01 -3.140424219152255225e-01
1.474409373888398711e-01 -3.847758172338305305e-01 -3.156738026975206002e-01
1.463026405747009928e-01 -3.745415172059994302e-01 -3.171166303925126440e-01
1.451731318194284248e-01 -3.644205402509659297e-01 -3.183753192727540871e-01
1.440523432760620060e-01 -3.544147116924589169e-01 -3.194542631917180464e-01
1.429402076214443262e-01 -3.445257420348518673e-01 -3.203578332691854880e-01
1.418366580521768783e-01 -3.347552293627996112e-01 -3.210903756771629758e-01
1.407416282806073504e-01 -3.251046617437884922e-01 -3.216562095242063712e-01
1.396550525308478119e-01 -3.155754196313652060e-01 -3.220596248360326208e-01
1.385768655348235956e-01 -3.061687782669087476e-01 -3.223048806303017710e-01
1.375070025283531838e-01 -2.968859100779054905e-01 -3.223962030834532921e-01
1.364453992472575150e-01 -2.877278870707749014e-01 -3.223377837874888407e-01
1.353919919235000990e-01 -2.786956832164035336e-01 -3.221337780946040286e-01
1.343467172813565258e-01 -2.697901768266125488e-01 -3.217883035475755937e-01
1.333095125336135334e-01 -2.610121529198879964e-01 -3.213054383938277470e-01
1.322803153777976359e-01 -2.523623055747787891e-01 -3.206892201811138432e-01
1.312590639924328395e-01 -2.438412402694521974e-01 -3.199436444327594664e-01
1.302456970333270847e-01 -2.354494762059749224e-01 -3.190726634004363849e-01
1.292401536298872222e-01 -2.271874486179632502e-01 -3.180801848924486031e-01
1.282423733814631317e-01 -2.190555110603322753e-01 -3.169700711755344402e-01
1.272522963537191520e-01 -2.110539376799239752e-01 -3.157461379482041641e-01
1.262698630750342110e-01 -2.031829254658912010e-01 -3.144121533836577442e-01
1.252950145329295162e-01 -1.954425964787611103e-01 -3.129718372403486604e-01
1.243276921705235571e-01 -1.878330000571753755e-01 -3.114288600382766892e-01
1.233678378830151134e-01 -1.803541150013788785e-01 -3.097868422991269521e-01
1.224153940141926300e-01 -1.730058517325640532e-01 -3.080493538483856097e-01
1.214703033529713344e-01 -1.657880544272703760e-01 -3.062199131775952821e-01
1.205325091299563056e-01 -1.587005031260649013e-01 -3.043019868649361470e-01
1.196019550140328402e-01 -1.517429158158115354e-01 -3.022989890523441470e-01
1.186785851089826038e-01 -1.449149504848705194e-01 -3.002142809774072107e-01
1.177623439501259139e-01 -1.382162071506320422e-01 -2.980511705583041016e-01
1.168531765009904605e-01 -1.316462298588395863e-01 -2.958129120300813097e-01
1.159510281500050338e-01 -1.252045086541930530e-01 -2.935027056305888338e-01
1.150558447072194124e-01 -1.188904815217882022e-01 -2.911236973344263346e-01
1.141675724010492027e-01 -1.127035362989743938e-01 -2.886789786332774055e-01
1.132861578750458120e-01 -1.066430125572662146e-01 -2.861715863610393429e-01
1.124115481846915121e-01 -1.007082034539864002e-01 -2.836045025621858340e-01
1.115436907942192885e-01 -9.489835755335092327e-02 -2.809806544018266794e-01
1.106825335734570315e-01 -8.921268061674811345e-02 -2.783029141159603093e-01
1.098280247946962496e-01 -8.365033736200291892e-02 -2.755740990004408308e-01
1.089801131295848047e-01 -7.821045319144755148e-02 -2.727969714372148191e-01
1.081387476460437674e-01 -7.289211588865801561e-02 -2.699742389564074863e-01
1.073038778052082393e-01 -6.769437728374534669e-02 -2.671085543328728384e-01
1.064754534583913503e-01 -6.261625488712005416e-02 -2.642025157158433002e-01
1.056534248440721274e-01 -5.765673349168280726e-02 -2.612586667903526449e-01
1.048377425849062461e-01 -5.281476674341562677e-02 -2.582794969691276088e-01
1.040283576847601393e-01 -4.808927868038257586e-02 -2.552674416136762048e-01
1.032252215257680600e-01 -4.347916524016834372e-02 -2.522248822833296211e-01
1.024282858654115003e-01 -3.898329573580820717e-02 -2.491541470110176792e-01
1.016375028336215375e-01 -3.460051430029096459e-02 -2.460575106045943816e-01
1.008528249299032176e-01 -3.032964129973343345e-02 -2.429371949725512292e-01
1.000742050204824068e-01 -2.616947471534910100e-02 -2.397953694729864915e-01
9.930159633547468168e-02 -2.211879149435373726e-02 -2.366341512847281170e-01
9.853495246607579805e-02 -1.817634886996513655e-02 -2.334556057995280098e-01
9.777422736177415752e-02 -1.434088565068094949e-02 -2.302617470342833983e-01
9.701937532758450611e-02 -1.061112347902592665e-02 -2.270545380622559506e-01
9.627035102130324096e-02 -6.985768059985425320e-03 -2.238358914622962936e-01
9.552710945078489446e-02 -3.463510359348790247e-03 -2.206076697850993529e-01
9.478960597123935183e-02 -4.302777220532525706e-05 -2.173716860355451586e-01
9.405779628255032943e-02 3.277014738149068747e-03 -2.141297041702078241e-01
9.333163642661433668e-02 6.497963530630812556e-03 -2.108834396091344987e-01
9.261108278470005228e-02 9.621175205829810700e-03 -2.076345597610244620e-01
9.189609207482846154e-02 1.264801555422171223e-02 -2.043846845609655904e-01
9.118662134917292217e-02 1.557985853283193681e-02 -2.011353870199019400e-01
9.048262799147945012e-02 1.841808527003720164e-02 -1.978881937850369699e-01
8.978406971450655916e-02 2.116408309818702121e-02 -1.946445857103951960e-01
8.909090455748562565e-02 2.381924461371151200e-02 -1.914059984367950384e-01
8.840309088360016887e-02 2.638496676438469371e-02 -1.881738229804968410e-01
8.772058737748469892e-02 2.886264996339571801e-02 -1.849494063298217639e-01
8.704335304274325724e-02 3.125369722987739879e-02 -1.817340520490591804e-01
8.637134719948676154e-02 3.355951335553826465e-02 -1.785290208889918906e-01
8.570452948188926612e-02 3.578150409703394902e-02 -1.753355314034006629e-01
8.504285983576360952e-02 3.792107539371211006e-02 -1.721547605709256579e-01
8.438629851615531141e-02 3.997963261035913235e-02 -1.689878444216794950e-01
8.373480608495496857e-02 4.195857980457581848e-02 -1.658358786680309838e-01
8.308834340852966349e-02 4.385931901839855429e-02 -1.626999193389994380e-01
8.244687165537213647e-02 4.568324959379026912e-02 -1.595809834177114028e-01
8.181035229376824869e-02 4.743176751161266164e-02 -1.564800494813967102e-01
8.117874708948237539e-02 4.910626475369576915e-02 -1.533980583434177147e-01
8.055201810346102054e-02 5.070812868761506720e-02 -1.503359136968431542e-01
7.993012768955373715e-02 5.223874147378824301e-02 -1.472944827590939587e-01
7.931303849225172786e-02 5.369947949449987296e-02 -1.442745969172077869e-01
7.870071344444423689e-02 5.509171280446282376e-02 -1.412770523732872485e-01
7.809311576519178955e-02 5.641680460252641860e-02 -1.383026107897079027e-01
7.749020895751690396e-02 5.767611072413651729e-02 -1.353519999336835755e-01
7.689195680621190021e-02 5.887097915415958477e-02 -1.324259143208020573e-01
7.629832337566344602e-02 6.000274955967761781e-02 -1.295250158571533416e-01
7.570927300769401957e-02 6.107275284236454715e-02 -1.266499344796966631e-01
7.512477031941991457e-02 6.208231071005596013e-02 -1.238012687945204554e-01
7.454478020112603742e-02 6.303273526712267760e-02 -1.209795867126675500e-01
7.396926781415688601e-02 6.392532862326366638e-02 -1.181854260832089776e-01
7.339819858882373760e-02 6.476138252033440679e-02 -1.154192953232655999e-01
7.283153822232828201e-02 6.554217797682636293e-02 -1.126816740446904413e-01
7.226925267670218644e-02 6.626898494961906694e-02 -1.099730136771355504e-01
7.171130817676225899e-02 6.694306201262760492e-02 -1.072937380872399510e-01
7.115767120808194623e-02 6.756565605196837576e-02 -1.046442441936917267e-01
7.060830851497799932e-02 6.813800197727319652e-02 -1.020249025779229601e-01
7.006318709851298843e-02 6.866132244877984347e-02 -9.943605809021294206e-02
6.952227421451302736e-02 6.913682761983538927e-02 -9.687803045098412891e-02
6.898553737160102728e-02 6.956571489444614287e-02 -9.435111484708827434e-02
6.845294432924500794e-02 6.994916869951682548e-02 -9.185558252288783532e-02
6.792446309582127195e-02 7.028836027142151832e-02 -8.939168136595050662e-02
6.740006192669303897e-02 7.058444745655276242e-02 -8.695963648718772754e-02
6.687970932230351273e-02 7.083857452550167133e-02 -8.455965079527018313e-02
6.636337402628364468e-02 7.105187200052187624e-02 -8.219190556517012858e-02
6.585102502357481624e-02 7.122545649593638173e-02 -7.985656100068855290e-02
6.534263153856574580e-02 7.136043057115044885e-02 -7.755375679083022222e-02
6.483816303324391184e-02 7.145788259593588432e-02 -7.528361265990302087e-02
6.433758920536110371e-02 7.151888662765847060e-02 -7.304622891122444783e-02
6.384087998661343299e-02 7.154450230012258938e-02 -7.084168696432772971e-02
6.334800554083495905e-02 7.153577472371254464e-02 -6.867004988556518752e-02
6.285893626220566410e-02 7.149373439651385276e-02 -6.653136291201887376e-02
6.237364277347311192e-02 7.141939712610222146e-02 -6.442565396863213223e-02
6.189209592418772748e-02 7.131376396169231136e-02 -6.235293417848455227e-02
6.141426678895180874e-02 7.117782113634296692e-02 -6.031319836614010277e-02
6.094012666568213860e-02 7.101254001892001733e-02 -5.830642555400605831e-02
6.046964707388582244e-02 7.081887707552202149e-02 -5.633257945164363983e-02
6.000279975294960794e-02 7.059777384007909218e-02 -5.439160893798195701e-02
5.953955666044222217e-02 7.035015689383945781e-02 -5.248344853638952506e-02
5.907988997043002455e-02 7.007693785346323645e-02 -5.060801888256682285e-02
5.862377207180559380e-02 6.977901336744656013e-02 -4.876522718522642574e-02
5.817117556662905475e-02 6.945726512060509950e-02 -4.695496767953329792e-02
5.772207326848250580e-02 6.911255984634956384e-02 -4.517712207328644647e-02
5.727643820083693632e-02 6.874574934649073377e-02 -4.343155998582297339e-02
5.683424359543169657e-02 6.835767051831628804e-02 -4.171813937963488733e-02
5.639546289066678375e-02 6.794914538868648823e-02 -4.003670698469328354e-02
5.596006973000725027e-02 6.752098115489903185e-02 -3.838709871547638097e-02
5.552803796039998407e-02 6.707397023208019893e-02 -3.676914008070551743e-02
5.509934163070279861e-02 6.660889030686202583e-02 -3.518264658579670079e-02
5.467395499012570742e-02 6.612650439711051376e-02 -3.362742412803884640e-02
5.425185248668391164e-02 6.562756091747454223e-02 -3.210326938451289053e-02
5.383300876566318033e-02 6.511279375052973772e-02 -3.060997019277368267e-02
5.341739866809672166e-02 6.458292232329516935e-02 -2.914730592431495279e-02
5.300499722925398893e-02 6.403865168890646165e-02 -2.771504785084543537e-02
5.259577967714102603e-02 6.348067261323216137e-02 -2.631295950340510961e-02
5.218972143101260897e-02 6.290966166622570521e-02 -2.494079702435579582e-02
5.178679809989569782e-02 6.232628131780867942e-02 -2.359830951228076776e-02
5.138698548112413667e-02 6.173118003808550358e-02 -2.228523935983298468e-02
5.099025955888516343e-02 6.112499240169576992e-02 -2.100132258457540826e-02
5.059659650277666815e-02 6.050833919611143391e-02 -1.974628915285550623e-02
5.020597266637571304e-02 5.988182753369323402e-02 -1.851986329676251139e-02
4.981836458581825194e-02 5.924605096732352139e-02 -1.732176382421759392e-02
4.943374897838967441e-02 5.860158960943712830e-02 -1.615170442224751063e-02
4.905210274112627167e-02 5.794901025427595664e-02 -1.500939395349688670e-02
4.867340294942740925e-02 5.728886650319655466e-02 -1.389453674603462717e-02
4.829762685567867697e-02 5.662169889286593899e-02 -1.280683287651384825e-02
4.792475188788532237e-02 5.594803502618134194e-02 -1.174597844674358030e-02
4.755475564831647406e-02 5.526838970575721766e-02 -1.071166585373577000e-02
4.718761591215978740e-02 5.458326506982465881e-02 -9.703584053290300465e-03
4.682331062618644291e-02 5.389315073039214338e-02 -8.721418817182901087e-03
4.646181790742637957e-02 5.319852391352137416e-02 -7.764852984022708841e-03
4.610311604185394346e-02 5.249984960157509650e-02 -6.833566703847794403e-03
4.574718348308352833e-02 5.179758067729739457e-02 -5.927237676526934430e-03
4.539399885107534005e-02 5.109215806959070683e-02 -5.045541384038699888e-03
4.504354093085113225e-02 5.038401090085774248e-02 -4.188151316698885199e-03
4.469578867121985072e-02 4.967355663577967262e-02 -3.354739193409182144e-03
4.435072118351325587e-02 4.896120123140540459e-02 -2.544975176000391880e-03
4.400831774033100996e-02 4.824733928843026598e-02 -1.758528077743914692e-03
4.366855777429580476e-02 4.753235420354644247e-02 -9.950655661078073883e-04
4.333142087681782217e-02 4.681661832274974788e-02 -2.542543598320448389e-04
4.299688679686881898e-02 4.610049309549104496e-02 4.642395796000179081e-04
4.266493543976580122e-02 4.538432922956513182e-02 1.160750862016593195e-03
4.233554686596388561e-02 4.466846684663042244e-02 1.835614488062047760e-03
4.200870128985866037e-02 4.395323563825882102e-02 2.489165674072411384e-03
4.168437907859755265e-02 4.323895502241557193e-02 3.121739682244081653e-03
4.136256075090074397e-02 4.252593430027516025e-02 3.733671656015854524e-03
4.104322697589085633e-02 4.181447281327833887e-02 4.325296460586720848e-03
4.072635857193174919e-02 4.110486010034145737e-02 4.896948528489270501e-03
4.041193650547642707e-02 4.039737605513146756e-02 5.448961710139289816e-03
4.009994188992369729e-02 3.969229108332155559e-02 5.981669129282596135e-03
3.979035598448363298e-02 3.898986625974615317e-02 6.495403043259233289e-03
3.948316019305197350e-02 3.829035348537768862e-02 6.990494708005204685e-03
3.917833606309304578e-02 3.759399564404757726e-02 7.467274247712703088e-03
3.887586528453125523e-02 3.690102675883926570e-02 7.926070529069297391e-03
3.857572968865145835e-02 3.621167214808249796e-02 8.367211039995992028e-03
3.827791124700745395e-02 3.552614858087991406e-02 8.791021772806165840e-03
3.798239207033912018e-02 3.484466443210104680e-02 9.197827111705445674e-03
3.768915440749776025e-02 3.416741983677994143e-02 9.587949724554317710e-03
3.739818064437998302e-02 3.349460684385611314e-02 9.961710458814592578e-03
3.710945330286954252e-02 3.282640956919961883e-02 1.031942824160193665e-02
3.682295503978748330e-02 3.216300434786436430e-02 1.066141998376654923e-02
3.653866864585045976e-02 3.150455988551607162e-02 1.098800048792425432e-02
3.625657704463689651e-02 3.085123740898215033e-02 1.129948236036148503e-02
3.597666329156131576e-02 3.020319081587498691e-02 1.159617592673715079e-02
3.569891057285653341e-02 2.956056682324043061e-02 1.187838915150533046e-02
3.542330220456364059e-02 2.892350511518598788e-02 1.214642756098334268e-02
3.514982163152989558e-02 2.829213848944607881e-02 1.240059416998986683e-02
3.487845242641421373e-02 2.766659300284173353e-02 1.264118941197862368e-02
3.460917828870049145e-02 2.704698811559654026e-02 1.286851107259341480e-02
3.434198304371845895e-02 2.643343683447016770e-02 1.308285422657138458e-02
3.407685064167206845e-02 2.582604585467407690e-02 1.328451117792145766e-02
3.381376515667542521e-02 2.522491570053560575e-02 1.347377140330569684e-02
3.355271078579622618e-02 2.463014086487818818e-02 1.365092149855215084e-02
3.329367184810640840e-02 2.404180994708662866e-02 1.381624512822833550e-02
3.303663278374032591e-02 2.346000578982960008e-02 1.397002297820483692e-02
3.278157815296004612e-02 2.288480561441125910e-02 1.411253271113981599e-02
3.252849263522796658e-02 2.231628115472706481e-02 1.424404892481543998e-02
3.227736102828646786e-02 2.175449878979916762e-02 1.436484311325814806e-02
3.202816824724483841e-02 2.119951967486954567e-02 1.447518363057535493e-02
3.178089932367314518e-02 2.065139987102932589e-02 1.457533565744207303e-02
3.153553940470300854e-02 2.011019047336450732e-02 1.466556117017153368e-02
3.129207375213559350e-02 1.957593773760096800e-02 1.474611891230459895e-02
3.105048774155621735e-02 1.904868320523049607e-02 1.481726436865384890e-02
3.081076686145587176e-02 1.852846382710329406e-02 1.487924974173872143e-02
3.057289671235963527e-02 1.801531208547265880e-02 1.493232393054889223e-02
3.033686300596168117e-02 1.750925611447844144e-02 1.497673251157412115e-02
3.010265156426701616e-02 1.701031981905800836e-02 1.501271772203924097e-02
2.987024831873982128e-02 1.651852299227386800e-02 1.504051844528421847e-02
2.963963930945844386e-02 1.603388143104895330e-02 1.506037019822956992e-02
2.941081068427680092e-02 1.555640705030069890e-02 1.507250512086857203e-02
2.918374869799232607e-02 1.508610799546735402e-02 1.507715196772845684e-02
2.895843971152036941e-02 1.462298875342015782e-02 1.507453610124351306e-02
2.873487019107488424e-02 1.416705026175608430e-02 1.506487948698394773e-02
2.851302670735547662e-02 1.371829001646733201e-02 1.504840069068517222e-02
2.829289593474077977e-02 1.327670217798449480e-02 1.502531487702305282e-02
2.807446465048799369e-02 1.284227767559082550e-02 1.499583381008140828e-02
2.785771973393862816e-02 1.241500431020666970e-02 1.496016585545891821e-02
2.764264816573035882e-02 1.199486685554340681e-02 1.491851598396358621e-02
2.742923702701499308e-02 1.158184715762747459e-02 1.487108577684349842e-02
2.721747349868250399e-02 1.117592423269571367e-02 1.481807343250363465e-02
2.700734486059093789e-02 1.077707436346373587e-02 1.475967377465924393e-02
2.679883849080243186e-02 1.038527119377075265e-02 1.469607826187725903e-02
2.659194186482499375e-02 1.000048582160370340e-02 1.462747499845777621e-02
2.638664255486015964e-02 9.622686890505280713e-03 1.455404874660888234e-02
2.618292822905655265e-02 9.251840679370928328e-03 1.447598093986847238e-02
2.598078665076909016e-02 8.887911190639972633e-03 1.439344969772798737e-02
2.578020567782399880e-02 8.530860236887507358e-03 1.430662984141346100e-02
2.558117326178935974e-02 8.180647525823425692e-03 1.421569291078010958e-02
2.538367744725153127e-02 7.837230743706775568e-03 1.412080718227807889e-02
2.518770637109692817e-02 7.500565637182522727e-03 1.402213768794671744e-02
2.499324826179942158e-02 7.170606093549807165e-03 1.391984623539664102e-02
2.480029143871330735e-02 6.847304219470751706e-03 1.381409142873897891e-02
2.460882431137165205e-02 6.530610418129140747e-03 1.370502869042215278e-02
2.441883537879003738e-02 6.220473464849041872e-03 1.359281028393747801e-02
2.423031322877579677e-02 5.916840581184180242e-03 1.347758533735545286e-02
2.404324653724248390e-02 5.619657507488517480e-03 1.335949986765558144e-02
2.385762406752960085e-02 5.328868573979636016e-03 1.323869680581306503e-02
2.367343466972773522e-02 5.044416770306865520e-03 1.311531602260692861e-02
2.349066728000876250e-02 4.766243813635828719e-03 1.298949435511435012e-02
2.330931091996127705e-02 4.494290215262255681e-03 1.286136563385716428e-02
2.312935469593110221e-02 4.228495345767669354e-03 1.273106071056701386e-02
2.295078779836700472e-02 3.968797498730376044e-03 1.259870748653652874e-02
2.277359950117136336e-02 3.715133953004913069e-03 1.246443094152446113e-02
2.259777916105583026e-02 3.467441033583811873e-03 1.232835316318353115e-02
2.242331621690209914e-02 3.225654171055924307e-03 1.219059337698060949e-02
2.225020018912744410e-02 2.989707959675216332e-03 1.205126797657916742e-02
2.207842067905527519e-02 2.759536214054910449e-03 1.191049055465515268e-02
2.190796736829051655e-02 2.535072024501545951e-03 1.176837193411767873e-02
2.173883001809979662e-02 2.316247811003982731e-03 1.162502019970686543e-02
2.157099846879643318e-02 2.102995375892532676e-03 1.148054072994186305e-02
2.140446263913014374e-02 1.895245955183524770e-03 1.133503622939248390e-02
2.123921252568151952e-02 1.692930268625006396e-03 1.118860676124902760e-02
2.107523820226114494e-02 1.495978568459038543e-03 1.104134978016499229e-02
2.091252981931331079e-02 1.304320686916517029e-03 1.089336016534834389e-02
2.075107760332440751e-02 1.117886082460588281e-03 1.074473025387764728e-02
2.059087185623587751e-02 9.366038847946365825e-04 1.059554987421990231e-02
2.043190295486161170e-02 7.604029386509847128e-04 1.044590637992745021e-02
2.027416135030996741e-02 5.892118463767770072e-04 1.029588468349226446e-02
2.011763756741015083e-02 4.229590093332582742e-04 1.014556729033611743e-02
1.996232220414309588e-02 2.615726681250149033e-04 9.995034332916144168e-03
1.980820593107665561e-02 1.049809416755755710e-04 9.844363604925460490e-03
1.965527949080526568e-02 -4.688813483387724036e-05 9.693630595569567576e-03
1.950353369739386139e-02 -1.941065731462661664e-04 9.542908523899430034e-03
1.935295943582602402e-02 -3.367463962141470130e-04 9.392268373182709185e-03
1.920354766145658185e-02 -4.748796035721418560e-04 9.241778925295762726e-03
1.905528939946825318e-02 -6.085781377799207460e-04 9.091506795118588224e-03
1.890817574433252893e-02 -7.379138519188129268e-04 8.941516464916244439e-03
1.876219785927479844e-02 -8.629584781253520683e-04 8.791870318690591518e-03
1.861734697574349978e-02 -9.837835971452176149e-04 8.642628676486352468e-03
1.847361439288344037e-02 -1.100460608890769122e-03 8.493849828636622357e-03
1.833099147701311785e-02 -1.213060703985651637e-03 8.345590069932854599e-03
1.818946966110617652e-02 -1.321654836279705873e-03 8.197903733705366736e-03
1.804904044427673576e-02 -1.426313696317865363e-03 8.050843225800409855e-03
1.790969539126883656e-02 -1.527107685746237125e-03 7.904459058440825928e-03
1.777142613194966289e-02 -1.624106892639207936e-03 7.758799883957197621e-03
1.763422436080686745e-02 -1.717381067730858494e-03 7.613912528377579994e-03
1.749808183644960616e-02 -1.806999601534651839e-03 7.469842024863550430e-03
1.736299038111353832e-02 -1.893031502334933296e-03 7.326631646981458974e-03
1.722894188016958067e-02 -1.975545375034141755e-03 7.184322941797739552e-03
1.709592828163649172e-02 -2.054609400839619519e-03 7.042955762787774833e-03
1.696394159569722740e-02 -2.130291317774024844e-03 6.902568302548221270e-03
1.683297389421893608e-02 -2.202658401993436068e-03 6.763197125302907245e-03
1.670301731027684991e-02 -2.271777449897280886e-03 6.624877199193284633e-03
1.657406403768166281e-02 -2.337714761014473078e-03 6.487641928344146935e-03
1.644610633051060700e-02 -2.400536121650114884e-03 6.351523184696252627e-03
1.631913650264225218e-02 -2.460306789277212376e-03 6.216551339597801117e-03
1.619314692729476382e-02 -2.517091477658168607e-03 6.082755295146686191e-03
1.606813003656779038e-02 -2.570954342680692711e-03 5.950162515276312229e-03
1.594407832098788599e-02 -2.621958968893049746e-03 5.818799056577828727e-03
1.582098432905743729e-02 -2.670168356723656797e-03 5.688689598852032445e-03
1.569884066680701795e-02 -2.715644910370144417e-03 5.559857475384500508e-03
1.557763999735133596e-02 -2.758450426343156056e-03 5.432324702938117963e-03
1.545737504044846465e-02 -2.798646082650307291e-03 5.306112011456911789e-03
1.533803857206256401e-02 -2.836292428605855041e-03 5.181238873476109487e-03
1.521962342392989970e-02 -2.871449375251761832e-03 5.057723533233025523e-03
1.510212248312833502e-02 -2.904176186375955534e-03 4.935583035474275758e-03
1.498552869165002688e-02 -2.934531470113869913e-03 4.814833253954537221e-03
1.486983504597748189e-02 -2.962573171119292810e-03 4.695488919622751479e-03
1.475503459666287730e-02 -2.988358563290879639e-03 4.577563648491883228e-03
1.464112044791057894e-02 -3.011944243040774911e-03 4.461069969188409881e-03
1.452808575716300031e-02 -3.033386123091882068e-03 4.346019350178404947e-03
1.441592373468953726e-02 -3.052739426790625904e-03 4.232422226666769996e-03
1.430462764317873628e-02 -3.070058682922061858e-03 4.120288027166977597e-03
1.419419079733361296e-02 -3.085397721014439265e-03 4.009625199738596490e-03
1.408460656347002883e-02 -3.098809667120447104e-03 3.900441237890156076e-03
1.397586835911830173e-02 -3.110346940062561159e-03 3.792742706145396919e-03
1.386796965262775821e-02 -3.120061248130042049e-03 3.686535265270705908e-03
1.376090396277441716e-02 -3.128003586215340453e-03 3.581823697162259384e-03
1.365466485837163110e-02 -3.134224233377801584e-03 3.478611929391234488e-03
1.354924595788385179e-02 -3.138772750822715809e-03 3.376903059405990219e-03
1.344464092904325975e-02 -3.141697980283995623e-03 3.276699378389937977e-03
1.334084348846940535e-02 -3.143048042798827265e-03 3.178002394774379936e-03
1.323784740129178850e-02 -3.142870337862924569e-03 3.080812857405595788e-03
1.313564648077535091e-02 -3.141211542955076822e-03 2.985130778365688211e-03
1.303423458794881161e-02 -3.138117613419937838e-03 2.890955455446823225e-03
1.293360563123597748e-02 -3.133633782698095390e-03 2.798285494278895773e-03
1.283375356608980507e-02 -3.127804562892723406e-03 2.707118830110459215e-03
1.273467239462928134e-02 -3.120673745662168319e-03 2.617452749243204951e-03
1.263635616527922050e-02 -3.112284403428116752e-03 2.529283910120483109e-03
1.253879897241271142e-02 -3.102678890889050238e-03 2.442608364070144450e-03
1.244199495599639972e-02 -3.091898846828951188e-03 2.357421575702573022e-03
1.234593830123848629e-02 -3.079985196211308413e-03 2.273718442964630781e-03
1.225062323823944248e-02 -3.066978152548732045e-03 2.191493316850505121e-03
1.215604404164544530e-02 -3.052917220538560114e-03 2.110740020770544411e-03
1.206219503030441474e-02 -3.037841198955064988e-03 2.031451869579253746e-03
1.196907056692483699e-02 -3.021788183789040488e-03 1.953621688263947141e-03
1.187666505773710135e-02 -3.004795571625655873e-03 1.877241830295334852e-03
1.178497295215747212e-02 -2.986900063251701851e-03 1.802304195641739369e-03
1.169398874245473723e-02 -2.968137667483456560e-03 1.728800248448693648e-03
1.160370696341933051e-02 -2.948543705206605435e-03 1.656721034385584762e-03
1.151412219203506136e-02 -2.928152813619789869e-03 1.586057197661380628e-03
1.142522904715336310e-02 -2.906998950673506544e-03 1.516798997711385705e-03
1.133702218917006198e-02 -2.885115399696299657e-03 1.448936325557176547e-03
1.124949631970465456e-02 -2.862534774200253731e-03 1.382458719841888825e-03
1.116264618128199812e-02 -2.839289022858044499e-03 1.317355382543121617e-03
1.107646655701656664e-02 -2.815409434643910327e-03 1.253615194365942419e-03
1.099095227029906439e-02 -2.790926644131064456e-03 1.191226729818295948e-03
1.090609818448543683e-02 -2.765870636938236662e-03 1.130178271971423809e-03
1.082189920258839512e-02 -2.740270755318217205e-03 1.070457826907959343e-03
1.073835026697120103e-02 -2.714155703881312824e-03 1.012053137860228179e-03
1.065544635904388908e-02 -2.687553555446960205e-03 9.549516990416164744e-04
1.057318249896179937e-02 -2.660491757016686387e-03 8.991407691737482270e-04
1.049155374532645749e-02 -2.632997135861932583e-03 8.446073847123555453e-04
1.041055519488876327e-02 -2.605095905720282174e-03 7.913383727747577224e-04
1.033018198225442615e-02 -2.576813673093827049e-03 7.393203637718868699e-04
1.025042927959177175e-02 -2.548175443643577349e-03 6.885398037479730730e-04
1.017129229634170830e-02 -2.519205628673882973e-03 6.389829664308399387e-04
1.009276627892995506e-02 -2.489928051701051619e-03 5.906359649959856250e-04
1.001484651048154678e-02 -2.460365955100471316e-03 5.434847635476450353e-04
9.937528310537478704e-03 -2.430542006826633388e-03 4.975151883199241312e-04
9.860807034773558244e-03 -2.400478307200649194e-03 4.527129386013186004e-04
9.784678074721444088e-03 -2.370196395759967961e-03 4.090635973858444967e-04
9.709136857491817291e-03 -2.339717258165113691e-03 3.665526417540781253e-04
9.634178845499708627e-03 -2.309061333158428202e-03 3.251654529874326472e-04
9.559799536191907615e-03 -2.278248519569884591e-03 2.848873264189864026e-04
9.485994461776546885e-03 -2.247298183365261780e-03 2.457034810243058929e-04
9.412759188954714432e-03 -2.216229164731946515e-03 2.075990687555606955e-04
9.340089318654128461e-03 -2.185059785197891128e-03 1.705591836223866690e-04
9.267980485764942475e-03 -2.153807854779336492e-03 1.345688705229564845e-04
9.196428358877520998e-03 -2.122490679152975058e-03 9.961313382862185979e-05
9.125428640022237997e-03 -2.091125066848417962e-03 6.567694572561763632e-05
9.054977064411355234e-03 -2.059727336456944249e-03 3.274525431732451601e-05
8.985069400182814012e-03 -2.028313323852559257e-03 8.029914904848380833e-07
8.915701448146047883e-03 -1.996898389421593919e-03 -3.016491945109318142e-05
8.846869041529738242e-03 -1.965497425297113576e-03 -6.017355638188567397e-05
8.778568045731540564e-03 -1.934124862594578187e-03 -8.923799117557114325e-05
8.710794358069724047e-03 -1.902794678645247824e-03 -1.173732827480289859e-04
8.643543907536707302e-03 -1.871520404223965496e-03 -1.445944703189545226e-04
8.576812654554564694e-03 -1.840315130768099177e-03 -1.709165668885624743e-04
8.510596590732355873e-03 -1.809191517584399309e-03 -1.963545529259659020e-04
8.444891738625349628e-03 -1.778161799040787854e-03 -2.209233702657121732e-04
8.379694151496114296e-03 -1.747237791740084310e-03 -2.446379162090311921e-04
8.314999913077440047e-03 -1.716430901672819434e-03 -2.675130378263374247e-04
8.250805137337112113e-03 -1.685752131346384504e-03 -2.895635264575388101e-04
8.187105968244460380e-03 -1.655212086887826450e-03 -3.108041124067299483e-04
8.123898579538752981e-03 -1.624820985117757461e-03 -3.312494598278263006e-04
8.061179174499373198e-03 -1.594588660592876489e-03 -3.509141617977448203e-04
7.998943985717738014e-03 -1.564524572614700744e-03 -3.698127355737498216e-04
7.937189274871012112e-03 -1.534637812202256342e-03 -3.879596180315677124e-04
7.875911332497553125e-03 -1.504937109026469088e-03 -4.053691612809179161e-04
7.815106477774070790e-03 -1.475430838304152238e-03 -4.220556284551339179e-04
7.754771058294569405e-03 -1.446127027649575297e-03 -4.380331896715188868e-04
7.694901449850927860e-03 -1.417033363881607189e-03 -4.533159181591780605e-04
7.635494056215209185e-03 -1.388157199784592405e-03 -4.679177865510171204e-04
7.576545308923643245e-03 -1.359505560821159262e-03 -4.818526633366613230e-04
7.518051667062277364e-03 -1.331085151795231196e-03 -4.951343094730602896e-04
7.460009617054288826e-03 -1.302902363463609350e-03 -5.077763751495650976e-04
7.402415672448906317e-03 -1.274963279094538980e-03 -5.197923967043041040e-04
7.345266373712026203e-03 -1.247273680971812708e-03 -5.311957936886716825e-04
7.288558288018378781e-03 -1.219839056842922853e-03 -5.419998660768310600e-04
7.232288009045334705e-03 -1.192664606309957933e-03 -5.522177916170961220e-04
7.176452156768296960e-03 -1.165755247161945731e-03 -5.618626233221284995e-04
7.121047377257676628e-03 -1.139115621647426250e-03 -5.709472870948906469e-04
7.066070342477388279e-03 -1.112750102686074945e-03 -5.794845794873476575e-04
7.011517750085010693e-03 -1.086662800018380276e-03 -5.874871655888939774e-04
6.957386323233377863e-03 -1.060857566292221351e-03 -5.949675770415846108e-04
6.903672810373755533e-03 -1.035338003085484572e-03 -6.019382101792025968e-04
6.850373985060531287e-03 -1.010107466863777777e-03 -6.084113242872827903e-04
6.797486645757406035e-03 -9.851690748723955417e-04 -6.143990399812087298e-04
6.745007615645092977e-03 -9.605257109617632537e-04 -6.199133376995535818e-04
6.692933742430471136e-03 -9.361800313456020020e-04 -6.249660563098548022e-04
6.641261898157267175e-03 -9.121344702911835921e-04 -6.295688918240416451e-04
6.589988979018143213e-03 -8.883912457409967644e-04 -6.337333962207912421e-04
6.539111905168267826e-03 -8.649523648652903199e-04 -6.374709763720867034e-04
6.488627620540312127e-03 -8.418196295449584254e-04 -6.407928930713157386e-04
6.438533092660880461e-03 -8.189946417842915898e-04 -6.437102601602580571e-04
6.388825312468364437e-03 -7.964788090531797976e-04 -6.462340437523640159e-04
6.339501294132170867e-03 -7.742733495583657786e-04 -6.483750615497440055e-04
6.290558074873404265e-03 -7.523792974434594712e-04 -6.501439822513308897e-04
6.241992714786876416e-03 -7.307975079173659790e-04 -6.515513250497116443e-04
6.193802296664527134e-03 -7.095286623109309937e-04 -6.526074592141591383e-04
6.145983925820167754e-03 -6.885732730615603918e-04 -6.533226037574254739e-04
6.098534729915647094e-03 -6.679316886256947416e-04 -6.537068271838945063e-04
6.051451858788269890e-03 -6.476040983189531057e-04 -6.537700473167328040e-04
6.004732484279633360e-03 -6.275905370839243453e-04 -6.535220312017035694e-04
5.958373800065724056e-03 -6.078908901855057485e-04 -6.529723950853466357e-04
5.912373021488356514e-03 -5.885048978337978701e-04 -6.521306044652663662e-04
5.866727385387900812e-03 -5.694321597345760764e-04 -6.510059742102952988e-04
5.821434149937310294e-03 -5.506721395673898605e-04 -6.496076687483488691e-04
5.776490594477428665e-03 -5.322241693913773138e-04 -6.479447023198072527e-04
5.731894019353546074e-03 -5.140874539789040427e-04 -6.460259392943067721e-04
5.687641745753270993e-03 -4.962610750772143134e-04 -6.438600945488544280e-04
5.643731115545595582e-03 -4.787439955982124946e-04 -6.414557339052065488e-04
5.600159491121235213e-03 -4.615350637366388018e-04 -6.388212746245014451e-04
5.556924255234192700e-03 -4.446330170168417083e-04 -6.359649859571591627e-04
5.514022810844548990e-03 -4.280364862684263695e-04 -6.328949897460977442e-04
5.471452580962464680e-03 -4.117439995310561264e-04 -6.296192610813550932e-04
5.429211008493371564e-03 -3.957539858887209661e-04 -6.261456290042313397e-04
5.387295556084406231e-03 -3.800647792338283947e-04 -6.224817772591118145e-04
5.345703705971957369e-03 -3.646746219614379714e-04 -6.186352450911480894e-04
5.304432959830465526e-03 -3.495816685940680347e-04 -6.146134280880305922e-04
5.263480838622333104e-03 -3.347839893374391848e-04 -6.104235790640940044e-04
5.222844882449025235e-03 -3.202795735675981214e-04 -6.060728089850540021e-04
5.182522650403291291e-03 -3.060663332498562246e-04 -6.015680879316877804e-04
5.142511720422569474e-03 -2.921421062900210106e-04 -5.969162461008199142e-04
5.102809689143486885e-03 -2.785046598183750694e-04 -5.921239748419923491e-04
5.063414171757493233e-03 -2.651516934069194308e-04 -5.871978277282419818e-04
5.024322801867616914e-03 -2.520808422203896335e-04 -5.821442216594346648e-04
4.985533231346313959e-03 -2.392896801015701456e-04 -5.769694379966376413e-04
4.947043130194433286e-03 -2.267757225914595102e-04 -5.716796237260497173e-04
4.908850186401237520e-03 -2.145364298848300246e-04 -5.662807926510248467e-04
4.870952105805551394e-03 -2.025692097217812195e-04 -5.607788266107782563e-04
4.833346611957943170e-03 -1.908714202158394294e-04 -5.551794767243752992e-04
4.796031445983983330e-03 -1.794403726192242974e-04 -5.494883646586383496e-04
4.759004366448562305e-03 -1.682733340258825623e-04 -5.437109839186520487e-04
4.722263149221252523e-03 -1.573675300129108380e-04 -5.378527011595523070e-04
4.685805587342717349e-03 -1.467201472209969269e-04 -5.319187575183383521e-04
4.649629490892110556e-03 -1.363283358745084222e-04 -5.259142699644491718e-04
4.613732686855585158e-03 -1.261892122419142233e-04 -5.198442326679220300e-04
4.578113018995729443e-03 -1.162998610371417113e-04 -5.137135183839074744e-04
4.542768347722056857e-03 -1.066573377625793586e-04 -5.075268798524183592e-04
4.507696549962485547e-03 -9.725867099437729879e-05 -5.012889512121682925e-04
4.472895519035811895e-03 -8.810086461073009809e-05 -4.950042494274029458e-04
4.438363164525157244e-03 -7.918089996382149430e-05 -4.886771757266509739e-04
4.404097412152419011e-03 -7.049573799613919733e-05 -4.823120170523535473e-04
4.370096203653659438e-03 -6.204232130183137282e-05 -4.759129475203447302e-04
4.336357496655476179e-03 -5.381757613382827718e-05 -4.694840298881973245e-04
4.302879264552321795e-03 -4.581841435742258075e-05 -4.630292170314671807e-04
4.269659496384766925e-03 -3.804173535102238745e-05 -4.565523534268904442e-04
4.236696196718713232e-03 -3.048442785478892259e-05 -4.500571766416270702e-04
4.203987385525517068e-03 -2.314337176787192467e-05 -4.435473188276500725e-04
4.171531098063076780e-03 -1.601543989497034579e-05 -4.370263082204286988e-04
4.139325384757797793e-03 -9.097499642924301735e-06 -4.304975706410501006e-04
4.107368311087491834e-03 -2.386414668073332710e-06 -4.239644310009731197e-04
4.075657957465179081e-03 4.120953524902509778e-06 -4.174301148086193101e-04
4.044192419123768950e-03 1.042774403193505182e-05 -4.108977496770246343e-04
4.012969806001656821e-03 1.653709504558336361e-05 -4.043703668318176137e-04
3.981988242629196789e-03 2.245214239739071438e-05 -3.978509026187890046e-04
3.951245868016034848e-03 2.817601814586262614e-05 -3.913422000103549932e-04
3.920740835539331115e-03 3.371184920933456932e-05 -3.848470101102367141e-04
3.890471312832834237e-03 3.906275604300869531e-05 -3.783679936556923998e-04
3.860435481676814488e-03 4.423185135944026594e-05 -3.719077225166721309e-04
3.830631537888855558e-03 4.922223889174688318e-05 -3.654686811912746976e-04
3.801057691215462084e-03 5.403701219883046489e-05 -3.590532682969080390e-04
3.771712165224549301e-03 5.867925351188315588e-05 -3.526637980565915358e-04
3.742593197198719381e-03 6.315203262147536670e-05 -3.463025017798265033e-04
3.713699038029383021e-03 6.745840580450447816e-05 -3.399715293375132224e-04
3.685027952111697216e-03 7.160141479030013756e-05 -3.336729506303920856e-04
3.656578217240308380e-03 7.558408576517786439e-05 -3.274087570505113706e-04
3.628348124505907744e-03 7.940942841473842958e-05 -3.211808629352451362e-04
3.600335978192569127e-03 8.308043500321816348e-05 -3.149911070133945990e-04
3.572540095675910254e-03 8.660007948918491908e-05 -3.088412538429393642e-04
3.544958807322009988e-03 8.997131667690072240e-05 -3.027329952400024450e-04
3.517590456387110522e-03 9.319708140265701730e-05 -2.966679516986239578e-04
3.490433398918117974e-03 9.628028775539776343e-05 -2.906476738009596320e-04
3.463486003653844583e-03 9.922382833095991651e-05 -2.846736436175156641e-04
3.436746651927013313e-03 1.020305735192527703e-04 -2.787472760970683642e-04
3.410213737567048282e-03 1.047033708237066923e-04 -2.728699204459292932e-04
3.383885666803581205e-03 1.072450442123340644e-04 -2.670428614962184880e-04
3.357760858170721549e-03 1.096583934997382321e-04 -2.612673210628406245e-04
3.331837742412063069e-03 1.119461937594225302e-04 -2.555444592888640124e-04
3.306114762386418507e-03 1.141111947657494054e-04 -2.498753759790199873e-04
3.280590372974292405e-03 1.161561204649113384e-04 -2.442611119210541418e-04
3.255263040985056054e-03 1.180836684742759342e-04 -2.387026501946724953e-04
3.230131245064868806e-03 1.198965096094764765e-04 -2.332009174678485773e-04
3.205193475605284600e-03 1.215972874386260640e-04 -2.277567852802529801e-04
3.180448234652574063e-03 1.231886178630359490e-04 -2.223710713135987327e-04
3.155894035817747873e-03 1.246730887238300988e-04 -2.170445406486999130e-04
3.131529404187273578e-03 1.260532594338479066e-04 -2.117779070090501300e-04
3.107352876234471123e-03 1.273316606342417875e-04 -2.065718339907450735e-04
3.083362999731621354e-03 1.285107938751730932e-04 -2.014269362785902674e-04
3.059558333662712459e-03 1.295931313200273391e-04 -1.963437808482263293e-04
3.035937448136898954e-03 1.305811154725646992e-04 -1.913228881541451001e-04
3.012498924302602944e-03 1.314771589264407620e-04 -1.863647333034529601e-04
2.989241354262291497e-03 1.322836441365275034e-04 -1.814697472152676267e-04
2.966163340987895431e-03 1.330029232114818835e-04 -1.766383177656324498e-04
2.943263498236911146e-03 1.336373177270076622e-04 -1.718707909178585156e-04
2.920540450469120888e-03 1.341891185592701747e-04 -1.671674718381911792e-04
2.897992832763968737e-03 1.346605857379253816e-04 -1.625286259967304991e-04
2.875619290738575407e-03 1.350539483182349701e-04 -1.579544802535311698e-04
2.853418480466381017e-03 1.353714042717454088e-04 -1.534452239298202082e-04
2.831389068396423635e-03 1.356151203950151736e-04 -1.490010098642813264e-04
2.809529731273222811e-03 1.357872322358833351e-04 -1.446219554543574199e-04
2.787839156057313195e-03 1.358898440367777927e-04 -1.403081436825444719e-04
2.766316039846361020e-03 1.359250286945706289e-04 -1.360596241276381682e-04
2.744959089796904662e-03 1.358948277364939677e-04 -1.318764139609224077e-04
2.723767023046697131e-03 1.358012513116371733e-04 -1.277584989272841499e-04
2.702738566637647062e-03 1.356462781975542760e-04 -1.237058343112509677e-04
2.681872457439360338e-03 1.354318558215171812e-04 -1.197183458879560211e-04
2.661167442073247239e-03 1.351599002959563949e-04 -1.157959308590335973e-04
2.640622276837262337e-03 1.348322964676403263e-04 -1.119384587734770237e-04
2.620235727631183009e-03 1.344508979801510280e-04 -1.081457724334640631e-04
2.600006569882479940e-03 1.340175273492189001e-04 -1.044176887851924290e-04
2.579933588472762673e-03 1.335339760504898317e-04 -1.007539997947574435e-04
2.560015577664792423e-03 1.330020046193031884e-04 -9.715447330911379726e-05
2.540251341030046531e-03 1.324233427620662097e-04 -9.361885390216810111e-05
2.520639691376864912e-03 1.317996894788186460e-04 -9.014686370606046230e-05
2.501179450679130809e-03 1.311327131965882710e-04 -8.673820322768742723e-05
2.481869450005510114e-03 1.304240519131433500e-04 -8.339255215053422831e-05
2.462708529449237575e-03 1.296753133507581228e-04 -8.010957012188482998e-05
2.443695538058442054e-03 1.288880751196118553e-04 -7.688889752548313345e-05
2.424829333767016936e-03 1.280638848904509905e-04 -7.373015623972394494e-05
2.406108783326007042e-03 1.272042605761479635e-04 -7.063295038145491411e-05
2.387532762235551522e-03 1.263106905218017682e-04 -6.759686703548181675e-05
2.369100154677328523e-03 1.253846337030270692e-04 -6.462147696986126157e-05
2.350809853447534143e-03 1.244275199320899015e-04 -6.170633533708170615e-05
2.332660759890374438e-03 1.234407500715512538e-04 -5.885098236122915394e-05
2.314651783832068731e-03 1.224256962550895878e-04 -5.605494401124020646e-05
2.296781843515368141e-03 1.213837021151775074e-04 -5.331773266035019960e-05
2.279049865534580211e-03 1.203160830172967229e-04 -5.063884773184476292e-05
2.261454784771087505e-03 1.192241263003791948e-04 -4.801777633122578364e-05
2.243995544329368836e-03 1.181090915231724673e-04 -4.545399386490981108e-05
2.226671095473515757e-03 1.169722107162300321e-04 -4.294696464557598174e-05
2.209480397564235216e-03 1.158146886392371998e-04 -4.049614248428465182e-05
2.192422417996344429e-03 1.146377030433864676e-04 -3.810097126949064787e-05
2.175496132136737169e-03 1.134424049385250832e-04 -3.576088553307587301e-05
2.158700523262846623e-03 1.122299188648021571e-04 -3.347531100353298586e-05
2.142034582501565771e-03 1.110013431685495156e-04 -3.124366514642609564e-05
2.125497308768650468e-03 1.097577502821363320e-04 -2.906535769226448334e-05
2.109087708708583947e-03 1.085001870075440612e-04 -2.693979115192243133e-05
2.092804796634910140e-03 1.072296748034134371e-04 -2.486636131974162184e-05
2.076647594471027567e-03 1.059472100753226640e-04 -2.284445776445436719e-05
2.060615131691429479e-03 1.046537644690587101e-04 -2.087346430806554155e-05
2.044706445263420620e-03 1.033502851666547398e-04 -1.895275949283790114e-05
2.028920579589261163e-03 1.020376951849657446e-04 -1.708171703651830352e-05
2.013256586448763409e-03 1.007168936765654783e-04 -1.525970627595080357e-05
1.997713524942344721e-03 9.938875623275198823e-05 -1.348609259922277166e-05
1.982290461434502854e-03 9.805413518845177562e-05 -1.176023786648593222e-05
1.966986469497731052e-03 9.671385992882176115e-05 -1.008150081960084162e-05
1.951800629856880690e-03 9.536873719735342687e-05 -8.449237480753803357e-06
1.936732030333933102e-03 9.401955140528377381e-05 -6.862801540190476366e-06
1.921779765793211591e-03 9.266706494213071930e-05 -5.321544733217987484e-06
1.906942938087010427e-03 9.131201848716889063e-05 -3.824817206623401157e-06
1.892220656001645379e-03 8.995513132167105505e-05 -2.371967874658569011e-06
1.877612035203923184e-03 8.859710164174405865e-05 -9.623447647414753274e-07
1.863116198188014125e-03 8.723860687159150709e-05 4.047046469764947694e-07
1.848732274222752211e-03 8.588030397704490837e-05 1.729833110024440055e-06
1.834459399299326549e-03 8.452282977920326295e-05 3.013693283859532116e-06
1.820296716079383616e-03 8.316680126803188786e-05 4.256937431795149426e-06
1.806243373843528311e-03 8.181281591577195262e-05 5.460217124459829315e-06
1.792298528440224199e-03 8.046145199001915739e-05 6.624182952636281862e-06
1.778461342235088637e-03 7.911326886633255847e-05 7.749484249329835497e-06
1.764730984060572556e-03 7.776880734024021156e-05 8.836768820916792686e-06
1.751106629166038165e-03 7.642858993851311402e-05 9.886682687221510252e-06
1.737587459168221096e-03 7.509312122958184137e-05 1.089986983037338024e-05
1.724172662002067041e-03 7.376288813297455582e-05 1.187697195229504176e-05
1.710861431871954583e-03 7.243836022766124460e-05 1.281862824067207017e-05
1.697652969203294459e-03 7.111999005919042796e-05 1.372547514325641663e-05
1.684546480594494846e-03 6.980821344551006605e-05 1.459814615035656016e-05
1.671541178769312850e-03 6.850344978136958384e-05 1.543727158536576676e-05
1.658636282529558567e-03 6.720610234119978467e-05 1.624347840318437038e-05
1.645831016708171248e-03 6.591655858037533740e-05 1.701738999638877334e-05
1.633124612122658238e-03 6.463519043476683985e-05 1.775962600900319753e-05
1.620516305528890179e-03 6.336235461849181903e-05 1.847080215772999113e-05
1.608005339575257261e-03 6.209839291978011414e-05 1.915153006049540472e-05
1.595590962757171541e-03 6.084363249486926420e-05 1.980241707216906229e-05
1.583272429371932691e-03 5.959838615985367413e-05 2.042406612731472048e-05
1.571048999473931805e-03 5.836295268040921894e-05 2.101707558983367374e-05
1.558919938830204089e-03 5.713761705932245366e-05 2.158203910936031309e-05
1.546884518876326560e-03 5.592265082175552812e-05 2.211954548427223297e-05
1.534942016672657039e-03 5.471831229818027698e-05 2.263017853117743638e-05
1.523091714860897979e-03 5.352484690491810014e-05 2.311451696074360773e-05
1.511332901621022630e-03 5.234248742222922764e-05 2.357313425973255259e-05
1.499664870628507167e-03 5.117145426988992205e-05 2.400659857910886647e-05
1.488086921011905640e-03 5.001195578020703350e-05 2.441547262808830708e-05
1.476598357310751055e-03 4.886418846841840776e-05 2.480031357399559613e-05
1.465198489433779767e-03 4.772833730043021593e-05 2.516167294780143486e-05
1.453886632617481123e-03 4.660457595784684158e-05 2.550009655521018394e-05
1.442662107384959803e-03 4.549306710024894759e-05 2.581612439317081088e-05
1.431524239505129695e-03 4.439396262468230412e-05 2.611029057168483917e-05
1.420472359952208111e-03 4.330740392231662537e-05 2.638312324078696846e-05
1.409505804865531344e-03 4.223352213224158396e-05 2.663514452257480385e-05
1.398623915509677497e-03 4.117243839236631826e-05 2.686687044816570141e-05
1.387826038234897877e-03 4.012426408739233250e-05 2.707881089946013930e-05
1.377111524437855212e-03 3.908910109383211532e-05 2.727146955559267436e-05
1.366479730522658295e-03 3.806704202204660894e-05 2.744534384395240761e-05
1.355930017862210608e-03 3.705817045528004140e-05 2.760092489565684745e-05
1.345461752759843661e-03 3.606256118566833718e-05 2.773869750536416722e-05
1.335074306411255639e-03 3.508028044720352858e-05 2.785914009531066635e-05
1.324767054866735202e-03 3.411138614563552637e-05 2.796272468346114234e-05
1.314539378993691450e-03 3.315592808529800882e-05 2.804991685566190669e-05
1.304390664439453000e-03 3.221394819284174611e-05 2.812117574168742504e-05
1.294320301594375621e-03 3.128548073786778402e-05 2.817695399507298443e-05
1.284327685555217884e-03 3.037055255044717860e-05 2.821769777662733254e-05
1.274412216088807812e-03 2.946918323552168094e-05 2.824384674152090042e-05
1.264573297595989040e-03 2.858138538417831820e-05 2.825583402984648771e-05
1.254810339075843441e-03 2.770716478179317146e-05 2.825408626055066455e-05
1.245122754090192399e-03 2.684652061304209719e-05 2.823902352863631653e-05
1.235509960728367173e-03 2.599944566377574643e-05 2.821105940553735855e-05
1.225971381572260729e-03 2.516592651976123281e-05 2.817060094256889987e-05
1.216506443661639339e-03 2.434594376228943989e-05 2.811804867735711528e-05
1.207114578459727618e-03 2.353947216065324654e-05 2.805379664315508964e-05
1.197795221819057242e-03 2.274648086149977375e-05 2.797823238095183146e-05
1.188547813947580644e-03 2.196693357506325985e-05 2.789173695428368078e-05
1.179371799375046213e-03 2.120078875828536078e-05 2.779468496665854602e-05
1.170266626919628291e-03 2.044799979483072209e-05 2.768744458150484779e-05
1.161231749654826045e-03 1.970851517200905123e-05 2.757037754455886406e-05
1.152266624876603467e-03 1.898227865461192985e-05 2.744383920860534275e-05
1.143370714070796957e-03 1.826922945567892840e-05 2.730817856048774599e-05
1.134543482880763596e-03 1.756930240420375325e-05 2.716373825030622116e-05
1.125784401075286597e-03 1.688242810979600825e-05 2.701085462272267829e-05
1.117092942516720137e-03 1.620853312431234699e-05 2.684985775029356600e-05
1.108468585129393329e-03 1.554754010047473909e-05 2.668107146875329993e-05
1.099910810868244678e-03 1.489936794749060054e-05 2.650481341417126378e-05
1.091419105687706139e-03 1.426393198369456829e-05 2.632139506190835207e-05
1.082992959510825680e-03 1.364114408622939831e-05 2.613112176729920366e-05
1.074631866198627519e-03 1.303091283778632940e-05 2.593429280798851104e-05
1.066335323519711524e-03 1.243314367042467250e-05 2.573120142785062395e-05
1.058102833120080086e-03 1.184773900649181308e-05 2.552213488242345134e-05
1.049933900493210453e-03 1.127459839666625253e-05 2.530737448578910588e-05
1.041828034950345854e-03 1.071361865514477638e-05 2.508719565883451745e-05
1.033784749591022548e-03 1.016469399199818785e-05 2.486186797882752961e-05
1.025803561273822386e-03 9.627716142718839232e-06 2.463165523024448379e-05
1.017883990587352188e-03 9.102574494984467336e-06 2.439681545678730874e-05
1.010025561821448203e-03 8.589156212663576459e-06 2.415760101452910530e-05
1.002227802938593718e-03 8.087346357086997034e-06 2.391425862612828011e-05
9.944902455455762770e-04 7.597028005613624664e-06 2.366702943605389776e-05
9.868124248653448345e-04 7.118082367514341031e-06 2.341614906676405341e-05
9.791938797090932785e-04 6.650388897203061490e-06 2.316184767578240532e-05
9.716341524485588507e-04 6.193825404841519748e-06 2.290435001361826065e-05
9.641327889885328503e-04 5.748268164345718839e-06 2.264387548247693963e-05
9.566893387395819992e-04 5.313592018822153781e-06 2.238063819570846452e-05
9.493033545909871892e-04 4.889670483462961668e-06 2.211484703794431030e-05
9.419743928838834575e-04 4.476375845927921604e-06 2.184670572587221174e-05
9.347020133846106228e-04 4.073579264243321658e-06 2.157641286960109502e-05
9.274857792582705696e-04 3.681150862246850238e-06 2.130416203456917079e-05
9.203252570424864118e-04 3.298959822608199128e-06 2.103014180394901207e-05
9.132200166213670037e-04 2.926874477455639712e-06 2.075453584150520854e-05
9.061696311996675834e-04 2.564762396638282479e-06 2.047752295486075834e-05
8.991736772771574985e-04 2.212490473655227474e-06 2.019927715913022849e-05
8.922317346231790772e-04 1.869925009281211832e-06 1.991996774087779988e-05
8.853433862514054498e-04 1.536931792920237532e-06 1.963975932236045405e-05
8.785082183947942863e-04 1.213376181717710280e-06 1.935881192601705025e-05
8.717258204807314852e-04 8.991231774620688645e-07 1.907728103916516614e-05
8.649957851063704538e-04 5.940375013071999291e-07 1.879531767886901200e-05
8.583177080141619897e-04 2.979836663466966033e-07 1.851306845694233153e-05
8.516911880675689115e-04 1.082604807102623144e-08 1.823067564505128304e-05
8.451158272269718337e-04 -2.675710472608562296e-07 1.794827723988373815e-05
8.385912305257599069e-04 -5.373433163042373247e-07 1.766600702835188926e-05
8.321170060466054385e-04 -7.986263943343996017e-07 1.738399465279644263e-05
8.256927648979240199e-04 -1.051555792943989589e-06 1.710236567616149736e-05
8.193181211905109463e-04 -1.296266839700916662e-06 1.682124164710992875e-05
8.129926920143666115e-04 -1.532894619735020924e-06 1.654074016505070402e-05
8.067160974156929905e-04 -1.761573919222844991e-06 1.626097494504970717e-05
8.004879603740714007e-04 -1.982439170738873473e-06 1.598205588259693768e-05
7.943079067798154702e-04 -2.195624400442326735e-06 1.570408911820404498e-05
7.881755654114998549e-04 -2.401263177068404191e-06 1.542717710180661181e-05
7.820905679136622114e-04 -2.599488562693006852e-06 1.515141865694677470e-05
7.760525487746737635e-04 -2.790433065240293487e-06 1.487690904471229373e-05
7.700611453047887618e-04 -2.974228592701893639e-06 1.460374002740981834e-05
7.641159976143560312e-04 -3.151006409037706777e-06 1.433199993194959596e-05
7.582167485921992214e-04 -3.320897091727596194e-06 1.406177371292085623e-05
7.523630438841702028e-04 -3.484030490943466246e-06 1.379314301533765867e-05
7.465545318718617334e-04 -3.640535690311956513e-06 1.352618623703506984e-05
7.407908636514843811e-04 -3.790540969237549783e-06 1.326097859069705074e-05
7.350716930129130161e-04 -3.934173766756204207e-06 1.299759216549827320e-05
7.293966764188878011e-04 -4.071560646890155268e-06 1.273609598834187285e-05
7.237654729843797643e-04 -4.202827265474229957e-06 1.247655608467694836e-05
7.181777444561140153e-04 -4.328098338424492061e-06 1.221903553887969812e-05
7.126331551922523381e-04 -4.447497611420351215e-06 1.196359455418297992e-05
7.071313721422322349e-04 -4.561147830971082100e-06 1.171029051213970773e-05
7.016720648267586258e-04 -4.669170716838473028e-06 1.145917803160606726e-05
6.962549053179570941e-04 -4.771686935786941174e-06 1.121030902723165830e-05
6.908795682196729572e-04 -4.868816076633320769e-06 1.096373276744346719e-05
6.855457306479264623e-04 -4.960676626568223071e-06 1.071949593191199718e-05
6.802530722115176023e-04 -5.047385948721475143e-06 1.047764266848808965e-05
6.750012749927814188e-04 -5.129060260944260466e-06 1.023821464959964825e-05
6.697900235284912985e-04 -5.205814615780799589e-06 1.000125112809808983e-05
6.646190047909088542e-04 -5.277762881602834223e-06 9.766788992544786298e-06
6.594879081689815825e-04 -5.345017724880265428e-06 9.534862821928645940e-06
6.543964254496868879e-04 -5.407690593561630264e-06 9.305504939806177493e-06
6.493442507995164040e-04 -5.465891701538578183e-06 9.078745467855966469e-06
6.443310807461059223e-04 -5.519730014168338156e-06 8.854612378840233503e-06
6.393566141600070260e-04 -5.569313234828959512e-06 8.633131548966535814e-06
6.344205522365967435e-04 -5.614747792482072224e-06 8.414326809642918553e-06
6.295225984781324842e-04 -5.656138830218234201e-06 8.198219998620969633e-06
6.246624586759396813e-04 -5.693590194760441411e-06 7.984831010520777690e-06
6.198398408927403803e-04 -5.727204426901359682e-06 7.774177846733054854e-06
6.150544554451165945e-04 -5.757082752850426601e-06 7.566276664693776664e-06
6.103060148861099441e-04 -5.783325076467049816e-06 7.361141826527127685e-06
6.055942339879563869e-04 -5.806029972356592257e-06 7.158785947053069073e-06
6.009188297249504034e-04 -5.825294679806052453e-06 6.959219941156083211e-06
5.962795212564478507e-04 -5.841215097536636981e-06 6.762453070512495869e-06
5.916760299099945841e-04 -5.853885779250859982e-06 6.568492989673430752e-06
5.871080791645872429e-04 -5.863399929951915645e-06 6.377345791501545677e-06
5.825753946340639236e-04 -5.869849403013609133e-06 6.189016051959720777e-06
5.780777040506227893e-04 -5.873324697979201710e-06 6.003506874250267259e-06
5.736147372484640605e-04 -5.873914959068030665e-06 5.820819932303410713e-06
5.691862261475676404e-04 -5.871707974369027224e-06 5.640955513614942271e-06
5.647919047375860990e-04 -5.866790175700463987e-06 5.463912561431785673e-06
5.604315090618671108e-04 -5.859246639115723379e-06 5.289688716286068101e-06
5.561047772015984079e-04 -5.849161086035141196e-06 5.118280356877698164e-06
5.518114492600743794e-04 -5.836615884984178348e-06 4.949682640305966872e-06
5.475512673470856210e-04 -5.821692053918742296e-06 4.783889541651120282e-06
5.433239755634260105e-04 -5.804469263118487272e-06 4.620893892906846560e-06
5.391293199855244677e-04 -5.785025838629492451e-06 4.460687421265345271e-06
5.349670486501901211e-04 -5.763438766237854443e-06 4.303260786756283320e-06
5.308369115394781469e-04 -5.739783695956131975e-06 4.148603619241831371e-06
5.267386605656718341e-04 -5.714134947004885567e-06 3.996704554769789045e-06
5.226720495563804423e-04 -5.686565513271783704e-06 3.847551271287241754e-06
5.186368342397526358e-04 -5.657147069231190839e-06 3.701130523717378349e-06
5.146327722298016990e-04 -5.625949976307288116e-06 3.557428178402207203e-06
5.106596230118492542e-04 -5.593043289664285880e-06 3.416429246914490669e-06
5.067171479280753411e-04 -5.558494765407377722e-06 3.278117919241804927e-06
5.028051101631847214e-04 -5.522370868178564335e-06 3.142477596346495371e-06
4.989232747301794359e-04 -5.484736779131616095e-06 3.009490922104911430e-06
4.950714084562470464e-04 -5.445656404270954033e-06 2.879139814630092456e-06
4.912492799687510079e-04 -5.405192383139240720e-06 2.751405496981459259e-06
4.874566596813355345e-04 -5.363406097839077361e-06 2.626268527266169967e-06
4.836933197801334631e-04 -5.320357682374223748e-06 2.503708828136064939e-06
4.799590342100820499e-04 -5.276106032296210009e-06 2.383705715684944956e-06
4.762535786613446395e-04 -5.230708814642479312e-06 2.266237927750712642e-06
4.725767305558367421e-04 -5.184222478152414969e-06 2.151283651627175527e-06
4.689282690338568991e-04 -5.136702263747973015e-06 2.038820551190436275e-06
4.653079749408181630e-04 -5.088202215265831903e-06 1.928825793444819703e-06
4.617156308140868046e-04 -5.038775190428391930e-06 1.821276074493684749e-06
4.581510208699181102e-04 -4.988472872041051058e-06 1.716147644940153845e-06
4.546139309904950699e-04 -4.937345779403596249e-06 1.613416334723306468e-06
4.511041487110667588e-04 -4.885443279923761248e-06 1.513057577395260218e-06
4.476214632071863551e-04 -4.832813600921326966e-06 1.415046433844734933e-06
4.441656652820475510e-04 -4.779503841611284620e-06 1.319357615472767106e-06
4.407365473539170226e-04 -4.725559985254969751e-06 1.225965506826278962e-06
4.373339034436683282e-04 -4.671026911468352194e-06 1.134844187695515916e-06
4.339575291624062276e-04 -4.615948408676700107e-06 1.045967454680976920e-06
4.306072216991917796e-04 -4.560367186705444371e-06 9.593088422361485110e-07
4.272827798088589990e-04 -4.504324889496983224e-06 8.748416431918193409e-07
4.239840037999267615e-04 -4.447862107943648158e-06 7.925389287682579342e-07
4.207106955226026486e-04 -4.391018392827147775e-06 7.123735680813052019e-07
4.174626583568826908e-04 -4.333832267855227317e-06 6.343182471487488574e-07
4.142396972007393098e-04 -4.276341242786266309e-06 5.583454874030543357e-07
4.110416184584024480e-04 -4.218581826633017023e-06 4.844276637169049136e-07
4.078682300287307422e-04 -4.160589540936807627e-06 4.125370219478316747e-07
4.047193412936722504e-04 -4.102398933103728649e-06 3.426456960083300584e-07
4.015947631068151691e-04 -4.044043589794684818e-06 2.747257244678699502e-07
3.984943077820244728e-04 -3.985556150361207856e-06 2.087490666931941747e-07
3.954177890821704939e-04 -3.926968320319456900e-06 1.446876185334743690e-07
3.923650222079403901e-04 -3.868310884854660451e-06 8.251322755664267854e-08
3.893358237867382450e-04 -3.809613722348844941e-06 2.219770784350834114e-08
3.863300118616701706e-04 -3.750905817924642958e-06 -3.628714565389037292e-08
3.833474058806146277e-04 -3.692215276998323964e-06 -9.296954318318130519e-08
3.803878266853778561e-04 -3.633569338835364412e-06 -1.478776866852763573e-07
3.774510965009293738e-04 -3.574994390101958470e-06 -2.010397567042728436e-07
3.745370389247275724e-04 -3.516515978406413039e-06 -2.524838997069389425e-07
3.716454789161209907e-04 -3.458158825824057831e-06 -3.022382158055283546e-07
3.687762427858345894e-04 -3.399946842399942839e-06 -3.503307468772336363e-07
3.659291581855368528e-04 -3.341903139623580348e-06 -3.967894650738701268e-07
3.631040540974872304e-04 -3.284050043870181272e-06 -4.416422617152908149e-07
3.603007608242624537e-04 -3.226409109803059279e-06 -4.849169365601127454e-07
