1.000000000000000000e+00 1.545084971874737256e+00 0.000000000000000000e+00
9.922796420431261311e-01 1.521524534608649226e+00 2.358647548531559238e-02
9.846188880132343835e-01 1.497957396804406649e+00 4.645344469232181445e-02
9.770172777466731295e-01 1.474394920597283720e+00 6.861160631032840740e-02
9.694743546324182670e-01 1.450848125616025275e+00 9.007168146038133094e-02
9.619896655846466027e-01 1.427327693817856735e+00 1.108444076233340569e-01
9.545627610155197340e-01 1.403843974352805501e+00 1.309405327487992710e-01
9.471931948081779851e-01 1.380406988453579009e+00 1.503708095424157454e-01
9.398805242899438417e-01 1.357026434347350818e+00 1.691459899288445534e-01
9.326243102057312218e-01 1.333711692185913344e+00 1.872768196878915881e-01
9.254241166916603589e-01 1.310471828990782406e+00 2.047740332611358294e-01
9.182795112488768563e-01 1.287315603609950898e+00 2.216483487264351016e-01
9.111900647175722456e-01 1.264251471683084160e+00 2.379104629376631030e-01
9.041553512512054969e-01 1.241287590612063951e+00 2.535710468270287454e-01
8.971749482909231466e-01 1.218431824533902530e+00 2.686407408673208708e-01
8.902484365401772681e-01 1.195691749293134043e+00 2.831301506914142285e-01
8.833753999395398404e-01 1.173074657410907440e+00 2.970498428663740920e-01
8.765554256417098511e-01 1.150587563048085737e+00 3.104103408194931468e-01
8.697881039867159103e-01 1.128237206959779915e+00 3.232221209135965334e-01
8.630730284773077132e-01 1.106030061438810774e+00 3.354956086689522832e-01
8.564097957545396822e-01 1.083972335245706908e+00 3.472411751291321624e-01
8.497980055735413485e-01 1.062069978522935720e+00 3.584691333681691017e-01
8.432372607794760277e-01 1.040328687691131515e+00 3.691897351363660484e-01
8.367271672836846808e-01 1.018753910325217005e+00 3.794131676421252930e-01
8.302673340400135160e-01 9.973508500083391182e-01 3.891495504671665384e-01
8.238573730213252233e-01 9.761244711616885450e-01 3.984089326125244690e-01
8.174968991961907294e-01 9.550795038483012034e-01 4.072012896727223996e-01
8.111855305057616983e-01 9.342204485490479549e-01 4.155365211355331878e-01
8.049228878408205556e-01 9.135515809090931638e-01 4.234244478047575200e-01
7.987085950190087047e-01 8.930769564531682025e-01 4.308748093434586757e-01
7.925422787622300458e-01 8.728004152680983729e-01 4.378972619351190754e-01
7.864235686742291342e-01 8.527255866510717874e-01 4.445013760601900232e-01
7.803520972183418669e-01 8.328558937222320102e-01 4.506966343855376977e-01
7.743274996954189193e-01 8.131945580002324370e-01 4.564924297642987128e-01
7.683494142219191581e-01 7.937446039394604469e-01 4.618980633436824412e-01
7.624174817081715849e-01 7.745088634277053075e-01 4.669227427782776108e-01
7.565313458368060351e-01 7.554899802431110922e-01 4.715755805464483807e-01
7.506906530413504086e-01 7.366904144693183776e-01 4.758655923674156574e-01
7.448950524849916599e-01 7.181124468677487771e-01 4.798016957166544305e-01
7.391441960395032096e-01 6.997581832060669749e-01 4.833927084372590666e-01
7.334377382643324506e-01 6.816295585418900016e-01 4.866473474449450887e-01
7.277753363858517899e-01 6.637283414608862175e-01 4.895742275243940567e-01
7.221566502767686746e-01 6.460561382684546494e-01 4.921818602146622035e-01
7.165813424356949346e-01 6.286143971342279535e-01 4.944786527814063470e-01
7.110490779668741101e-01 6.114044121886998973e-01 4.964729072737038007e-01
7.055595245600647658e-01 5.944273275713203297e-01 4.981728196632710937e-01
7.001123524705792356e-01 5.776841414294567878e-01 4.995864790639129582e-01
6.947072344994773552e-01 5.611757098676700695e-01 5.007218670290606299e-01
6.893438459739114066e-01 5.449027508467876313e-01 5.015868569252847076e-01
6.840218647276246067e-01 5.288658480323186195e-01 5.021892133797010160e-01
6.787409710815990316e-01 5.130654545917839870e-01 5.025365917992082876e-01
6.735008478248527553e-01 4.975018969405867186e-01 5.026365379595304494e-01
6.683011801953868680e-01 4.821753784360864326e-01 5.024964876620657828e-01
6.631416558612771572e-01 4.670859830195771556e-01 5.021237664565686432e-01
6.580219649019140027e-01 4.522336788059151402e-01 5.015255894277228510e-01
6.529417997893857128e-01 4.376183216205711268e-01 5.007090610436945033e-01
6.479008553700061901e-01 4.232396584839282494e-01 4.996811750647790484e-01
6.428988288459849265e-01 4.090973310426676557e-01 4.984488145102880519e-01
6.379354197572388863e-01 3.951908789481365369e-01 4.970187516818501128e-01
6.330103299633443870e-01 3.815197431816079177e-01 4.953976482413315896e-01
6.281232636256284252e-01 3.680832693263835220e-01 4.935920553416068279e-01
6.232739271893987798e-01 3.548807107867230637e-01 4.916084138084432786e-01
6.184620293663100066e-01 3.419112319536022904e-01 4.894530543717918181e-01
6.136872811168674335e-01 3.291739113173471343e-01 4.871321979448050565e-01
6.089493956330644941e-01 3.166677445271986469e-01 4.846519559489301798e-01
6.042480883211551745e-01 3.043916473979104698e-01 4.820183306834607828e-01
5.995830767845590215e-01 2.923444588634908081e-01 4.792372157379508613e-01
5.949540808068984887e-01 2.805249438782344562e-01 4.763143964459329860e-01
5.903608223351662909e-01 2.689317962652065797e-01 4.732555503784020567e-01
5.858030254630243183e-01 2.575636415123752632e-01 4.700662478755654461e-01
5.812804164142301167e-01 2.464190395165936076e-01 4.667519526153759979e-01
5.767927235261914864e-01 2.354964872756726557e-01 4.633180222174053675e-01
5.723396772336490912e-01 2.247944215287909497e-01 4.597697088806360077e-01
5.679210100524836324e-01 2.143112213455155846e-01 4.561121600537789145e-01
5.635364565636491463e-01 2.040452106637227203e-01 4.523504191367528349e-01
5.591857533972293126e-01 1.939946607767288056e-01 4.484894262119925035e-01
5.548686392166185533e-01 1.841577927699544204e-01 4.445340188042741780e-01
5.505848547028227014e-01 1.745327799074612440e-01 4.404889326677735584e-01
5.463341425388834605e-01 1.651177499687233041e-01 4.363588025991121944e-01
5.421162473944215465e-01 1.559107875359987128e-01 4.321481632751530966e-01
5.379309159102994009e-01 1.469099362326914682e-01 4.278614501143530036e-01
5.337778966834028083e-01 1.381132009131000316e-01 4.235030001604925265e-01
5.296569402515396430e-01 1.295185498039651273e-01 4.190770529876380879e-01
5.255677990784551890e-01 1.211239165982393035e-01 4.145877516252124417e-01
5.215102275389631448e-01 1.129272025015164993e-01 4.100391435020759867e-01
5.174839819041915367e-01 1.049262782315626280e-01 4.054351814085492833e-01
5.134888203269427631e-01 9.711898597140937450e-02 4.007797244753303345e-01
5.095245028271657706e-01 8.950314127647127083e-02 3.960765391682821712e-01
5.055907912775418067e-01 8.207653493616377804e-02 3.913293002980982038e-01
5.016874493891801956e-01 7.483693479050633479e-02 3.865415920438697861e-01
4.978142426974245804e-01 6.778208750219845424e-02 3.817169089896066403e-01
4.939709385477703552e-01 6.090972028467179361e-02 3.768586571727892132e-01
4.901573060818885663e-01 5.421754258661877490e-02 3.719701551440457443e-01
4.863731162237593941e-01 4.770324773351391351e-02 3.670546350370802458e-01
4.826181416659117707e-01 4.136451452664267198e-02 3.621152436479929682e-01
4.788921568557695796e-01 3.519900880016253036e-02 3.571550435231614640e-01
4.751949379821036601e-01 2.920438493672469077e-02 3.521770140548712846e-01
4.715262629615872836e-01 2.337828734218677304e-02 3.471840525839055003e-01
4.678859114254568241e-01 1.771835187995648292e-02 3.421789755083287643e-01
4.642736647062740696e-01 1.222220726550298127e-02 3.371645193977153565e-01
4.606893058247920059e-01 6.887476421584360319e-03 3.321433421121018914e-01
4.571326194769207985e-01 1.711777794731901212e-03 3.271180239249539268e-01
4.536033920207954706e-01 -3.307273366454283048e-03 3.220910686494675157e-01
4.501014114639427799e-01 -8.172063770651806502e-03 3.170649047675380139e-01
4.466264674505469601e-01 -1.288498088024879994e-02 3.120418865607536008e-01
4.431783512488146060e-01 -1.744841174431006198e-02 3.070242952427887362e-01
4.397568557384365362e-01 -2.186474186752111401e-02 3.020143400925917598e-01
4.363617753981465230e-01 -2.613635411455453653e-02 2.970141595877784924e-01
4.329929062933757788e-01 -3.026562764930175453e-02 2.920258225376643479e-01
4.296500460640037544e-01 -3.425493690841337896e-02 2.870513292153867302e-01
4.263329939122022516e-01 -3.810665060859370901e-02 2.820926124885808073e-01
4.230415505903742379e-01 -4.182313078709030962e-02 2.771515389480992408e-01
4.197755183891856423e-01 -4.540673187482719558e-02 2.722299100342744915e-01
4.165347011256887999e-01 -4.885979980162574732e-02 2.673294631602450844e-01
4.133189041315389889e-01 -5.218467113295911786e-02 2.624518728318824823e-01
4.101279342413006179e-01 -5.538367223769274927e-02 2.575987517638700375e-01
4.069615997808445629e-01 -5.845911848625778146e-02 2.527716519915040871e-01
4.038197105558343769e-01 -6.141331347871184509e-02 2.479720659777994995e-01
4.007020778403021510e-01 -6.424854830214134227e-02 2.432014277155030990e-01
3.976085143653118048e-01 -6.696710081686196858e-02 2.384611138236270300e-01
3.945388343077107507e-01 -6.957123497087856767e-02 2.337524446381339382e-01
3.914928532789674342e-01 -7.206320014206460400e-02 2.290766852964175038e-01
3.884703883140959157e-01 -7.444523050752925586e-02 2.244350468152385425e-01
3.854712578606652729e-01 -7.671954443963879822e-02 2.198286871617889382e-01
3.824952817678944905e-01 -7.888834392816540531e-02 2.152587123175705441e-01
3.795422812758310060e-01 -8.095381402803865367e-02 2.107261773347883782e-01
3.766120790046130207e-01 -8.291812233217916994e-02 2.062320873849733116e-01
3.737044989438149667e-01 -8.478341846889698996e-02 2.017773987995587492e-01
3.708193664418744651e-01 -8.655183362334196995e-02 1.973630201021511488e-01
3.679565081956019945e-01 -8.822548008249751772e-02 1.929898130322457162e-01
3.651157522397705524e-01 -8.980645080321193741e-02 1.886585935601502451e-01
3.622969279367861950e-01 -9.129681900276907791e-02 1.843701328928923633e-01
3.594998659664384588e-01 -9.269863777149979500e-02 1.801251584708975229e-01
3.567243983157293852e-01 -9.401393970694466029e-02 1.759243549552345076e-01
3.539703582687814820e-01 -9.524473656908157004e-02 1.717683652052385823e-01
3.512375803968235677e-01 -9.639301895613443250e-02 1.676577912463322884e-01
3.485259005482538308e-01 -9.746075600048784149e-02 1.635931952278726897e-01
3.458351558387794400e-01 -9.844989508423480917e-02 1.595751003708672511e-01
3.431651846416327589e-01 -9.936236157389008450e-02 1.556039919054083009e-01
3.405158265778626681e-01 -1.002000585738085925e-01 1.516803179976862759e-01
3.378869225067007709e-01 -1.009648666978505555e-01 1.478044906664522928e-01
3.352783145160025402e-01 -1.016586438588424207e-01 1.439768866888082033e-01
3.326898459127615726e-01 -1.022832250753882427e-01 1.401978484952140225e-01
3.301213612136978948e-01 -1.028404222955886099e-01 1.364676850536084285e-01
3.275727061359176018e-01 -1.033320242372341019e-01 1.327866727425473792e-01
3.250437275876464915e-01 -1.037597962440411775e-01 1.291550562132785795e-01
3.225342736590332549e-01 -1.041254801575074024e-01 1.255730492406685328e-01
3.200441936130251075e-01 -1.044307942039661430e-01 1.220408355629171437e-01
3.175733378763135883e-01 -1.046774328964277384e-01 1.185585697099953151e-01
3.151215580303490804e-01 -1.048670669507996284e-01 1.151263778207501504e-01
3.126887068024269967e-01 -1.050013432160825655e-01 1.117443584486342428e-01
3.102746380568403017e-01 -1.050818846181469229e-01 1.084125833560128094e-01
3.078792067861019777e-01 -1.051102901166981185e-01 1.051310982970209140e-01
3.055022691022348802e-01 -1.050881346750459217e-01 1.018999237889406245e-01
3.031436822281283749e-01 -1.050169692422983497e-01 9.871905587207895072e-02
3.008033044889624197e-01 -1.048983207476058555e-01 9.558846685813260358e-02
2.984809953036970387e-01 -1.047336921060891546e-01 9.250810606703085970e-02
2.961766151766285216e-01 -1.045245622360862769e-01 8.947790055225632311e-02
2.938900256890096818e-01 -1.042723860873639441e-01 8.649775581464468066e-02
2.916210894907355633e-01 -1.039785946799419991e-01 8.356755650467502516e-02
2.893696702920935948e-01 -1.036445951531849569e-01 8.068716711326452684e-02
2.871356328555760284e-01 -1.032717708248221816e-01 7.785643265108560529e-02
2.849188429877574369e-01 -1.028614812595621125e-01 7.507517931643407916e-02
2.827191675312336061e-01 -1.024150623469729376e-01 7.234321515167357886e-02
2.805364743566231001e-01 -1.019338263883070028e-01 6.966033068829362296e-02
2.783706323546306094e-01 -1.014190621919520835e-01 6.702629958061860627e-02
2.762215114281714179e-01 -1.008720351771982271e-01 6.444087922821124803e-02
2.740889824845572087e-01 -1.002939874860153402e-01 6.190381138701799707e-02
2.719729174277411010e-01 -9.968613810253984520e-02 5.941482276930663831e-02
2.698731891506236380e-01 -9.904968297997773785e-02 5.697362563245283312e-02
2.677896715274176720e-01 -9.838579517463368063e-02 5.457991835663331820e-02
2.657222394060722581e-01 -9.769562498678341367e-02 5.223338601148856675e-02
2.636707686007552787e-01 -9.698030010811112267e-02 4.993370091182131737e-02
2.616351358843934105e-01 -9.624092577543895410e-02 4.768052316239891619e-02
2.596152189812704902e-01 -9.547858493048205775e-02 4.547350119193348250e-02
2.576108965596828893e-01 -9.469433838536638059e-02 4.331227227631428284e-02
2.556220482246508996e-01 -9.388922499365327801e-02 4.119646305117030671e-02
2.536485545106872963e-01 -9.306426182661944879e-02 3.912569001384533923e-02
2.516902968746211888e-01 -9.222044435454611333e-02 3.709956001486782590e-02
2.497471576884772171e-01 -9.135874663277576690e-02 3.511767073900243924e-02
2.478190202324103419e-01 -9.048012149230232060e-02 3.317961117597249820e-02
2.459057686876943150e-01 -8.958550073466226005e-02 3.128496208094238423e-02
2.440072881297651319e-01 -8.867579533090223787e-02 2.943329642485501343e-02
2.421234645213172776e-01 -8.775189562440183222e-02 2.762417983471755073e-02
2.402541847054542046e-01 -8.681467153733639364e-02 2.585717102393407518e-02
2.383993363988912151e-01 -8.586497278056856586e-02 2.413182221278280595e-02
2.365588081852105784e-01 -8.490362906676275634e-02 2.244767953913854100e-02
2.347324895081692731e-01 -8.393145032652160609e-02 2.080428345954321578e-02
2.329202706650580768e-01 -8.294922692734796321e-02 1.920116914072754130e-02
2.311220428001118099e-01 -8.195772989524031937e-02 1.763786684168896016e-02
2.293376978979710379e-01 -8.095771113873539981e-02 1.611390228643280048e-02
2.275671287771933449e-01 -7.994990367521438712e-02 1.462879702748327675e-02
2.258102290838153448e-01 -7.893502185929597570e-02 1.318206880027410731e-02
2.240668932849645967e-01 -7.791376161314235438e-02 1.177323186852851852e-02
2.223370166625199540e-01 -7.688680065850837797e-02 1.040179736073829943e-02
2.206204953068218733e-01 -7.585479875037094699e-02 9.067273597855257314e-03
2.189172261104304351e-01 -7.481839791197633649e-02 7.769166412306055709e-03
2.172271067619319651e-01 -7.377822267115091703e-02 6.506979458444504989e-03
2.155500357397937827e-01 -7.273488029772294527e-02 5.280214514555247457e-03
2.138859123062655798e-01 -7.168896104190711216e-02 4.088371776522173318e-03
2.122346365013287051e-01 -7.064103837350915738e-02 2.930950143277918918e-03
2.105961091366914395e-01 -6.959166922181017623e-02 1.807447494148312550e-03
2.089702317898312622e-01 -6.854139421599565740e-02 7.173609582088119954e-04
2.073569067980828573e-01 -6.749073792599723232e-02 -3.398128242321335458e-04
2.057560372527714732e-01 -6.644020910361872478e-02 -1.364577447906416665e-03
2.041675269933922454e-01 -6.539030092382393244e-02 -2.357436496499382486e-03
2.025912806018335399e-01 -6.434149122606380722e-02 -3.318893304087335017e-03
2.010272033966458705e-01 -6.329424275552880674e-02 -4.249450723981823379e-03
1.994752014273544760e-01 -6.224900340421100908e-02 -5.149610904865122712e-03
1.979351814688158073e-01 -6.120620645166838236e-02 -6.019875074100366520e-03
1.964070510156177285e-01 -6.016627080538440586e-02 -6.860743328099905627e-03
1.948907182765231560e-01 -5.912960124062086736e-02 -7.672714429635703499e-03
1.933860921689560808e-01 -5.809658863966460363e-02 -8.456285611976735797e-03
1.918930823135307495e-01 -5.706761023037294073e-02 -9.211952389736840704e-03
1.904115990286224525e-01 -5.604302982392457555e-02 -9.940208376318674863e-03
1.889415533249807211e-01 -5.502319805168733036e-02 -1.064154510783849560e-02
1.874828569003840761e-01 -5.400845260111698798e-02 -1.131645187341728462e-02
1.860354221343357151e-01 -5.299911845060309434e-02 -1.196541555172488981e-02
1.845991620828005553e-01 -5.199550810318333965e-02 -1.258892045366288501e-02
1.831739904729823565e-01 -5.099792181904822669e-02 -1.318744817107414709e-02
1.817598216981418657e-01 -5.000664784676350783e-02 -1.376147743136599266e-02
1.803565708124546529e-01 -4.902196265313821938e-02 -1.431148395793580691e-02
1.789641535259081928e-01 -4.804413115167029819e-02 -1.483794033628786126e-02
1.775824861992392756e-01 -4.707340692950520711e-02 -1.534131588573091343e-02
1.762114858389095262e-01 -4.611003247284340550e-02 -1.582207653654714441e-02
1.748510700921205030e-01 -4.515423939073834325e-02 -1.628068471252328356e-02
1.735011572418668768e-01 -4.420624863722582426e-02 -1.671759921873588323e-02
1.721616662020278021e-01 -4.326627073173115734e-02 -1.713327513448367409e-02
1.708325165124963130e-01 -4.233450597770125473e-02 -1.752816371126009534e-02
1.695136283343462724e-01 -4.141114467941171828e-02 -1.790271227566066561e-02
1.682049224450365976e-01 -4.049636735690154837e-02 -1.825736413712034795e-02
1.669063202336527052e-01 -3.959034495899066419e-02 -1.859255850037706131e-02
1.656177436961842886e-01 -3.869323907433647874e-02 -1.890873038255848695e-02
1.643391154308399549e-01 -3.780520214049003930e-02 -1.920631053479005326e-02
1.630703586333978605e-01 -3.692637765091288937e-02 -1.948572536822330142e-02
1.618113970925921796e-01 -3.605690035991818143e-02 -1.974739688438444801e-02
1.605621551855355433e-01 -3.519689648550246297e-02 -1.999174260974415432e-02
1.593225578731760350e-01 -3.434648391003540524e-02 -2.021917553441070214e-02
1.580925306957903786e-01 -3.350577237877858106e-02 -2.043010405484925462e-02
1.568719997685107947e-01 -3.267486369620344056e-02 -2.062493192053165003e-02
1.556608917768872169e-01 -3.185385192008429595e-02 -2.080405818442175592e-02
1.544591339724834811e-01 -3.104282355334049906e-02 -2.096787715720252812e-02
1.532666541685071271e-01 -3.024185773360579463e-02 -2.111677836515223408e-02
1.520833807354738665e-01 -2.945102642050483402e-02 -2.125114651157819154e-02
1.509092425969044693e-01 -2.867039458061643523e-02 -2.137136144171758109e-02
1.497441692250556511e-01 -2.790002037010782046e-02 -2.147779811101603598e-02
1.485880906366835175e-01 -2.713995531502303230e-02 -2.157082655669564919e-02
1.474409373888398711e-01 -2.639024448921219526e-02 -2.165081187252545017e-02
1.463026405747009928e-01 -2.565092668988872698e-02 -2.171811418670833993e-02
1.451731318194284248e-01 -2.492203461080373661e-02 -2.177308864279978509e-02
1.440523432760620060e-01 -2.420359501302799324e-02 -2.181608538357443158e-02
1.429402076214443262e-01 -2.349562889333345686e-02 -2.184744953775834969e-02
1.418366580521768783e-01 -2.279815165016774864e-02 -2.186752120954552417e-02
1.407416282806073504e-01 -2.211117324721610655e-02 -2.187663547081837231e-02
1.396550525308478119e-01 -2.143469837454685736e-02 -2.187512235599340521e-02
1.385768655348235956e-01 -2.076872660733768139e-02 -2.186330685941410834e-02
1.375070025283531838e-01 -2.011325256218151128e-02 -2.184150893521448478e-02
1.364453992472575150e-01 -1.946826605097091295e-02 -2.181004349957767208e-02
1.353919919235000990e-01 -1.883375223236282217e-02 -2.176922043531539716e-02
1.343467172813565258e-01 -1.820969176082496560e-02 -2.171934459869526504e-02
1.333095125336135334e-01 -1.759606093326722062e-02 -2.166071582844348101e-02
1.322803153777976359e-01 -1.699283183326223690e-02 -2.159362895685278463e-02
1.312590639924328395e-01 -1.639997247286032606e-02 -2.151837382292549547e-02
1.302456970333270847e-01 -1.581744693200472576e-02 -2.143523528748345064e-02
1.292401536298872222e-01 -1.524521549555430712e-02 -2.134449325017738139e-02
1.282423733814631317e-01 -1.468323478792227070e-02 -2.124642266832976745e-02
1.272522963537191520e-01 -1.413145790533883173e-02 -2.114129357754592972e-02
1.262698630750342110e-01 -1.358983454574862713e-02 -2.102937111402963105e-02
1.252950145329295162e-01 -1.305831113635282786e-02 -2.091091553854061355e-02
1.243276921705235571e-01 -1.253683095880741595e-02 -2.078618226193219842e-02
1.233678378830151134e-01 -1.202533427209033501e-02 -2.065542187220876374e-02
1.224153940141926300e-01 -1.152375843304951492e-02 -2.051888016304369636e-02
1.214703033529713344e-01 -1.103203801464638228e-02 -2.037679816369968727e-02
1.205325091299563056e-01 -1.055010492190824531e-02 -2.022941217029414901e-02
1.196019550140328402e-01 -1.007788850560527825e-02 -2.007695377835403208e-02
1.186785851089826038e-01 -9.615315673667090141e-03 -1.991964991660492498e-02
1.177623439501259139e-01 -9.162311000355288088e-03 -1.975772288194084861e-02
1.168531765009904605e-01 -8.718796833209047775e-03 -1.959139037552193666e-02
1.159510281500050338e-01 -8.284693397780330468e-03 -1.942086553994851889e-02
1.150558447072194124e-01 -7.859918900177327236e-03 -1.924635699746087350e-02
1.141675724010492027e-01 -7.444389627433827157e-03 -1.906806888911539988e-02
1.132861578750458120e-01 -7.038020045723575834e-03 -1.888620091488853181e-02
1.124115481846915121e-01 -6.640722896438922170e-03 -1.870094837466121027e-02
1.115436907942192885e-01 -6.252409290153289854e-03 -1.851250221003743548e-02
1.106825335734570315e-01 -5.872988798487512214e-03 -1.832104904695156661e-02
1.098280247946962496e-01 -5.502369543900623335e-03 -1.812677123902007442e-02
1.089801131295848047e-01 -5.140458287425751262e-03 -1.792984691159443464e-02
1.081387476460437674e-01 -4.787160514372452991e-03 -1.773045000647273384e-02
1.073038778052082393e-01 -4.442380518016872566e-03 -1.752875032722886126e-02
1.064754534583913503e-01 -4.106021481301362977e-03 -1.732491358511856899e-02
1.056534248440721274e-01 -3.777985556565919851e-03 -1.711910144552333118e-02
1.048377425849062461e-01 -3.458173943333391585e-03 -1.691147157489328659e-02
1.040283576847601393e-01 -3.146486964171347350e-03 -1.670217768815186049e-02
1.032252215257680600e-01 -2.842824138653239803e-03 -1.649136959652550485e-02
1.024282858654115003e-01 -2.547084255441710125e-03 -1.627919325576270004e-02
1.016375028336215375e-01 -2.259165442517465424e-03 -1.606579081470763809e-02
1.008528249299032176e-01 -1.978965235576908305e-03 -1.585130066419460082e-02
1.000742050204824068e-01 -1.706380644622059036e-03 -1.563585748623004881e-02
9.930159633547468168e-02 -1.441308218766524729e-03 -1.541959230343045197e-02
9.853495246607579805e-02 -1.183644109281028643e-03 -1.520263252868422899e-02
9.777422736177415752e-02 -9.332841309026471653e-04 -1.498510201500788397e-02
9.701937532758450611e-02 -6.901238214315301694e-04 -1.476712110556630680e-02
9.627035102130324096e-02 -4.540584996392917137e-04 -1.454880668382882956e-02
9.552710945078489446e-02 -2.249833215131788976e-04 -1.433027222383296932e-02
9.478960597123935183e-02 -2.793334859948568411e-06 -1.411162784052858409e-02
9.405779628255032943e-02 2.126164677058751127e-04 -1.389298034017648169e-02
9.333163642661433668e-02 4.213510973656180484e-04 -1.367443327077556663e-02
9.261108278470005228e-02 6.235155192673724235e-04 -1.345608697249381890e-02
9.189609207482846154e-02 8.192146042400302646e-04 -1.323803862807931310e-02
9.118662134917292217e-02 1.008553082026291065e-03 -1.302038231322760926e-02
9.048262799147945012e-02 1.191635496010265980e-03 -1.280320904688329875e-02
8.978406971450655916e-02 1.368566159415680840e-03 -1.258660684145354765e-02
8.909090455748562565e-02 1.539449112950214311e-03 -1.237066075291293546e-02
8.840309088360016887e-02 1.704388083872221491e-03 -1.215545293077874289e-02
8.772058737748469892e-02 1.863486446455643424e-03 -1.194106266793708813e-02
8.704335304274325724e-02 2.016847183829003232e-03 -1.172756645030109159e-02
8.637134719948676154e-02 2.164572851164881656e-03 -1.151503800628224730e-02
8.570452948188926612e-02 2.306765540195853011e-03 -1.130354835605748738e-02
8.504285983576360952e-02 2.443526845033270039e-03 -1.109316586061493554e-02
8.438629851615531141e-02 2.574957829265281991e-03 -1.088395627056158894e-02
8.373480608495496857e-02 2.701158994310693187e-03 -1.067598277467715975e-02
8.308834340852966349e-02 2.822230249005085873e-03 -1.046930604819905006e-02
8.244687165537213647e-02 2.938270880396263475e-03 -1.026398430082340121e-02
8.181035229376824869e-02 3.049379525725701319e-03 -1.006007332440840736e-02
8.117874708948237539e-02 3.155654145573184941e-03 -9.857626540366258225e-03
8.055201810346102054e-02 3.257191998141739393e-03 -9.656695046730882914e-03
7.993012768955373715e-02 3.354089614660305928e-03 -9.457327664888931854e-03
7.931303849225172786e-02 3.446442775881619017e-03 -9.259570985962204195e-03
7.870071344444423689e-02 3.534346489652959947e-03 -9.063469416830267564e-03
7.809311576519178955e-02 3.617894969537759076e-03 -8.869065225782315348e-03
7.749020895751690396e-02 3.697181614465881727e-03 -8.676398587787993721e-03
7.689195680621190021e-02 3.772298989391036431e-03 -8.485507629377513419e-03
7.629832337566344602e-02 3.843338806933579380e-03 -8.296428473121446323e-03
7.570927300769401957e-02 3.910391909987346801e-03 -8.109195281701647717e-03
7.512477031941991457e-02 3.973548255269358093e-03 -7.923840301564637548e-03
7.454478020112603742e-02 4.032896897791295523e-03 -7.740393906149802689e-03
7.396926781415688601e-02 4.088525976232066511e-03 -7.558884638684630446e-03
7.339819858882373760e-02 4.140522699190817869e-03 -7.379339254540082105e-03
7.283153822232828201e-02 4.188973332299998631e-03 -7.201782763139498098e-03
7.226925267670218644e-02 4.233963186178347354e-03 -7.026238469414736870e-03
7.171130817676225899e-02 4.275576605203851993e-03 -6.852728014803671081e-03
7.115767120808194623e-02 4.313896957086960256e-03 -6.681271417783858635e-03
7.060830851497799932e-02 4.349006623224525685e-03 -6.511887113937071640e-03
7.006318709851298843e-02 4.380986989815246167e-03 -6.344591995540237173e-03
6.952227421451302736e-02 4.409918439717515522e-03 -6.179401450678349839e-03
6.898553737160102728e-02 4.435880345030901103e-03 -6.016329401875605658e-03
6.845294432924500794e-02 4.458951060382627778e-03 -5.855388344240947812e-03
6.792446309582127195e-02 4.479207916900781669e-03 -5.696589383124896558e-03
6.740006192669303897e-02 4.496727216856021697e-03 -5.539942271284878199e-03
6.687970932230351273e-02 4.511584228954030988e-03 -5.385455445556191698e-03
6.636337402628364468e-02 4.523853184260995773e-03 -5.233136063026500896e-03
6.585102502357481624e-02 4.533607272744690810e-03 -5.082990036711902519e-03
6.534263153856574580e-02 4.540918640414108587e-03 -4.935022070732802274e-03
6.483816303324391184e-02 4.545858387040597332e-03 -4.789235694988254639e-03
6.433758920536110371e-02 4.548496564443917783e-03 -4.645633299327641373e-03
6.384087998661343299e-02 4.548902175326707646e-03 -4.504216167218929798e-03
6.334800554083495905e-02 4.547143172641207771e-03 -4.364984508912769269e-03
6.285893626220566410e-02 4.543286459472301031e-03 -4.227937494102310470e-03
6.237364277347311192e-02 4.537397889421109116e-03 -4.093073284078560178e-03
6.189209592418772748e-02 4.529542267473707362e-03 -3.960389063381440644e-03
6.141426678895180874e-02 4.519783351339739727e-03 -3.829881070947000702e-03
6.094012666568213860e-02 4.508183853245951132e-03 -3.701544630751469472e-03
6.046964707388582244e-02 4.494805442169852970e-03 -3.575374181952843504e-03
6.000279975294960794e-02 4.479708746499107969e-03 -3.451363308531257661e-03
5.953955666044222217e-02 4.462953357102269168e-03 -3.329504768429242170e-03
5.907988997043002455e-02 4.444597830796970933e-03 -3.209790522193492566e-03
5.862377207180559380e-02 4.424699694201695947e-03 -3.092211761119708149e-03
5.817117556662905475e-02 4.403315447957640259e-03 -2.976758934902323447e-03
5.772207326848250580e-02 4.380500571307364109e-03 -2.863421778791291547e-03
5.727643820083693632e-02 4.356309527017146986e-03 -2.752189340257958465e-03
5.683424359543169657e-02 4.330795766630229048e-03 -2.643050005172451530e-03
5.639546289066678375e-02 4.304011736038397713e-03 -2.535991523495178656e-03
5.596006973000725027e-02 4.276008881359450245e-03 -2.431001034484958634e-03
5.552803796039998407e-02 4.246837655108525421e-03 -2.328065091426711076e-03
5.509934163070279861e-02 4.216547522651348592e-03 -2.227169685881646814e-03
5.467395499012570742e-02 4.185186968927721504e-03 -2.128300271463064337e-03
5.425185248668391164e-02 4.152803505433851940e-03 -2.031441787140894281e-03
5.383300876566318033e-02 4.119443677452304733e-03 -1.936578680078509130e-03
5.341739866809672166e-02 4.085153071518562128e-03 -1.843694928005096051e-03
5.300499722925398893e-02 4.049976323113478084e-03 -1.752774061127298231e-03
5.259577967714102603e-02 4.013957124571052547e-03 -1.663799183583742703e-03
5.218972143101260897e-02 3.977138233191223997e-03 -1.576752994446336967e-03
5.178679809989569782e-02 3.939561479547585079e-03 -1.491617808272141261e-03
5.138698548112413667e-02 3.901267775980086106e-03 -1.408375575209817182e-03
5.099025955888516343e-02 3.862297125263152494e-03 -1.327007900664858506e-03
5.059659650277666815e-02 3.822688629439672994e-03 -1.247496064527576056e-03
5.020597266637571304e-02 3.782480498811622172e-03 -1.169821039968198598e-03
4.981836458581825194e-02 3.741710061078326079e-03 -1.093963511803418319e-03
4.943374897838967441e-02 3.700413770613492775e-03 -1.019903894438702312e-03
4.905210274112627167e-02 3.658627217872395272e-03 -9.476223493908780609e-04
4.867340294942740925e-02 3.616385138920757015e-03 -8.770988023954757844e-04
4.829762685567867697e-02 3.573721425077171568e-03 -8.083129601034772394e-04
4.792475188788532237e-02 3.530669132660949235e-03 -7.412443263719912341e-04
4.755475564831647406e-02 3.487260492837598695e-03 -6.758722181536461855e-04
4.718761591215978740e-02 3.443526921554317371e-03 -6.121757809893808725e-04
4.682331062618644291e-02 3.399499029558001716e-03 -5.501340041094020293e-04
4.646181790742637957e-02 3.355206632488515889e-03 -4.897257351471263247e-04
4.610311604185394346e-02 3.310678761040189693e-03 -4.309296944710018441e-04
4.574718348308352833e-02 3.265943671184599103e-03 -3.737244891390182721e-04
4.539399885107534005e-02 3.221028854447948939e-03 -3.180886264808757019e-04
4.504354093085113225e-02 3.175961048236500012e-03 -2.640005273127158649e-04
4.469578867121985072e-02 3.130766246203724179e-03 -2.114385387894084241e-04
4.435072118351325587e-02 3.085469708652985223e-03 -1.603809468993620130e-04
4.400831774033100996e-02 3.040095972969697902e-03 -1.108059886068248962e-04
4.366855777429580476e-02 2.994668864077216271e-03 -6.269186364676389994e-05
4.333142087681782217e-02 2.949211504910687672e-03 -1.601674597727174566e-05
4.299688679686881898e-02 2.903746326903404971e-03 2.924120510543042897e-05
4.266493543976580122e-02 2.858295080480335350e-03 7.310383418433366403e-05
4.233554686596388561e-02 2.812878845553585909e-03 1.155929792663324936e-04
4.200870128985866037e-02 2.767518042014827009e-03 1.567304616491777599e-04
4.168437907859755265e-02 2.722232440219742380e-03 1.965380761056920958e-04
4.136256075090074397e-02 2.677041171459886883e-03 2.350375813801363950e-04
4.104322697589085633e-02 2.631962738417254703e-03 2.722506909917860648e-04
4.072635857193174919e-02 2.587015025597220758e-03 3.081990643406351364e-04
4.041193650547642707e-02 2.542215309735563165e-03 3.429042981102079553e-04
4.009994188992369729e-02 2.497580270175415139e-03 3.763879179625168178e-04
3.979035598448363298e-02 2.453125999210149094e-03 4.086713705201534493e-04
3.948316019305197350e-02 2.408868012388373087e-03 4.397760156305289474e-04
3.917833606309304578e-02 2.364821258777278275e-03 4.697231189073434597e-04
3.887586528453125523e-02 2.321000131180756508e-03 4.985338445443415843e-04
3.857572968865145835e-02 2.277418476308878427e-03 5.262292483964053523e-04
3.827791124700745395e-02 2.234089604895332041e-03 5.528302713231613439e-04
3.798239207033912018e-02 2.191026301759678441e-03 5.783577327901886014e-04
3.768915440749776025e-02 2.148240835811304327e-03 6.028323247230158149e-04
3.739818064437998302e-02 2.105744969992176096e-03 6.262746056090829705e-04
3.710945330286954252e-02 2.063549971155476809e-03 6.487049948429038588e-04
3.682295503978748330e-02 2.021666619877474959e-03 6.701437673096813938e-04
3.653866864585045976e-02 1.980105220199995623e-03 6.906110482026342045e-04
3.625657704463689651e-02 1.938875609300982775e-03 7.101268080693945439e-04
3.597666329156131576e-02 1.897987167090809790e-03 7.287108580827895369e-04
3.569891057285653341e-02 1.857448825732032705e-03 7.463828455314136263e-04
3.542330220456364059e-02 1.817269079080419776e-03 7.631622495254162348e-04
3.514982163152989558e-02 1.777455992045219244e-03 7.790683769129621607e-04
3.487845242641421373e-02 1.738017209866652823e-03 7.941203584028681947e-04
3.460917828870049145e-02 1.698959967308830577e-03 8.083371448889487216e-04
3.434198304371845895e-02 1.660291097766266591e-03 8.217375039716674680e-04
3.407685064167206845e-02 1.622017042282343545e-03 8.343400166727079573e-04
3.381376515667542521e-02 1.584143858478151727e-03 8.461630743381257525e-04
3.355271078579622618e-02 1.546677229390221002e-03 8.572248757257954453e-04
3.329367184810640840e-02 1.509622472215690339e-03 8.675434242729103407e-04
3.303663278374032591e-02 1.472984546963690368e-03 8.771365255393170739e-04
3.278157815296004612e-02 1.436768065011619078e-03 8.860217848225394963e-04
3.252849263522796658e-02 1.400977297565231434e-03 8.942166049403735967e-04
3.227736102828646786e-02 1.365616184021425537e-03 9.017381841769911682e-04
3.202816824724483841e-02 1.330688340232785098e-03 9.086035143885225684e-04
3.178089932367314518e-02 1.296197066672929565e-03 9.148293792641631851e-04
3.153553940470300854e-02 1.262145356501830551e-03 9.204323527388626408e-04
3.129207375213559350e-02 1.228535903530391998e-03 9.254287975537291719e-04
3.105048774155621735e-02 1.195371110083516064e-03 9.298348639603176095e-04
3.081076686145587176e-02 1.162653094761087903e-03 9.336664885650263141e-04
3.057289671235963527e-02 1.130383700096316635e-03 9.369393933098648427e-04
3.033686300596168117e-02 1.098564500110920132e-03 9.396690845859202636e-04
3.010265156426701616e-02 1.067196807766746143e-03 9.418708524758803930e-04
2.987024831873982128e-02 1.036281682313453575e-03 9.435597701220458430e-04
2.963963930945844386e-02 1.005819936531971793e-03 9.447506932162876014e-04
2.941081068427680092e-02 9.758121438734459812e-04 9.454582596084715879e-04
2.918374869799232607e-02 9.462586454935359610e-04 9.456968890299232398e-04
2.895843971152036941e-02 9.171595571818972649e-04 9.454807829285469256e-04
2.873487019107488424e-02 8.885147761867741127e-04 9.448239244122702725e-04
2.851302670735547662e-02 8.603239879346743580e-04 9.437400782975350006e-04
2.829289593474077977e-02 8.325866726451650046e-04 9.422427912596001952e-04
2.807446465048799369e-02 8.053021118408376254e-04 9.403453920814878108e-04
2.785771973393862816e-02 7.784693947525730268e-04 9.380609919984267625e-04
2.764264816573035882e-02 7.520874246202725617e-04 9.354024851347328418e-04
2.742923702701499308e-02 7.261549248892629552e-04 9.323825490300872813e-04
2.721747349868250399e-02 7.006704453026302987e-04 9.290136452522317631e-04
2.700734486059093789e-02 6.756323678897619605e-04 9.253080200931658580e-04
2.679883849080243186e-02 6.510389128514610301e-04 9.212777053459541383e-04
2.659194186482499375e-02 6.268881443419725436e-04 9.169345191593206764e-04
2.638664255486015964e-02 6.031779761483487727e-04 9.122900669672516852e-04
2.618292822905655265e-02 5.799061772676100289e-04 9.073557424908769301e-04
2.598078665076909016e-02 5.570703773821575376e-04 9.021427288099494396e-04
2.578020567782399880e-02 5.346680722339747401e-04 8.966619995012890115e-04
2.558117326178935974e-02 5.126966288981393881e-04 8.909243198416048849e-04
2.538367744725153127e-02 4.911532909562671412e-04 8.849402480721778926e-04
2.518770637109692817e-02 4.700351835704413947e-04 8.787201367228897808e-04
2.499324826179942158e-02 4.493393184582974813e-04 8.722741339931864776e-04
2.480029143871330735e-02 4.290625987699272148e-04 8.656121851875667574e-04
2.460882431137165205e-02 4.092018238672745197e-04 8.587440342032621196e-04
2.441883537879003738e-02 3.897536940067419472e-04 8.516792250678030876e-04
2.423031322877579677e-02 3.707148149257682122e-04 8.444271035242292530e-04
2.404324653724248390e-02 3.520817023341039800e-04 8.369968186617327043e-04
2.385762406752960085e-02 3.338507863105897840e-04 8.293973245895774936e-04
2.367343466972773522e-02 3.160184156062505276e-04 8.216373821521846333e-04
2.349066728000876250e-02 2.985808618544981462e-04 8.137255606833110376e-04
2.330931091996127705e-02 2.815343236893172170e-04 8.056702397973002647e-04
2.312935469593110221e-02 2.648749307722717689e-04 7.974796112154230272e-04
2.295078779836700472e-02 2.485987477292311734e-04 7.891616806253806292e-04
2.277359950117136336e-02 2.327017779976891197e-04 7.807242695720682281e-04
2.259777916105583026e-02 2.171799675855907400e-04 7.721750173777530441e-04
2.242331621690209914e-02 2.020292087426037414e-04 7.635213830898667647e-04
2.225020018912744410e-02 1.872453435447440039e-04 7.547706474546344874e-04
2.207842067905527519e-02 1.728241673933284168e-04 7.459299149148330152e-04
2.190796736829051655e-02 1.587614324292008119e-04 7.370061156299849816e-04
2.173883001809979662e-02 1.450528508632036582e-04 7.280060075173506833e-04
2.157099846879643318e-02 1.316940982238821154e-04 7.189361783121223266e-04
2.140446263913014374e-02 1.186808165233977323e-04 7.098030476452482683e-04
2.123921252568151952e-02 1.060086173426725930e-04 7.006128691373819444e-04
2.107523820226114494e-02 9.367308483674297308e-05 6.913717325074563618e-04
2.091252981931331079e-02 8.166977866135531746e-05 6.820855656944485590e-04
2.075107760332440751e-02 6.999423682181517715e-05 6.727601369909262012e-04
2.059087185623587751e-02 5.864197844512227675e-05 6.634010571870094545e-04
2.043190295486161170e-02 4.760850647640737897e-05 6.540137817234054638e-04
2.027416135030996741e-02 3.688931030072294077e-05 6.446036128522348837e-04
2.011763756741015083e-02 2.647986829121265419e-05 6.351757018043765243e-04
1.996232220414309588e-02 1.637565028470971815e-05 6.257350509621143961e-04
1.980820593107665561e-02 6.572119985799501808e-06 6.162865160358909538e-04
1.965527949080526568e-02 -2.935262699595730114e-06 6.068348082440179351e-04
1.950353369739386139e-02 -1.215103940007353685e-05 5.973844964942182003e-04
1.935295943582602402e-02 -2.107975108300050470e-05 5.879400095659052632e-04
1.920354766145658185e-02 -2.972593592609013569e-05 5.785056382921650994e-04
1.905528939946825318e-02 -3.809412725528456192e-05 5.690855377403909428e-04
1.890817574433252893e-02 -4.618885154787547942e-05 5.596837293905950698e-04
1.876219785927479844e-02 -5.401462649981895721e-05 5.503041033104430404e-04
1.861734697574349978e-02 -6.157595915620749441e-05 5.409504203260629123e-04
1.847361439288344037e-02 -6.887734410384716672e-05 5.316263141877512234e-04
1.833099147701311785e-02 -7.592326172490575687e-05 5.223352937296882152e-04
1.818946966110617652e-02 -8.271817651058632889e-05 5.130807450228429658e-04
1.804904044427673576e-02 -8.926653543380242057e-05 5.038659335202363065e-04
1.790969539126883656e-02 -9.557276637981141785e-05 4.946940061938001967e-04
1.777142613194966289e-02 -1.016412766337938459e-04 4.855679936620592180e-04
1.763422436080686745e-02 -1.074764514243383524e-04 4.764908123079281566e-04
1.749808183644960616e-02 -1.130826525218318142e-04 4.674652663859058714e-04
1.736299038111353832e-02 -1.184642168907326377e-04 4.584940501180059282e-04
1.722894188016958067e-02 -1.236254553947195838e-04 4.495797497777688696e-04
1.709592828163649172e-02 -1.285706515537202621e-04 4.407248457617354712e-04
1.696394159569722740e-02 -1.333040603518173171e-04 4.319317146477877063e-04
1.683297389421893608e-02 -1.378299070950507498e-04 4.232026312397724394e-04
1.670301731027684991e-02 -1.421523863181241277e-04 4.145397705978799501e-04
1.657406403768166281e-02 -1.462756607390476137e-04 4.059452100542277047e-04
1.644610633051060700e-02 -1.502038602607478485e-04 3.974209312131599136e-04
1.631913650264225218e-02 -1.539410810186755149e-04 3.889688219357891313e-04
1.619314692729476382e-02 -1.574913844734690939e-04 3.805906783083052355e-04
1.606813003656779038e-02 -1.608587965477193012e-04 3.722882065936293267e-04
1.594407832098788599e-02 -1.640473068059007092e-04 3.640630251659919309e-04
1.582098432905743729e-02 -1.670608676765400090e-04 3.559166664280428625e-04
1.569884066680701795e-02 -1.699033937157005340e-04 3.478505787101152276e-04
1.557763999735133596e-02 -1.725787609108669213e-04 3.398661281513007978e-04
1.545737504044846465e-02 -1.750908060243306730e-04 3.319646005619848760e-04
1.533803857206256401e-02 -1.774433259751787906e-04 3.241472032675409270e-04
1.521962342392989970e-02 -1.796400772590006645e-04 3.164150669328742943e-04
1.510212248312833502e-02 -1.816847754044331709e-04 3.087692473675529526e-04
1.498552869165002688e-02 -1.835810944656824718e-04 3.012107273112454614e-04
1.486983504597748189e-02 -1.853326665501594617e-04 2.937404181992339940e-04
1.475503459666287730e-02 -1.869430813803816703e-04 2.863591619077736198e-04
1.464112044791057894e-02 -1.884158858893053177e-04 2.790677324790807293e-04
1.452808575716300031e-02 -1.897545838482540988e-04 2.718668378257703519e-04
1.441592373468953726e-02 -1.909626355266299440e-04 2.647571214145448808e-04
1.430462764317873628e-02 -1.920434573825939616e-04 2.577391639289850715e-04
1.419419079733361296e-02 -1.930004217839199942e-04 2.508134849112900080e-04
1.408460656347002883e-02 -1.938368567582304878e-04 2.439805443828256342e-04
1.397586835911830173e-02 -1.945560457718372468e-04 2.372407444433782787e-04
1.386796965262775821e-02 -1.951612275364168021e-04 2.305944308489850782e-04
1.376090396277441716e-02 -1.956555958427651384e-04 2.240418945682667851e-04
1.365466485837163110e-02 -1.960422994208799673e-04 2.175833733171694481e-04
1.354924595788385179e-02 -1.963244418256366501e-04 2.112190530720620834e-04
1.344464092904325975e-02 -1.965050813473276402e-04 2.049490695611193216e-04
1.334084348846940535e-02 -1.965872309463513373e-04 1.987735097339574791e-04
1.323784740129178850e-02 -1.965738582113421237e-04 1.926924132094885213e-04
1.313564648077535091e-02 -1.964678853400468269e-04 1.867057737019726157e-04
1.303423458794881161e-02 -1.962721891422619593e-04 1.808135404252557801e-04
1.293360563123597748e-02 -1.959896010641572510e-04 1.750156194752055790e-04
1.283375356608980507e-02 -1.956229072333204289e-04 1.693118751903414823e-04
1.273467239462928134e-02 -1.951748485238703876e-04 1.637021314906894295e-04
1.263635616527922050e-02 -1.946481206409942754e-04 1.581861731948972730e-04
1.253879897241271142e-02 -1.940453742242764616e-04 1.527637473156379891e-04
1.244199495599639972e-02 -1.933692149691961014e-04 1.474345643333623739e-04
1.234593830123848629e-02 -1.926222037661821907e-04 1.421982994484535649e-04
1.225062323823944248e-02 -1.918068568566226421e-04 1.370545938118518012e-04
1.215604404164544530e-02 -1.909256460052383901e-04 1.320030557342248827e-04
1.206219503030441474e-02 -1.899809986882384377e-04 1.270432618737634203e-04
1.196907056692483699e-02 -1.889752982966892421e-04 1.221747584027004624e-04
1.187666505773710135e-02 -1.879108843545325381e-04 1.173970621526410399e-04
1.178497295215747212e-02 -1.867900527507060035e-04 1.127096617388132898e-04
1.169398874245473723e-02 -1.856150559848234165e-04 1.081120186633558247e-04
1.160370696341933051e-02 -1.843881034258859218e-04 1.036035683977507590e-04
1.151412219203506136e-02 -1.831113615835030638e-04 9.918372144453292758e-05
1.142522904715336310e-02 -1.817869543911132557e-04 9.485186437840391273e-05
1.133702218917006198e-02 -1.804169635007055997e-04 9.060736086688702664e-05
1.124949631970465456e-02 -1.790034285885489353e-04 8.644955267066476530e-05
1.116264618128199812e-02 -1.775483476714501433e-04 8.237776062374342059e-05
1.107646655701656664e-02 -1.760536774330703769e-04 7.839128559360382181e-05
1.099095227029906439e-02 -1.745213335598365628e-04 7.448940942148576634e-05
1.090609818448543683e-02 -1.729531910859967935e-04 7.067139584297202261e-05
1.082189920258839512e-02 -1.713510847473787718e-04 6.693649138904171831e-05
1.073835026697120103e-02 -1.697168093434151621e-04 6.328392626775415869e-05
1.065544635904388908e-02 -1.680521201070157465e-04 5.971291522674463813e-05
1.057318249896179937e-02 -1.663587330818683166e-04 5.622265839670603571e-05
1.049155374532645749e-02 -1.646383255067663349e-04 5.281234211603909301e-05
1.041055519488876327e-02 -1.628925362065645132e-04 4.948113973685574276e-05
1.033018198225442615e-02 -1.611229659893757089e-04 4.622821241252128647e-05
1.025042927959177175e-02 -1.593311780496324071e-04 4.305270986693183143e-05
1.017129229634170830e-02 -1.575186983766395778e-04 3.995377114571361176e-05
1.009276627892995506e-02 -1.556870161682612306e-04 3.693052534954408678e-05
1.001484651048154678e-02 -1.538375842493864578e-04 3.398209234979618679e-05
9.937528310537478704e-03 -1.519718194948321138e-04 3.110758348670084240e-05
9.860807034773558244e-03 -1.500911032563446198e-04 2.830610225023546270e-05
9.784678074721444088e-03 -1.481967817933769864e-04 2.557674494394220931e-05
9.709136857491817291e-03 -1.462901667073185060e-04 2.291860133188277276e-05
9.634178845499708627e-03 -1.443725353788692005e-04 2.033075526893906156e-05
9.559799536191907615e-03 -1.424451314082528729e-04 1.781228531466781814e-05
9.485994461776546885e-03 -1.405091650579786029e-04 1.536226533092553817e-05
9.412759188954714432e-03 -1.385658136978578715e-04 1.297976506347035720e-05
9.340089318654128461e-03 -1.366162222520008959e-04 1.066385070775787733e-05
9.267980485764942475e-03 -1.346615036475218307e-04 8.413585459147919997e-06
9.196428358877520998e-03 -1.327027392646844121e-04 6.228030047732891621e-06
9.125428640022237997e-03 -1.307409793882329603e-04 4.106243258006673529e-06
9.054977064411355234e-03 -1.287772436596613804e-04 2.047282433593037820e-06
8.985069400182814012e-03 -1.268125215301725821e-04 5.020396724616497668e-08
8.915701448146047883e-03 -1.248477727140973850e-04 -1.885936223655312356e-06
8.846869041529738242e-03 -1.228839276425417024e-04 -3.762082235904368591e-06
8.778568045731540564e-03 -1.209218879170422494e-04 -5.579177733333517843e-06
8.710794358069724047e-03 -1.189625267630135022e-04 -7.338165513536407377e-06
8.643543907536707302e-03 -1.170066894827798408e-04 -9.039987088226419124e-06
8.576812654554564694e-03 -1.150551939079911201e-04 -1.068558227701149403e-05
8.510596590732355873e-03 -1.131088308512247361e-04 -1.227588881437194566e-05
8.444891738625349628e-03 -1.111683645565866906e-04 -1.381184196962107731e-05
8.379694151496114296e-03 -1.092345331491286641e-04 -1.529437417963337321e-05
8.314999913077440047e-03 -1.073080490829048512e-04 -1.672441469412410691e-05
8.250805137337112113e-03 -1.053895995874978055e-04 -1.810288923326490717e-05
8.187105968244460380e-03 -1.034798471128479025e-04 -1.943071965742141223e-05
8.123898579538752981e-03 -1.015794297722301170e-04 -2.070882364879797794e-05
8.061179174499373198e-03 -9.968896178322279129e-05 -2.193811440477725968e-05
7.998943985717738014e-03 -9.780903390652146887e-05 -2.311950034274360267e-05
7.937189274871012112e-03 -9.594021388245699907e-05 -2.425388481617799801e-05
7.875911332497553125e-03 -9.408304686508043376e-05 -2.534216584181535675e-05
7.815106477774070790e-03 -9.223805585368317634e-05 -2.638523583765629775e-05
7.754771058294569405e-03 -9.040574212162931218e-05 -2.738398137162407966e-05
7.694901449850927860e-03 -8.858658564237496293e-05 -2.833928292066314184e-05
7.635494056215209185e-03 -8.678104551256231433e-05 -2.925201464007271037e-05
7.576545308923643245e-03 -8.498956037207627877e-05 -3.012304414287286881e-05
7.518051667062277364e-03 -8.321254882095743225e-05 -3.095323228900109699e-05
7.460009617054288826e-03 -8.145040983307069325e-05 -3.174343298413880184e-05
7.402415672448906317e-03 -7.970352316643178575e-05 -3.249449298796987516e-05
7.345266373712026203e-03 -7.797224977010166027e-05 -3.320725173167227991e-05
7.288558288018378781e-03 -7.625693218755858599e-05 -3.388254114444943968e-05
7.232288009045334705e-03 -7.455789495646552819e-05 -3.452118548890576008e-05
7.176452156768296960e-03 -7.287544500475469410e-05 -3.512400120507525584e-05
7.121047377257676628e-03 -7.120987204295294666e-05 -3.569179676291216565e-05
7.066070342477388279e-03 -6.956144895267635242e-05 -3.622537252305632686e-05
7.011517750085010693e-03 -6.793043217123158990e-05 -3.672552060568417078e-05
6.957386323233377863e-03 -6.631706207225451766e-05 -3.719302476726366025e-05
6.903672810373755533e-03 -6.472156334233123125e-05 -3.762866028502779799e-05
6.850373985060531287e-03 -6.314414535354540665e-05 -3.803319384898695861e-05
6.797486645757406035e-03 -6.158500253189834353e-05 -3.840738346130039189e-05
6.745007615645092977e-03 -6.004431472155570434e-05 -3.875197834283041642e-05
6.692933742430471136e-03 -5.852224754487320358e-05 -3.906771884670396771e-05
6.641261898157267175e-03 -5.701895275816335439e-05 -3.935533637870814366e-05
6.589988979018143213e-03 -5.553456860316115809e-05 -3.961555332434961571e-05
6.539111905168267826e-03 -5.406922015415636636e-05 -3.984908298240842455e-05
6.488627620540312127e-03 -5.262301966075927498e-05 -4.005662950481933559e-05
6.438533092660880461e-03 -5.119606688627136530e-05 -4.023888784271628069e-05
6.388825312468364437e-03 -4.978844944163498263e-05 -4.039654369847726933e-05
6.339501294132170867e-03 -4.840024311493830737e-05 -4.053027348360918543e-05
6.290558074873404265e-03 -4.703151219645710642e-05 -4.064074428231393907e-05
6.241992714786876416e-03 -4.568230979921337624e-05 -4.072861382058034265e-05
6.193802296664527134e-03 -4.435267817503805028e-05 -4.079453044064707044e-05
6.145983925820167754e-03 -4.304264902612362187e-05 -4.083913308068526550e-05
6.098534729915647094e-03 -4.175224381205981823e-05 -4.086305125955067946e-05
6.051451858788269890e-03 -4.048147405234073145e-05 -4.086690506645814441e-05
6.004732484279633360e-03 -3.923034162434308104e-05 -4.085130515543289721e-05
5.958373800065724056e-03 -3.799883905676924536e-05 -4.081685274439540446e-05
5.912373021488356514e-03 -3.678694981855654573e-05 -4.076413961873903989e-05
5.866727385387900812e-03 -3.559464860325391497e-05 -4.069374813926127403e-05
5.821434149937310294e-03 -3.442190160887009066e-05 -4.060625125431224081e-05
5.776490594477428665e-03 -3.326866681319870658e-05 -4.050221251602582689e-05
5.731894019353546074e-03 -3.213489424462786517e-05 -4.038218610050117350e-05
5.687641745753270993e-03 -3.102052624844566983e-05 -4.024671683180437146e-05
5.643731115545595582e-03 -2.992549774865023492e-05 -4.009634020966239986e-05
5.600159491121235213e-03 -2.884973650528032456e-05 -3.993158244072356146e-05
5.556924255234192700e-03 -2.779316336727972238e-05 -3.975296047326052409e-05
5.514022810844548990e-03 -2.675569252091326191e-05 -3.956098203519486299e-05
5.471452580962464680e-03 -2.573723173375191248e-05 -3.935614567532325889e-05
5.429211008493371564e-03 -2.473768259424680559e-05 -3.913894080762848838e-05
5.387295556084406231e-03 -2.375694074691481054e-05 -3.890984775855990186e-05
5.345703705971957369e-03 -2.279489612315568008e-05 -3.866933781717021840e-05
5.304432959830465526e-03 -2.185143316772822667e-05 -3.841787328799834057e-05
5.263480838622333104e-03 -2.092643106090777251e-05 -3.815590754658835935e-05
5.222844882449025235e-03 -2.001976393635384864e-05 -3.788388509753895815e-05
5.182522650403291291e-03 -1.913130109471439781e-05 -3.760224163497783155e-05
5.142511720422569474e-03 -1.826090721299729601e-05 -3.731140410535905460e-05
5.102809689143486885e-03 -1.740844254973746683e-05 -3.701179077248217884e-05
5.063414171757493233e-03 -1.657376314599209418e-05 -3.670381128463493490e-05
5.024322801867616914e-03 -1.575672102219581250e-05 -3.638786674376280351e-05
4.985533231346313959e-03 -1.495716437090900680e-05 -3.606434977657056707e-05
4.947043130194433286e-03 -1.417493774549378678e-05 -3.573364460746404370e-05
4.908850186401237520e-03 -1.340988224475170754e-05 -3.539612713324011761e-05
4.870952105805551394e-03 -1.266183569356085210e-05 -3.505216499943745545e-05
4.833346611957943170e-03 -1.193063281954704639e-05 -3.470211767826058983e-05
4.796031445983983330e-03 -1.121610542582782790e-05 -3.434633654799225318e-05
4.759004366448562305e-03 -1.051808255986704249e-05 -3.398516497381161023e-05
4.722263149221252523e-03 -9.836390678478942738e-06 -3.361893838993655875e-05
4.685805587342717349e-03 -9.170853809021107413e-06 -3.324798438301133138e-05
4.649629490892110556e-03 -8.521293706815811190e-06 -3.287262277666122757e-05
4.613732686855585158e-03 -7.887530008842448683e-06 -3.249316571714030261e-05
4.578113018995729443e-03 -7.269380383739136098e-06 -3.210991775999605185e-05
4.542768347722056857e-03 -6.666660678157537044e-06 -3.172317595768082700e-05
4.507696549962485547e-03 -6.079185059512010531e-06 -3.133322994803863733e-05
4.472895519035811895e-03 -5.506766155165874983e-06 -3.094036204359922743e-05
4.438363164525157244e-03 -4.949215188097177990e-06 -3.054484732161214330e-05
4.404097412152419011e-03 -4.406342109088464785e-06 -3.014695371475609715e-05
4.370096203653659438e-03 -3.877955725482498960e-06 -2.974694210245956133e-05
4.336357496655476179e-03 -3.363863826549045442e-06 -2.934506640277107647e-05
4.302879264552321795e-03 -2.863873305506442964e-06 -2.894157366471905663e-05
4.269659496384766925e-03 -2.377790278242209086e-06 -2.853670416110200568e-05
4.236696196718713232e-03 -1.905420198777591918e-06 -2.813069148165279028e-05
4.203987385525517068e-03 -1.446567971520348447e-06 -2.772376262652069250e-05
4.171531098063076780e-03 -1.001038060351489265e-06 -2.731613810001820762e-05
4.139325384757797793e-03 -5.686345945900028829e-07 -2.690803200457920723e-05
4.107368311087491834e-03 -1.491614718815127561e-07 -2.649965213487821133e-05
4.075657957465179081e-03 2.575775419442199009e-07 -2.609120007206119771e-05
4.044192419123768950e-03 6.517787160018365045e-07 -2.568287127803956278e-05
4.012969806001656821e-03 1.033638260419170160e-06 -2.527485518980139228e-05
3.981988242629196789e-03 1.403352235301324597e-06 -2.486733531369433281e-05
3.951245868016034848e-03 1.761116462544848398e-06 -2.446048931963640439e-05
3.920740835539331115e-03 2.107126440456377857e-06 -2.405448913521261281e-05
3.890471312832834237e-03 2.441577261130751440e-06 -2.364950103961608048e-05
3.860435481676814488e-03 2.764663530543442815e-06 -2.324568575739409558e-05
3.830631537888855558e-03 3.076579291312107772e-06 -2.284319855196083397e-05
3.801057691215462084e-03 3.377517948082729442e-06 -2.244218931883910857e-05
3.771712165224549301e-03 3.667672195494827000e-06 -2.204280267859618739e-05
3.742593197198719381e-03 3.947233948681873371e-06 -2.164517806943805055e-05
3.713699038029383021e-03 4.216394276261890701e-06 -2.124944983942940447e-05
3.685027952111697216e-03 4.475343335774129164e-06 -2.085574733830698131e-05
3.656578217240308380e-03 4.724270311517659322e-06 -2.046419500885509859e-05
3.628348124505907744e-03 4.963363354747848393e-06 -2.007491247781371417e-05
3.600335978192569127e-03 5.192809526187480265e-06 -1.968801464628990654e-05
3.572540095675910254e-03 5.412794740808295649e-06 -1.930361177964590898e-05
3.544958807322009988e-03 5.623503714840561777e-06 -1.892180959683614213e-05
3.517590456387110522e-03 5.825119914967374687e-06 -1.854270935916846056e-05
3.490433398918117974e-03 6.017825509660785969e-06 -1.816640795846525286e-05
3.463486003653844583e-03 6.201801322618009629e-06 -1.779299800460055621e-05
3.436746651927013313e-03 6.377226788255129591e-06 -1.742256791239089843e-05
3.410213737567048282e-03 6.544279909216661745e-06 -1.705520198781911167e-05
3.383885666803581205e-03 6.703137215859774265e-06 -1.669098051356971170e-05
3.357760858170721549e-03 6.853973727671764072e-06 -1.632997983385711639e-05
3.331837742412063069e-03 6.996962916580214854e-06 -1.597227243852787233e-05
3.306114762386418507e-03 7.132276672115333240e-06 -1.561792704641924750e-05
3.280590372974292405e-03 7.260085268384435733e-06 -1.526700868795756775e-05
3.255263040985056054e-03 7.380557332818948642e-06 -1.491957878698016977e-05
3.230131245064868806e-03 7.493859816654424721e-06 -1.457569524176648440e-05
3.205193475605284600e-03 7.600157967104937410e-06 -1.423541250526337817e-05
3.180448234652574063e-03 7.699615301192967091e-06 -1.389878166449184260e-05
3.155894035817747873e-03 7.792393581196887340e-06 -1.356585051912234096e-05
3.131529404187273578e-03 7.878652791678132894e-06 -1.323666365920698799e-05
3.107352876234471123e-03 7.958551118050805298e-06 -1.291126254205739179e-05
3.083362999731621354e-03 8.032244926656625513e-06 -1.258968556825837309e-05
3.059558333662712459e-03 8.099888746308907611e-06 -1.227196815680706028e-05
3.035937448136898954e-03 8.161635251269278547e-06 -1.195814281936957944e-05
3.012498924302602944e-03 8.217635245621529642e-06 -1.164823923364625908e-05
2.989241354262291497e-03 8.268037649007349665e-06 -1.134228431583836503e-05
2.966163340987895431e-03 8.312989483689114598e-06 -1.104030229220913354e-05
2.943263498236911146e-03 8.352635862905285249e-06 -1.074231476973348664e-05
2.920540450469120888e-03 8.387119980484589009e-06 -1.044834080583003817e-05
2.897992832763968737e-03 8.416583101685321252e-06 -1.015839697717098414e-05
2.875619290738575407e-03 8.441164555226877804e-06 -9.872497447565303520e-06
2.853418480466381017e-03 8.461001726480704414e-06 -9.590654034911322162e-06
2.831389068396423635e-03 8.476230051788640301e-06 -9.312876277215616092e-06
2.809529731273222811e-03 8.486983013876866629e-06 -9.039171497675118339e-06
2.787839156057313195e-03 8.493392138334226424e-06 -8.769544868820864056e-06
2.766316039846361020e-03 8.495586991123982282e-06 -8.503999475720932740e-06
2.744959089796904662e-03 8.493695177098830392e-06 -8.242536378241954007e-06
2.723767023046697131e-03 8.487842339489040219e-06 -7.985154672368199410e-06
2.702738566637647062e-03 8.478152160334426063e-06 -7.731851550578075678e-06
2.681872457439360338e-03 8.464746361831056601e-06 -7.482622361278331909e-06
2.661167442073247239e-03 8.447744708564099801e-06 -7.237460667296163689e-06
2.640622276837262337e-03 8.427265010598802001e-06 -6.996358303431249555e-06
2.620235727631183009e-03 8.403423127401887929e-06 -6.759305433068052676e-06
2.600006569882479940e-03 8.376332972566163094e-06 -6.526290603851059312e-06
2.579933588472762673e-03 8.346106519311570959e-06 -6.297300802424935240e-06
2.560015577664792423e-03 8.312853806736436699e-06 -6.072321508242329309e-06
2.540251341030046531e-03 8.276682946792995277e-06 -5.851336746442128632e-06
2.520639691376864912e-03 8.237700131961816577e-06 -5.634329139801964364e-06
2.501179450679130809e-03 8.196009643600185845e-06 -5.421279959768078379e-06
2.481869450005510114e-03 8.151713860939821285e-06 -5.212169176566974037e-06
2.462708529449237575e-03 8.104913270709998438e-06 -5.006975508403057422e-06
2.443695538058442054e-03 8.055706477362291557e-06 -4.805676469746826070e-06
2.424829333767016936e-03 8.004190213873845272e-06 -4.608248418718649295e-06
2.406108783326007042e-03 7.950459353106296479e-06 -4.414666603573103693e-06
2.387532762235551522e-03 7.894606919698135550e-06 -4.224905208289705841e-06
2.369100154677328523e-03 7.836724102468463690e-06 -4.038937397275312404e-06
2.350809853447534143e-03 7.776900267310804597e-06 -3.856735359184465039e-06
2.332660759890374438e-03 7.715222970555742071e-06 -3.678270349863729571e-06
2.314651783832068731e-03 7.651777972781936222e-06 -3.503512734426462270e-06
2.296781843515368141e-03 7.586649253055147106e-06 -3.332432028464732449e-06
2.279049865534580211e-03 7.519919023575577380e-06 -3.164996938405169199e-06
2.261454784771087505e-03 7.451667744714014936e-06 -3.001175401015701639e-06
2.243995544329368836e-03 7.381974140417919712e-06 -2.840934622070541963e-06
2.226671095473515757e-03 7.310915213968792009e-06 -2.684241114180771572e-06
2.209480397564235216e-03 7.238566264072660232e-06 -2.531060733798068057e-06
2.192422417996344429e-03 7.165000901265929166e-06 -2.381358717399361465e-06
2.175496132136737169e-03 7.090291064619155984e-06 -2.235099716860188876e-06
2.158700523262846623e-03 7.014507038721851475e-06 -2.092247834025011337e-06
2.142034582501565771e-03 6.937717470931509802e-06 -1.952766654482336262e-06
2.125497308768650468e-03 6.859989388870875664e-06 -1.816619280553186159e-06
2.109087708708583947e-03 6.781388218157373876e-06 -1.683768363501203569e-06
2.092804796634910140e-03 6.701977800349385311e-06 -1.554176134972945787e-06
2.076647594471027567e-03 6.621820411094164964e-06 -1.427804437676994486e-06
2.060615131691429479e-03 6.540976778462675623e-06 -1.304614755310523573e-06
2.044706445263420620e-03 6.459506101457046856e-06 -1.184568241742347031e-06
2.028920579589261163e-03 6.377466068676454569e-06 -1.067625749461057685e-06
2.013256586448763409e-03 6.294912877127914348e-06 -9.537478572973796448e-07
1.997713524942344721e-03 6.211901251168629188e-06 -8.428948974298706254e-07
1.982290461434502854e-03 6.128484461566837121e-06 -7.350269816828411081e-07
1.966986469497731052e-03 6.044714344668584555e-06 -6.301040271257811178e-07
1.951800629856880690e-03 5.960641321658179769e-06 -5.280857809836011851e-07
1.936732030333933102e-03 5.876314417900202116e-06 -4.289318448667117814e-07
1.921779765793211591e-03 5.791781282351563398e-06 -3.326016983304251364e-07
1.906942938087010427e-03 5.707088207032238981e-06 -2.390547217729256502e-07
1.892220656001645379e-03 5.622280146543671614e-06 -1.482502186811829076e-07
1.877612035203923184e-03 5.537400737624170261e-06 -6.014743723419281716e-08
1.863116198188014125e-03 5.452492318730862564e-06 2.529440872711367118e-08
1.848732274222752211e-03 5.367595949638278809e-06 1.081161193537366372e-07
1.834459399299326549e-03 5.282751431043568995e-06 1.883584890570307799e-07
1.820296716079383616e-03 5.197997324169060225e-06 2.660622873821144289e-07
1.806243373843528311e-03 5.113370970352852299e-06 3.412682404769049134e-07
1.792298528440224199e-03 5.028908510618600859e-06 4.140170131473577544e-07
1.778461342235088637e-03 4.944644905215861056e-06 4.843491914894966307e-07
1.764730984060572556e-03 4.860613953122569690e-06 5.523052660888854473e-07
1.751106629166038165e-03 4.776848311501719813e-06 6.179256157780967508e-07
1.737587459168221096e-03 4.693379515104355463e-06 6.812504919428725249e-07
1.724172662002067041e-03 4.610237995611285256e-06 7.423200033676889591e-07
1.710861431871954583e-03 4.527453100906347251e-06 8.011741016113582261e-07
1.697652969203294459e-03 4.445053114274118472e-06 8.578525669034442425e-07
1.684546480594494846e-03 4.363065273515294523e-06 9.123949945522962824e-07
1.671541178769312850e-03 4.281515789973298452e-06 9.648407818554131505e-07
1.658636282529558567e-03 4.200429867465686512e-06 1.015229115503135332e-06
1.645831016708171248e-03 4.119831721114381750e-06 1.063598959466458083e-06
1.633124612122658238e-03 4.039744596068939202e-06 1.109989043359965840e-06
1.620516305528890179e-03 3.960190786117159943e-06 1.154437851270880812e-06
1.608005339575257261e-03 3.881191652177796449e-06 1.196983611045277178e-06
1.595590962757171541e-03 3.802767640670054485e-06 1.237664284022602924e-06
1.583272429371932691e-03 3.724938301755170139e-06 1.276517555209615266e-06
1.571048999473931805e-03 3.647722307445106874e-06 1.313580823885053512e-06
1.558919938830204089e-03 3.571137469574007406e-06 1.348891194626277679e-06
1.546884518876326560e-03 3.495200757628058946e-06 1.382485468749272757e-06
1.534942016672657039e-03 3.419928316429637006e-06 1.414400136153424378e-06
1.523091714860897979e-03 3.345335483671754345e-06 1.444671367562625662e-06
1.511332901621022630e-03 3.271436807299304950e-06 1.473335007154173314e-06
1.499664870628507167e-03 3.198246062733241003e-06 1.500426565567247142e-06
1.488086921011905640e-03 3.125776269934569137e-06 1.525981213282587360e-06
1.476598357310751055e-03 3.054039710304889671e-06 1.550033774365217415e-06
1.465198489433779767e-03 2.983047943420475648e-06 1.572618720562073830e-06
1.453886632617481123e-03 2.912811823597081667e-06 1.593770165746511074e-06
1.442662107384959803e-03 2.843341516282743610e-06 1.613521860701727392e-06
1.431524239505129695e-03 2.774646514276198426e-06 1.631907188235204132e-06
1.420472359952208111e-03 2.706735653768414218e-06 1.648959158616407984e-06
1.409505804865531344e-03 2.639617130205143955e-06 1.664710405330017452e-06
1.398623915509677497e-03 2.573298513968432674e-06 1.679193181137059554e-06
1.387826038234897877e-03 2.507786765875176149e-06 1.692439354436417757e-06
1.377111524437855212e-03 2.443088252491007324e-06 1.704480405919276930e-06
1.366479730522658295e-03 2.379208761257841845e-06 1.715347425509131276e-06
1.355930017862210608e-03 2.316153515433729563e-06 1.725071109580087259e-06
1.345461752759843661e-03 2.253927188843527585e-06 1.733681758446290352e-06
1.335074306411255639e-03 2.192533920439313200e-06 1.741209274115389736e-06
1.324767054866735202e-03 2.131977328669351275e-06 1.747683158299027734e-06
1.314539378993691450e-03 2.072260525654799562e-06 1.753132510673465496e-06
1.304390664439453000e-03 2.013386131173114740e-06 1.757586027383521211e-06
1.294320301594375621e-03 1.955356286447678917e-06 1.761071999783116825e-06
1.284327685555217884e-03 1.898172667742819039e-06 1.763618313405781914e-06
1.274412216088807812e-03 1.841836499763873833e-06 1.765252447158610351e-06
1.264573297595989040e-03 1.786348568861852793e-06 1.766001472733208823e-06
1.254810339075843441e-03 1.731709236042426948e-06 1.765892054227298623e-06
1.245122754090192399e-03 1.677918449779064447e-06 1.764950447970726193e-06
1.235509960728367173e-03 1.624975758630200825e-06 1.763202502549714942e-06
1.225971381572260729e-03 1.572880323660534603e-06 1.760673659023301017e-06
1.216506443661639339e-03 1.521630930666440374e-06 1.757388951325981843e-06
1.207114578459727618e-03 1.471226002205784195e-06 1.753373006850707517e-06
1.197795221819057242e-03 1.421663609432370405e-06 1.748650047206424090e-06
1.188547813947580644e-03 1.372941483735410777e-06 1.743243889144493614e-06
1.179371799375046213e-03 1.325057028184452013e-06 1.737177945648389750e-06
1.170266626919628291e-03 1.278007328780249259e-06 1.730475227181168931e-06
1.161231749654826045e-03 1.231789165512293133e-06 1.723158343085321262e-06
1.152266624876603467e-03 1.186399023223494658e-06 1.715249503129668046e-06
1.143370714070796957e-03 1.141833102282953081e-06 1.706770519198110848e-06
1.134543482880763596e-03 1.098087329067464910e-06 1.697742807115074110e-06
1.125784401075286597e-03 1.055157366252756121e-06 1.688187388602629616e-06
1.117092942516720137e-03 1.013038622915298510e-06 1.678124893364341120e-06
1.108468585129393329e-03 9.717262644458090377e-07 1.667575561290988109e-06
1.099910810868244678e-03 9.312152222753772161e-07 1.656559244783391248e-06
1.091419105687706139e-03 8.915002034154224956e-07 1.645095411187671700e-06
1.082992959510825680e-03 8.525756998126123248e-07 1.633203145338365906e-06
1.074631866198627519e-03 8.144359975199800965e-07 1.620901152204890241e-06
1.066335323519711524e-03 7.770751856855010356e-07 1.608207759636955643e-06
1.058102833120080086e-03 7.404871653594407290e-07 1.595140921204602166e-06
1.049933900493210453e-03 7.046656581218873481e-07 1.581718219128646679e-06
1.041828034950345854e-03 6.696042145317947604e-07 1.567956867297358311e-06
1.033784749591022548e-03 6.352962223990613994e-07 1.553873714365343313e-06
1.025803561273822386e-03 6.017349148810881322e-07 1.539485246930625454e-06
1.017883990587352188e-03 5.689133784053655121e-07 1.524807592786066275e-06
1.010025561821448203e-03 5.368245604196462045e-07 1.509856524241298920e-06
1.002227802938593718e-03 5.054612769712609145e-07 1.494647461511429766e-06
9.944902455455762770e-04 4.748162201173174104e-07 1.479195476168937821e-06
9.868124248653448345e-04 4.448819651672879268e-07 1.463515294655117351e-06
9.791938797090932785e-04 4.156509777597902908e-07 1.447621301847653395e-06
9.716341524485588507e-04 3.871156207752277756e-07 1.431527544680894362e-06
9.641327889885328503e-04 3.592681610860381787e-07 1.415247735815519999e-06
9.566893387395819992e-04 3.321007761462997144e-07 1.398795257354339192e-06
9.493033545909871892e-04 3.056055604225215101e-07 1.382183164601077657e-06
9.419743928838834575e-04 2.797745316673680956e-07 1.365424189859039701e-06
9.347020133846106228e-04 2.545996370381804570e-07 1.348530746266641127e-06
9.274857792582705696e-04 2.300727590621338876e-07 1.331514931666879346e-06
9.203252570424864118e-04 2.061857214498737413e-07 1.314388532507858060e-06
9.132200166213670037e-04 1.829302947595284801e-07 1.297163027771589706e-06
9.061696311996675834e-04 1.602982019129534833e-07 1.279849592928333623e-06
8.991736772771574985e-04 1.382811235661554343e-07 1.262459103913850048e-06
8.922317346231790772e-04 1.168707033357554522e-07 1.245002141126953697e-06
8.853433862514054498e-04 9.605855288344496423e-08 1.227488993444876621e-06
8.785082183947942863e-04 7.583625686035620026e-08 1.209929662253996461e-06
8.717258204807314852e-04 5.619537771327519424e-08 1.192333865493543786e-06
8.649957851063704538e-04 3.712746035465628821e-08 1.174711041709986066e-06
8.583177080141619897e-04 1.862403669837961803e-08 1.157070354119854035e-06
8.516911880675689115e-04 6.766300631903972908e-10 1.139420694678800714e-06
8.451158272269718337e-04 -1.672324055420352012e-08 1.121770688154810915e-06
8.385912305257599069e-04 -3.358405633443251920e-08 1.104128696203484481e-06
8.321170060466054385e-04 -4.991429461719979553e-08 1.086502821443415459e-06
8.256927648979240199e-04 -6.572242500749006516e-08 1.068900911529727912e-06
8.193181211905109463e-04 -8.101690560431158280e-08 1.051330563223895169e-06
8.129926920143666115e-04 -9.580617934998231935e-08 1.033799126458046789e-06
8.067160974156929905e-04 -1.100986704980440235e-07 1.016313708391985967e-06
8.004879603740714007e-04 -1.239027811978311829e-07 9.988811774612340993e-07
7.943079067798154702e-04 -1.372268881937595866e-07 9.815081674144603418e-07
7.881755654114998549e-04 -1.500793396373878614e-07 9.642010813387043570e-07
7.820905679136622114e-04 -1.624684520103236057e-07 9.469660956708698254e-07
7.760525487746737635e-04 -1.744025071560499801e-07 9.298091641939860801e-07
7.700611453047887618e-04 -1.858897494187326913e-07 9.127360220168587896e-07
7.641159976143560312e-04 -1.969383828871213448e-07 8.957521895356795809e-07
7.582167485921992214e-04 -2.075565687416303956e-07 8.788629763762980052e-07
7.523630438841702028e-04 -2.177524227026925497e-07 8.620734853158986401e-07
7.465545318718617334e-04 -2.275340125785219628e-07 8.453886161828133050e-07
7.407908636514843811e-04 -2.369093559104030138e-07 8.288130697333192873e-07
7.350716930129130161e-04 -2.458864177136342706e-07 8.123513515043012571e-07
7.293966764188878011e-04 -2.544731083122919153e-07 7.960077756406569904e-07
7.237654729843797643e-04 -2.626772812659624200e-07 7.797864686964345877e-07
7.181777444561140153e-04 -2.705067313866195647e-07 7.636913734086942794e-07
7.126331551922523381e-04 -2.779691928438379133e-07 7.477262524431447638e-07
7.071313721422322349e-04 -2.850723373565326894e-07 7.318946921106408709e-07
7.016720648267586258e-04 -2.918237724694554642e-07 7.162001060536672481e-07
6.962549053179570941e-04 -2.982310399126524851e-07 7.006457389020067771e-07
6.908795682196729572e-04 -3.043016140421532532e-07 6.852346698967639439e-07
6.855457306479264623e-04 -3.100429003601287897e-07 6.699698164820279520e-07
6.802530722115176023e-04 -3.154622341128044577e-07 6.548539378634491391e-07
6.750012749927814188e-04 -3.205668789644123597e-07 6.398896385330557322e-07
6.697900235284912985e-04 -3.253640257454910998e-07 6.250793717596814876e-07
6.646190047909088542e-04 -3.298607912738572143e-07 6.104254430443854601e-07
6.594879081689815825e-04 -3.340642172465840089e-07 5.959300135403207396e-07
6.543964254496868879e-04 -3.379812692013469947e-07 5.815951034365058205e-07
6.493442507995164040e-04 -3.416188355455110493e-07 5.674225953049921838e-07
6.443310807461059223e-04 -3.449837266513482982e-07 5.534142374109790569e-07
6.393566141600070260e-04 -3.480826740157968364e-07 5.395716469854291795e-07
6.344205522365967435e-04 -3.509223294831903150e-07 5.258963134597788906e-07
6.295225984781324842e-04 -3.535092645293972041e-07 5.123896016623893265e-07
6.246624586759396813e-04 -3.558499696058430090e-07 4.990527549763640221e-07
6.198398408927403803e-04 -3.579508535418908861e-07 4.858868984584411135e-07
6.150544554451165945e-04 -3.598182430040834212e-07 4.728930419186635735e-07
6.103060148861099441e-04 -3.614583820107696690e-07 4.600720829605705123e-07
6.055942339879563869e-04 -3.628774315006489639e-07 4.474248099816751273e-07
6.009188297249504034e-04 -3.640814689537993788e-07 4.349519051340142066e-07
5.962795212564478507e-04 -3.650764880637569669e-07 4.226539472446104232e-07
5.916760299099945841e-04 -3.658683984592540564e-07 4.105314146956590059e-07
5.871080791645872429e-04 -3.664630254742219060e-07 3.985846882643256559e-07
5.825753946340639236e-04 -3.668661099647023103e-07 3.868140539220403012e-07
5.780777040506227893e-04 -3.670833081713148598e-07 3.752197055931985435e-07
5.736147372484640605e-04 -3.671201916259604971e-07 3.638017478731919712e-07
5.691862261475676404e-04 -3.669822471014523848e-07 3.525601987057599272e-07
5.647919047375860990e-04 -3.666748766027870195e-07 3.414949920195863919e-07
5.604315090618671108e-04 -3.662033973987899650e-07 3.306059803241785104e-07
5.561047772015984079e-04 -3.655730420928892667e-07 3.198929372650240105e-07
5.518114492600743794e-04 -3.647889587317855963e-07 3.093555601380649406e-07
5.475512673470856210e-04 -3.638562109508150701e-07 2.989934723635424126e-07
5.433239755634260105e-04 -3.627797781548121178e-07 2.888062259192727025e-07
5.391293199855244677e-04 -3.615645557333073614e-07 2.787933037334618046e-07
5.349670486501901211e-04 -3.602153553089043567e-07 2.689541220371349898e-07
5.308369115394781469e-04 -3.587369050177121911e-07 2.592880326763220287e-07
5.267386605656718341e-04 -3.571338498207174948e-07 2.497943253841238111e-07
5.226720495563804423e-04 -3.554107518450048877e-07 2.404722300128095450e-07
5.186368342397526358e-04 -3.535720907537567991e-07 2.313209187261136249e-07
5.146327722298016990e-04 -3.516222641439722829e-07 2.223395081518991924e-07
5.106596230118492542e-04 -3.495655879708801282e-07 2.135270614953990907e-07
5.067171479280753411e-04 -3.474062969980199806e-07 2.048825906132134634e-07
5.028051101631847214e-04 -3.451485452720029321e-07 1.964050580483002698e-07
4.989232747301794359e-04 -3.427964066209696589e-07 1.880933790261726437e-07
4.950714084562470464e-04 -3.403538751757894870e-07 1.799464234125592699e-07
4.912492799687510079e-04 -3.378248659130547806e-07 1.719630176327545209e-07
4.874566596813355345e-04 -3.352132152189569691e-07 1.641419465529461828e-07
4.836933197801334631e-04 -3.325226814731294698e-07 1.564819553237683188e-07
4.799590342100820499e-04 -3.297569456515799276e-07 1.489817511863740361e-07
4.762535786613446395e-04 -3.269196119478410749e-07 1.416400052413129448e-07
4.725767305558367421e-04 -3.240142084114884658e-07 1.344553541805121532e-07
4.689282690338568991e-04 -3.210441876031956829e-07 1.274264019826686948e-07
4.653079749408181630e-04 -3.180129272655093629e-07 1.205517215723627678e-07
4.617156308140868046e-04 -3.149237310085515901e-07 1.138298564432274478e-07
4.581510208699181102e-04 -3.117798290098625522e-07 1.072593222454866499e-07
4.546139309904950699e-04 -3.085843787276271101e-07 1.008386083382107016e-07
4.511041487110667588e-04 -3.053404656265355001e-07 9.456617930662701419e-08
4.476214632071863551e-04 -3.020511039155507252e-07 8.844047644483595809e-08
4.441656652820475510e-04 -2.987192372968695391e-07 8.245991920428610510e-08
4.407365473539170226e-04 -2.953477397253800222e-07 7.662290660836569175e-08
4.373339034436683282e-04 -2.919394161779398688e-07 7.092781863348552519e-08
4.339575291624062276e-04 -2.884970034318039533e-07 6.537301755700541968e-08
4.306072216991917796e-04 -2.850231708515643669e-07 5.995684927239848388e-08
4.272827798088589990e-04 -2.815205211839597599e-07 5.467764457201410175e-08
4.239840037999267615e-04 -2.779915913599448153e-07 4.953372039783236552e-08
4.207106955226026486e-04 -2.744388533034157078e-07 4.452338106058851825e-08
4.174626583568826908e-04 -2.708647147460091064e-07 3.964491942766481017e-08
4.142396972007393098e-04 -2.672715200473981557e-07 3.489661808012976223e-08
4.110416184584024480e-04 -2.636615510205344423e-07 3.027675043932816350e-08
4.078682300287307422e-04 -2.600370277612922553e-07 2.578358186341421695e-08
4.047193412936722504e-04 -2.564001094819888699e-07 2.141537071422758353e-08
4.015947631068151691e-04 -2.527528953482686108e-07 1.717036939491301412e-08
3.984943077820244728e-04 -2.490974253188488276e-07 1.304682535868293214e-08
3.954177890821704939e-04 -2.454356809876506393e-07 9.042982089133805969e-09
3.923650222079403901e-04 -2.417695864278330138e-07 5.157080052511007827e-09
3.893358237867382450e-04 -2.381010090372811513e-07 1.387357622335373854e-09
3.863300118616701706e-04 -2.344317603851005325e-07 -2.267948023205464750e-09
3.833474058806146277e-04 -2.307635970586868447e-07 -5.810600030693598495e-09
3.803878266853778561e-04 -2.270982215109532966e-07 -9.242361027337439361e-09
3.774510965009293738e-04 -2.234372829073056229e-07 -1.256499230284593761e-08
3.745370389247275724e-04 -2.197823779719839058e-07 -1.578025301690172944e-08
3.716454789161209907e-04 -2.161350518333731604e-07 -1.888989943184222845e-08
3.687762427858345894e-04 -2.124967988679265588e-07 -2.189568417013062214e-08
3.659291581855368528e-04 -2.088690635423409084e-07 -2.479935549621603755e-08
3.631040540974872304e-04 -2.052532412536375499e-07 -2.760265662237699461e-08
3.603007608242624537e-04 -2.016506791668153673e-07 -3.030732503814651495e-08
