1.000000000000000000e+00 -1.545084971874739033e+00 0.000000000000000000e+00
9.922796420431261311e-01 -1.406566921970917372e+00 -2.180441752262379101e-02
9.846188880132343835e-01 -1.269806733962546286e+00 -3.937822064359360053e-02
9.770172777466731295e-01 -1.134978809124264520e+00 -5.281673053421324232e-02
9.694743546324182670e-01 -1.002247791159421419e+00 -6.222163588029042125e-02
9.619896655846466027e-01 -8.717686085014544339e-01 -6.770041344569693864e-02
9.545627610155197340e-01 -7.436865397742188355e-01 -6.936576535226468554e-02
9.471931948081779851e-01 -6.181373008475388175e-01 -6.733507372411698388e-02
9.398805242899438417e-01 -4.952471519574102032e-01 -6.172987324124239172e-02
9.326243102057312218e-01 -3.751330233966562178e-01 -5.267534204973910866e-02
9.254241166916603589e-01 -2.579026583210285994e-01 -4.029981138460394380e-02
9.182795112488768563e-01 -1.436547712572939228e-01 -2.473429417507506251e-02
9.111900647175722456e-01 -3.247922094333433735e-02 -6.112032822232822508e-03
9.041553512512054969e-01 7.554280382434568064e-02 1.543193373627702904e-02
8.971749482909231466e-01 1.803385866138939864e-01 3.976118362917408638e-02
8.902484365401772681e-01 2.818436752824680647e-01 6.673830634134780837e-02
8.833753999395398404e-01 3.800016645836896689e-01 9.622527776934669541e-02
8.765554256417098511e-01 4.747639705910352004e-01 1.280838161761182759e-01
8.697881039867159103e-01 5.660895980207568678e-01 1.621757192287995586e-01
8.630730284773077132e-01 6.539449014884081146e-01 1.983631823491349977e-01
8.564097957545396822e-01 7.383033416837732066e-01 2.365090986477313417e-01
8.497980055735413485e-01 8.191452373997958336e-01 2.764773407508822611e-01
8.432372607794760277e-01 8.964575143025703685e-01 3.181330248624578694e-01
8.367271672836846808e-01 9.702334512812885725e-01 3.613427574334124315e-01
8.302673340400135160e-01 1.040472425169761683e+00 4.059748648380959724e-01
8.238573730213252233e-01 1.107179654584424133e+00 4.518996064798144197e-01
8.174968991961907294e-01 1.170365943578344003e+00 4.989893717683950292e-01
8.111855305057616983e-01 1.230047425765961489e+00 5.471188614297071151e-01
8.049228878408205556e-01 1.286245309529906011e+00 5.961652536216839326e-01
7.987085950190087047e-01 1.338985624878863412e+00 6.460083553433012549e-01
7.925422787622300458e-01 1.388298972484366400e+00 6.965307396325013389e-01
7.864235686742291342e-01 1.434220275384589183e+00 7.476178690563195506e-01
7.803520972183418669e-01 1.476788533804641812e+00 7.991582060015838263e-01
7.743274996954189193e-01 1.516046583505763712e+00 8.510433102777997805e-01
7.683494142219191581e-01 1.552040858039954951e+00 9.031679245451598170e-01
7.624174817081715849e-01 1.584821155252171376e+00 9.554300480803409323e-01
7.565313458368060351e-01 1.614440408339223643e+00 1.007730999390917148e+00
7.506906530413504086e-01 1.640954461742788695e+00 1.059975468185907266e+00
7.448950524849916599e-01 1.664421852123832535e+00 1.112071557205500882e+00
7.391441960395032096e-01 1.684903594636739665e+00 1.163930814407181380e+00
7.334377382643324506e-01 1.702462974694113562e+00 1.215468255998767511e+00
7.277753363858517899e-01 1.717165345386959086e+00 1.266602380801033378e+00
7.221566502767686746e-01 1.729077930700291255e+00 1.317255176414042772e+00
7.165813424356949346e-01 1.738269634640665195e+00 1.367352117651875698e+00
7.110490779668741101e-01 1.744810856370025975e+00 1.416822157700414531e+00
7.055595245600647658e-01 1.748773311419326681e+00 1.465597712442173961e+00
7.001123524705792356e-01 1.750229859035734803e+00 1.513614638381010291e+00
6.947072344994773552e-01 1.749254335698724683e+00 1.560812204587912033e+00
6.893438459739114066e-01 1.745921394823183093e+00 1.607133059077182402e+00
6.840218647276246067e-01 1.740306352651342259e+00 1.652523190009929754e+00
6.787409710815990316e-01 1.732485040320435488e+00 1.696931882109389500e+00
6.735008478248527553e-01 1.722533662078924888e+00 1.740311668659828559e+00
6.683011801953868680e-01 1.710528659611161295e+00 1.782618279447969911e+00
6.631416558612771572e-01 1.696546582418436477e+00 1.823810584992998640e+00
6.580219649019140027e-01 1.680663964193288784e+00 1.863850537398205720e+00
6.529417997893857128e-01 1.662957205113867687e+00 1.902703108144433664e+00
6.479008553700061901e-01 1.643502459975909380e+00 1.940336223132554494e+00
6.428988288459849265e-01 1.622375532071474336e+00 1.976720695269414518e+00
6.379354197572388863e-01 1.599651772716019105e+00 2.011830154878940569e+00
6.330103299633443870e-01 1.575405986318526352e+00 2.045640978207539096e+00
6.281232636256284252e-01 1.549712340883336870e+00 2.078132214280544066e+00
6.232739271893987798e-01 1.522644283826868783e+00 2.109285510354159232e+00
6.184620293663100066e-01 1.494274462987702723e+00 2.139085036195443212e+00
6.136872811168674335e-01 1.464674652704352820e+00 2.167517407411001962e+00
6.089493956330644941e-01 1.433915684831466919e+00 2.194571608033577537e+00
6.042480883211551745e-01 1.402067384562256880e+00 2.220238912564405975e+00
5.995830767845590215e-01 1.369198510922439826e+00 2.244512807658225917e+00
5.949540808068984887e-01 1.335376701799029231e+00 2.267388913627071290e+00
5.903608223351662909e-01 1.300668423365746840e+00 2.288864905928575944e+00
5.858030254630243183e-01 1.265138923765798395e+00 2.308940436794322260e+00
5.812804164142301167e-01 1.228852190912016251e+00 2.327617057144006019e+00
5.767927235261914864e-01 1.191870914264100634e+00 2.344898138921578390e+00
5.723396772336490912e-01 1.154256450442719739e+00 2.360788797980364340e+00
5.679210100524836324e-01 1.116068792540595878e+00 2.375295817635242557e+00
5.635364565636491463e-01 1.077366542991378795e+00 2.388427572991353998e+00
5.591857533972293126e-01 1.038206889858066750e+00 2.400193956150555419e+00
5.548686392166185533e-01 9.986455864038996655e-01 2.410606302388874855e+00
5.505848547028227014e-01 9.587369338101332517e-01 2.419677317390540150e+00
5.463341425388834605e-01 9.185337669067182853e-01 2.427421005616836602e+00
5.421162473944215465e-01 8.780874427837797036e-01 2.433852599881012768e+00
5.379309159102994009e-01 8.374478321537882630e-01 2.438988492193673530e+00
5.337778966834028083e-01 7.966633133365194075e-01 2.442846165936718439e+00
5.296569402515396430e-01 7.557807687412139153e-01 2.445444129417692292e+00
5.255677990784551890e-01 7.148455837227768450e-01 2.446801850850541804e+00
5.215102275389631448e-01 6.739016476914641007e-01 2.446939694803250465e+00
5.174839819041915367e-01 6.329913573581045227e-01 2.445878860147435496e+00
5.134888203269427631e-01 5.921556219997141657e-01 2.443641319540017065e+00
5.095245028271657706e-01 5.514338706330981221e-01 2.440249760462247064e+00
5.055907912775418067e-01 5.108640609869841143e-01 2.435727527836904827e+00
5.016874493891801956e-01 4.704826901661077199e-01 2.430098568240135481e+00
4.978142426974245804e-01 4.303248069036347823e-01 2.423387375720420955e+00
4.939709385477703552e-01 3.904240253013439577e-01 2.415618939233362017e+00
4.901573060818885663e-01 3.508125399599257843e-01 2.406818691697337531e+00
4.863731162237593941e-01 3.115211424048514588e-01 2.397012460671810619e+00
4.826181416659117707e-01 2.725792387162482844e-01 2.386226420656849534e+00
4.788921568557695796e-01 2.340148682742595465e-01 2.374487047009522289e+00
4.751949379821036601e-01 1.958547235343791326e-01 2.361821071470084465e+00
4.715262629615872836e-01 1.581241707502301919e-01 2.348255439288277291e+00
4.678859114254568241e-01 1.208472715642727596e-01 2.333817267937745132e+00
4.642736647062740696e-01 8.404680538981845750e-02 2.318533807404331348e+00
4.606893058247920059e-01 4.774429251071672653e-02 2.302432402032009051e+00
4.571326194769207985e-01 1.196001782787543301e-02 2.285540453908304848e+00
4.536033920207954706e-01 -2.328694481529868660e-02 2.267885387769416283e+00
4.501014114639427799e-01 -5.797870779371712413e-02 2.249494617403560603e+00
4.466264674505469601e-01 -9.209854441008996639e-02 2.230395513529761953e+00
4.431783512488146060e-01 -1.256308632127502156e-01 2.210615373127937211e+00
4.397568557384365362e-01 -1.585611819789088661e-01 2.190181390194968714e+00
4.363617753981465230e-01 -1.908761014177719484e-01 2.169120627900449350e+00
4.329929062933757788e-01 -2.225632786454573575e-01 2.147459992114803651e+00
4.296500460640037544e-01 -2.536114004811421685e-01 2.125226206281734420e+00
4.263329939122022516e-01 -2.840101566114588416e-01 2.102445787606157079e+00
4.230415505903742379e-01 -3.137502126677934600e-01 2.079145024528233687e+00
4.197755183891856423e-01 -3.428231832588409800e-01 2.055349955453558142e+00
4.165347011256887999e-01 -3.712216049985339050e-01 2.031086348709119527e+00
4.133189041315389889e-01 -3.989389095672693508e-01 2.006379683694325067e+00
4.101279342413006179e-01 -4.259693968422749166e-01 1.981255133196093032e+00
4.069615997808445629e-01 -4.523082081308671398e-01 1.955737546836812557e+00
4.038197105558343769e-01 -4.779512995383959906e-01 1.929851435623857636e+00
4.007020778403021510e-01 -5.028954155007243632e-01 1.903620957569263528e+00
3.976085143653118048e-01 -5.271380625092406680e-01 1.877069904348183549e+00
3.945388343077107507e-01 -5.506774830545881905e-01 1.850221688964781341e+00
3.914928532789674342e-01 -5.735126298135673206e-01 1.823099334394330917e+00
3.884703883140959157e-01 -5.956431401019823824e-01 1.795725463170452008e+00
3.854712578606652729e-01 -6.170693106145745954e-01 1.768122287886603194e+00
3.824952817678944905e-01 -6.377920724716518164e-01 1.740311602581200212e+00
3.795422812758310060e-01 -6.578129665904902668e-01 1.712314774976011034e+00
3.766120790046130207e-01 -6.771341193981664786e-01 1.684152739537795318e+00
3.737044989438149667e-01 -6.957582189010810270e-01 1.655845991333506184e+00
3.708193664418744651e-01 -7.136884911251057950e-01 1.627414580649751752e+00
3.679565081956019945e-01 -7.309286769390045402e-01 1.598878108347631333e+00
3.651157522397705524e-01 -7.474830092725739394e-01 1.570255721924476378e+00
3.622969279367861950e-01 -7.633561907397570234e-01 1.541566112254495469e+00
3.594998659664384588e-01 -7.785533716758811229e-01 1.512827510980810031e+00
3.567243983157293852e-01 -7.930801285970908721e-01 1.484057688531813968e+00
3.539703582687814820e-01 -8.069424430890432820e-01 1.455273952735368193e+00
3.512375803968235677e-01 -8.201466811309380267e-01 1.426493148004805311e+00
3.485259005482538308e-01 -8.326995728600495861e-01 1.397731655071282386e+00
3.458351558387794400e-01 -8.446081927810336065e-01 1.369005391237566149e+00
3.431651846416327589e-01 -8.558799404234498365e-01 1.340329811128882609e+00
3.405158265778626681e-01 -8.665225214501564022e-01 1.311719907917024086e+00
3.378869225067007709e-01 -8.765439292184471487e-01 1.283190214994475387e+00
3.352783145160025402e-01 -8.859524267951356391e-01 1.254754808075897454e+00
3.326898459127615726e-01 -8.947565294260737545e-01 1.226427307704875291e+00
3.301213612136978948e-01 -9.029649874599802173e-01 1.198220882144412247e+00
3.275727061359176018e-01 -9.105867697258465121e-01 1.170148250630223652e+00
3.250437275876464915e-01 -9.176310473626176911e-01 1.142221686966495398e+00
3.225342736590332549e-01 -9.241071780993198592e-01 1.114453023444276214e+00
3.200441936130251075e-01 -9.300246909833105313e-01 1.086853655063329649e+00
3.175733378763135883e-01 -9.353932715538419984e-01 1.059434544038778458e+00
3.151215580303490804e-01 -9.402227474577210531e-01 1.032206224574453657e+00
3.126887068024269967e-01 -9.445230745034018938e-01 1.005178807885462877e+00
3.102746380568403017e-01 -9.483043231495108527e-01 9.783619874529673188e-01
3.078792067861019777e-01 -9.515766654234112387e-01 9.517650444947951538e-01
3.055022691022348802e-01 -9.543503622651174911e-01 9.253968536359965524e-01
3.031436822281283749e-01 -9.566357512915459882e-01 8.992658887640124776e-01
3.008033044889624197e-01 -9.584432349758211789e-01 8.733802290536542001e-01
2.984809953036970387e-01 -9.597832692361093487e-01 8.477475651476011898e-01
2.961766151766285216e-01 -9.606663524281883193e-01 8.223752054786580556e-01
2.938900256890096818e-01 -9.611030147357870757e-01 7.972700827204844964e-01
2.916210894907355633e-01 -9.611038079525130451e-01 7.724387603540437963e-01
2.893696702920935948e-01 -9.606792956490092239e-01 7.478874393374757013e-01
2.871356328555760284e-01 -9.598400437188459033e-01 7.236219648675714655e-01
2.849188429877574369e-01 -9.585966112964996455e-01 6.996478332215408935e-01
2.827191675312336061e-01 -9.569595420406546982e-01 6.759701986681484476e-01
2.805364743566231001e-01 -9.549393557759563445e-01 6.525938804378088598e-01
2.783706323546306094e-01 -9.525465404862576424e-01 6.295233697416313667e-01
2.762215114281714179e-01 -9.497915446523212957e-01 6.067628368298424446e-01
2.740889824845572087e-01 -9.466847699268833294e-01 5.843161380804386962e-01
2.719729174277411010e-01 -9.432365641399144129e-01 5.621868231093092305e-01
2.698731891506236380e-01 -9.394572146269105639e-01 5.403781418934990866e-01
2.677896715274176720e-01 -9.353569418729870133e-01 5.188930518996329733e-01
2.657222394060722581e-01 -9.309458934655515661e-01 4.977342252099274944e-01
2.636707686007552787e-01 -9.262341383483206902e-01 4.769040556385671370e-01
2.616351358843934105e-01 -9.212316613694517820e-01 4.564046658315829563e-01
2.596152189812704902e-01 -9.159483581165739352e-01 4.362379143437232765e-01
2.576108965596828893e-01 -9.103940300315213063e-01 4.164054026861422342e-01
2.556220482246508996e-01 -9.045783797976070240e-01 3.969084823390403027e-01
2.536485545106872963e-01 -8.985110069923079035e-01 3.777482617237458706e-01
2.516902968746211888e-01 -8.922014039982832934e-01 3.589256131289930707e-01
2.497471576884772171e-01 -8.856589521656862418e-01 3.404411795864793477e-01
2.478190202324103419e-01 -8.788929182188036648e-01 3.222953816910671399e-01
2.459057686876943150e-01 -8.719124509001041634e-01 3.044884243612542285e-01
2.440072881297651319e-01 -8.647265778448575135e-01 2.870203035358464549e-01
2.421234645213172776e-01 -8.573442026795435877e-01 2.698908128029819387e-01
2.402541847054542046e-01 -8.497741023373702740e-01 2.530995499579539731e-01
2.383993363988912151e-01 -8.420249245842770236e-01 2.366459234864859151e-01
2.365588081852105784e-01 -8.341051857488973598e-01 2.205291589703632649e-01
2.347324895081692731e-01 -8.260232686500489363e-01 2.047483054125633084e-01
2.329202706650580768e-01 -8.177874207153905672e-01 1.893022414792209229e-01
2.311220428001118099e-01 -8.094057522850061082e-01 1.741896816559960204e-01
2.293376978979710379e-01 -8.008862350937503427e-01 1.594091823166053079e-01
2.275671287771933449e-01 -7.922367009262989423e-01 1.449591477014712526e-01
2.258102290838153448e-01 -7.834648404389553678e-01 1.308378358046380641e-01
2.240668932849645967e-01 -7.745782021423521790e-01 1.170433641672826153e-01
2.223370166625199540e-01 -7.655841915393023500e-01 1.035737155763059580e-01
2.206204953068218733e-01 -7.564900704121603203e-01 9.042674366668597419e-02
2.189172261104304351e-01 -7.473029562541502191e-01 7.760017842640014318e-02
2.172271067619319651e-01 -7.380298218392397080e-01 6.509163160290150352e-02
2.155500357397937827e-01 -7.286774949252387001e-01 5.289860201027176551e-02
2.138859123062655798e-01 -7.192526580849077922e-01 4.101848073630085662e-02
2.122346365013287051e-01 -7.097618486599817089e-01 2.944855624890263188e-02
2.105961091366914395e-01 -7.002114588331094236e-01 1.818601940137394915e-02
2.089702317898312622e-01 -6.906077358128375199e-01 7.227968336154724262e-03
2.073569067980828573e-01 -6.809567821268549537e-01 -3.428586713161695023e-03
2.057560372527714732e-01 -6.712645560188420513e-01 -1.378671872169552094e-02
2.041675269933922454e-01 -6.615368719443701639e-01 -2.384957927504361558e-02
2.025912806018335399e-01 -6.517794011613974314e-01 -3.362039407287376741e-02
2.010272033966458705e-01 -6.419976724110408872e-01 -4.310245853416798389e-02
1.994752014273544760e-01 -6.321970726843719746e-01 -5.229913350386295595e-02
1.979351814688158073e-01 -6.223828480711305344e-01 -6.121384106053947421e-02
1.964070510156177285e-01 -6.125601046863289323e-01 -6.985006042473235199e-02
1.948907182765231560e-01 -6.027338096708366733e-01 -7.821132396735523684e-02
1.933860921689560808e-01 -5.929087922621333329e-01 -8.630121331767280635e-02
1.918930823135307495e-01 -5.830897449315270986e-01 -9.412335557016583698e-02
1.904115990286224525e-01 -5.732812245842285881e-01 -1.016814195895899553e-01
1.889415533249807211e-01 -5.634876538187781891e-01 -1.089791124134546207e-01
1.874828569003840761e-01 -5.537133222424220902e-01 -1.160201757510966603e-01
1.860354221343357151e-01 -5.439623878391240952e-01 -1.228083825784765520e-01
1.845991620828005553e-01 -5.342388783870082314e-01 -1.293475338277609854e-01
1.831739904729823565e-01 -5.245466929221064278e-01 -1.356414551707261218e-01
1.817598216981418657e-01 -5.148896032454034488e-01 -1.416939938949577649e-01
1.803565708124546529e-01 -5.052712554702324388e-01 -1.475090158717951849e-01
1.789641535259081928e-01 -4.956951716071889558e-01 -1.530904026149244868e-01
1.775824861992392756e-01 -4.861647511838176339e-01 -1.584420484284908004e-01
1.762114858389095262e-01 -4.766832728963982801e-01 -1.635678576435735110e-01
1.748510700921205030e-01 -4.672538962912645144e-01 -1.684717419418309547e-01
1.735011572418668768e-01 -4.578796634731580051e-01 -1.731576177651043547e-01
1.721616662020278021e-01 -4.485635008382097277e-01 -1.776294038097408212e-01
1.708325165124963130e-01 -4.393082208292247159e-01 -1.818910186043742883e-01
1.695136283343462724e-01 -4.301165237110189943e-01 -1.859463781698859619e-01
1.682049224450365976e-01 -4.209909993636421488e-01 -1.897993937602480419e-01
1.669063202336527052e-01 -4.119341290913942077e-01 -1.934539696829376265e-01
1.656177436961842886e-01 -4.029482874456162822e-01 -1.969140011975979709e-01
1.643391154308399549e-01 -3.940357440593166838e-01 -2.001833724916090018e-01
1.630703586333978605e-01 -3.851986654917565200e-01 -2.032659547312223591e-01
1.618113970925921796e-01 -3.764391170811980381e-01 -2.061656041869082412e-01
1.605621551855355433e-01 -3.677590648040813814e-01 -2.088861604315525866e-01
1.593225578731760350e-01 -3.591603771389621502e-01 -2.114314446101430989e-01
1.580925306957903786e-01 -3.506448269336205348e-01 -2.138052577795737375e-01
1.568719997685107947e-01 -3.422140932737927632e-01 -2.160113793172009911e-01
1.556608917768872169e-01 -3.338697633520666397e-01 -2.180535653967821952e-01
1.544591339724834811e-01 -3.256133343355218090e-01 -2.199355475304257124e-01
1.532666541685071271e-01 -3.174462152307617191e-01 -2.216610311751883722e-01
1.520833807354738665e-01 -3.093697287450556943e-01 -2.232336944029567061e-01
1.509092425969044693e-01 -3.013851131423372909e-01 -2.246571866322514266e-01
1.497441692250556511e-01 -2.934935240928919775e-01 -2.259351274206039539e-01
1.485880906366835175e-01 -2.856960365155988835e-01 -2.270711053161562076e-01
1.474409373888398711e-01 -2.779936464116522510e-01 -2.280686767671440685e-01
1.463026405747009928e-01 -2.703872726887400768e-01 -2.289313650879322148e-01
1.451731318194284248e-01 -2.628777589747019472e-01 -2.296626594802788635e-01
1.440523432760620060e-01 -2.554658754197416393e-01 -2.302660141085144108e-01
1.429402076214443262e-01 -2.481523204863124721e-01 -2.307448472273333495e-01
1.418366580521768783e-01 -2.409377227258428511e-01 -2.311025403609068551e-01
1.407416282806073504e-01 -2.338226425415106113e-01 -2.313424375320349835e-01
1.396550525308478119e-01 -2.268075739363162036e-01 -2.314678445400716322e-01
1.385768655348235956e-01 -2.198929462457532291e-01 -2.314820282863666034e-01
1.375070025283531838e-01 -2.130791258544106892e-01 -2.313882161459830389e-01
1.364453992472575150e-01 -2.063664178958732331e-01 -2.311895953844617935e-01
1.353919919235000990e-01 -1.997550679353428948e-01 -2.308893126184198563e-01
1.343467172813565258e-01 -1.932452636344202668e-01 -2.304904733187829735e-01
1.333095125336135334e-01 -1.868371363975354082e-01 -2.299961413554676148e-01
1.322803153777976359e-01 -1.805307629995457352e-01 -2.294093385823456344e-01
1.312590639924328395e-01 -1.743261671940531665e-01 -2.287330444613359937e-01
1.302456970333270847e-01 -1.682233213020239149e-01 -2.279701957244873178e-01
1.292401536298872222e-01 -1.622221477803260925e-01 -2.271236860729302920e-01
1.282423733814631317e-01 -1.563225207698375474e-01 -2.261963659115950043e-01
1.272522963537191520e-01 -1.505242676227878384e-01 -2.251910421186049394e-01
1.262698630750342110e-01 -1.448271704090503265e-01 -2.241104778482757021e-01
1.252950145329295162e-01 -1.392309674011054099e-01 -2.229573923666657020e-01
1.243276921705235571e-01 -1.337353545374357078e-01 -2.217344609186385207e-01
1.233678378830151134e-01 -1.283399868641392216e-01 -2.204443146254198294e-01
1.224153940141926300e-01 -1.230444799545583612e-01 -2.190895404116430800e-01
1.214703033529713344e-01 -1.178484113067659322e-01 -2.176726809608991453e-01
1.205325091299563056e-01 -1.127513217187522399e-01 -2.161962346988224593e-01
1.196019550140328402e-01 -1.077527166411946236e-01 -2.146626558027606158e-01
1.186785851089826038e-01 -1.028520675077016500e-01 -2.130743542370950872e-01
1.177623439501259139e-01 -9.804881304244915385e-02 -2.114336958132962407e-01
1.168531765009904605e-01 -9.334236054514669090e-02 -2.097430022738137612e-01
1.159510281500050338e-01 -8.873208715328288754e-02 -2.080045513989209893e-01
1.150558447072194124e-01 -8.421734108162907961e-02 -2.062205771356486750e-01
1.141675724010492027e-01 -7.979744283898465573e-02 -2.043932697479613758e-01
1.132861578750458120e-01 -7.547168642217265411e-02 -2.025247759873458342e-01
1.124115481846915121e-01 -7.123934048730842794e-02 -2.006171992829998418e-01
1.115436907942192885e-01 -6.709964949837712855e-02 -1.986725999508247853e-01
1.106825335734570315e-01 -6.305183485317007730e-02 -1.966929954204433562e-01
1.098280247946962496e-01 -5.909509598664717395e-02 -1.946803604794801468e-01
1.089801131295848047e-01 -5.522861145180240489e-02 -1.926366275343599221e-01
1.081387476460437674e-01 -5.145153997812500907e-02 -1.905636868868947342e-01
1.073038778052082393e-01 -4.776302150775763727e-02 -1.884633870259481703e-01
1.064754534583913503e-01 -4.416217820946603811e-02 -1.863375349334785158e-01
1.056534248440721274e-01 -4.064811547054706514e-02 -1.841878964042833189e-01
1.048377425849062461e-01 -3.721992286680825962e-02 -1.820161963787795545e-01
1.040283576847601393e-01 -3.387667511076724453e-02 -1.798241192881717965e-01
1.032252215257680600e-01 -3.061743297822447016e-02 -1.776133094113768740e-01
1.024282858654115003e-01 -2.744124421337195210e-02 -1.753853712430853973e-01
1.016375028336215375e-01 -2.434714441261148082e-02 -1.731418698723609095e-01
1.008528249299032176e-01 -2.133415788726188492e-02 -1.708843313711886358e-01
1.000742050204824068e-01 -1.840129850534239983e-02 -1.686142431924018692e-01
9.930159633547468168e-02 -1.554757051262736257e-02 -1.663330545764311885e-01
9.853495246607579805e-02 -1.277196933317165106e-02 -1.640421769663303331e-01
9.777422736177415752e-02 -1.007348234951546510e-02 -1.617429844305545428e-01
9.701937532758450611e-02 -7.451089662780405361e-03 -1.594368140929747213e-01
9.627035102130324096e-02 -4.903764832876566018e-03 -1.571249665696285713e-01
9.552710945078489446e-02 -2.430475599042867477e-03 -1.548087064117235623e-01
9.478960597123935183e-02 -3.018458094803502369e-05 -1.524892625544161939e-01
9.405779628255032943e-02 2.298150039412368874e-03 -1.501678287709118653e-01
9.333163642661433668e-02 4.555573854790293496e-03 -1.478455641314369851e-01
9.261108278470005228e-02 6.743135588487926720e-03 -1.455235934666496700e-01
9.189609207482846154e-02 8.861886468646110876e-03 -1.432030078350723101e-01
9.118662134917292217e-02 1.091287962077268185e-02 -1.408848649941326914e-01
9.048262799147945012e-02 1.289716947825999410e-02 -1.385701898744236271e-01
8.978406971450655916e-02 1.481581121064196212e-02 -1.362599750567918822e-01
8.909090455748562565e-02 1.666986016933267797e-02 -1.339551812518920970e-01
8.840309088360016887e-02 1.846037135059512557e-02 -1.316567377818385620e-01
8.772058737748469892e-02 2.018839887547958095e-02 -1.293655430636106995e-01
8.704335304274325724e-02 2.185499548647188914e-02 -1.270824650938750244e-01
8.637134719948676154e-02 2.346121206059332415e-02 -1.248083419348960804e-01
8.570452948188926612e-02 2.500809713868883469e-02 -1.225439822012216323e-01
8.504285983576360952e-02 2.649669647064160569e-02 -1.202901655468391756e-01
8.438629851615531141e-02 2.792805257625126034e-02 -1.180476431525076947e-01
8.373480608495496857e-02 2.930320432151302043e-02 -1.158171382129810356e-01
8.308834340852966349e-02 3.062318651003170453e-02 -1.135993464238518880e-01
8.244687165537213647e-02 3.188902948931066073e-02 -1.113949364677491727e-01
8.181035229376824869e-02 3.310175877164893421e-02 -1.092045504996356498e-01
8.117874708948237539e-02 3.426239466938536121e-02 -1.070288046309616214e-01
8.055201810346102054e-02 3.537195194422606409e-02 -1.048682894124396553e-01
7.993012768955373715e-02 3.643143947039359509e-02 -1.027235703152118984e-01
7.931303849225172786e-02 3.744185991133639618e-02 -1.005951882101931288e-01
7.870071344444423689e-02 3.840420940973790498e-02 -9.848365984538266782e-02
7.809311576519178955e-02 3.931947729056648605e-02 -9.638947832094084400e-02
7.749020895751690396e-02 4.018864577690741541e-02 -9.431311356184102213e-02
7.689195680621190021e-02 4.101268971832015831e-02 -9.225501278791217730e-02
7.629832337566344602e-02 4.179257633146594986e-02 -9.021560098109446257e-02
7.570927300769401957e-02 4.252926495275092394e-02 -8.819528134974147227e-02
7.512477031941991457e-02 4.322370680273336652e-02 -8.619443578980649778e-02
7.454478020112603742e-02 4.387684476204319756e-02 -8.421342534276110570e-02
7.396926781415688601e-02 4.448961315856604648e-02 -8.225259065009750403e-02
7.339819858882373760e-02 4.506293756564483388e-02 -8.031225240427714018e-02
7.283153822232828201e-02 4.559773461105322973e-02 -7.839271179599255346e-02
7.226925267670218644e-02 4.609491179649873732e-02 -7.649425095761712423e-02
7.171130817676225899e-02 4.655536732741486633e-02 -7.461713340272160822e-02
7.115767120808194623e-02 4.697998995280327356e-02 -7.276160446154808503e-02
7.060830851497799932e-02 4.736965881489018509e-02 -7.092789171233089551e-02
7.006318709851298843e-02 4.772524330836340478e-02 -6.911620540836675708e-02
6.952227421451302736e-02 4.804760294895788625e-02 -6.732673890073723189e-02
6.898553737160102728e-02 4.833758725116097527e-02 -6.555966905659653399e-02
6.845294432924500794e-02 4.859603561481174588e-02 -6.381515667293941041e-02
6.792446309582127195e-02 4.882377722036937429e-02 -6.209334688577086009e-02
6.740006192669303897e-02 4.902163093262955351e-02 -6.039436957460793398e-02
6.687970932230351273e-02 4.919040521267096372e-02 -5.871833976224180573e-02
6.636337402628364468e-02 4.933089803781513100e-02 -5.706535800969966821e-02
6.585102502357481624e-02 4.944389682938616498e-02 -5.543551080634908507e-02
6.534263153856574580e-02 4.953017838806082068e-02 -5.382887095508983449e-02
6.483816303324391184e-02 4.959050883660035686e-02 -5.224549795258628948e-02
6.433758920536110371e-02 4.962564356975925073e-02 -5.068543836449470458e-02
6.384087998661343299e-02 4.963632721116926355e-02 -4.914872619564745332e-02
6.334800554083495905e-02 4.962329357699864912e-02 -4.763538325515594141e-02
6.285893626220566410e-02 4.958726564619103661e-02 -4.614541951640299677e-02
6.237364277347311192e-02 4.952895553708969861e-02 -4.467883347189569726e-02
6.189209592418772748e-02 4.944906449025666256e-02 -4.323561248295446080e-02
6.141426678895180874e-02 4.934828285729937064e-02 -4.181573312421867084e-02
6.094012666568213860e-02 4.922729009551938401e-02 -4.041916152295255832e-02
6.046964707388582244e-02 4.908675476820147099e-02 -3.904585369313657434e-02
6.000279975294960794e-02 4.892733455036413215e-02 -3.769575586433587810e-02
5.953955666044222217e-02 4.874967623979509918e-02 -3.636880480533780796e-02
5.907988997043002455e-02 4.855441577319888347e-02 -3.506492814255599000e-02
5.862377207180559380e-02 4.834217824728601759e-02 -3.378404467319970350e-02
5.817117556662905475e-02 4.811357794463635290e-02 -3.252606467321015465e-02
5.772207326848250580e-02 4.786921836417237092e-02 -3.129089019997059740e-02
5.727643820083693632e-02 4.760969225608054078e-02 -3.007841538979582827e-02
5.683424359543169657e-02 4.733558166102187770e-02 -2.888852675021259808e-02
5.639546289066678375e-02 4.704745795347682613e-02 -2.772110344704427701e-02
5.596006973000725027e-02 4.674588188907022324e-02 -2.657601758631349467e-02
5.552803796039998407e-02 4.643140365572712841e-02 -2.545313449098128220e-02
5.509934163070279861e-02 4.610456292851218552e-02 -2.435231297254268276e-02
5.467395499012570742e-02 4.576588892800790426e-02 -2.327340559750027890e-02
5.425185248668391164e-02 4.541590048209006442e-02 -2.221625894873912807e-02
5.383300876566318033e-02 4.505510609096220753e-02 -2.118071388183047007e-02
5.341739866809672166e-02 4.468400399531240186e-02 -2.016660577629045617e-02
5.300499722925398893e-02 4.430308224745942158e-02 -1.917376478182446567e-02
5.259577967714102603e-02 4.391281878535770178e-02 -1.820201605958775282e-02
5.218972143101260897e-02 4.351368150933358769e-02 -1.725118001849625105e-02
5.178679809989569782e-02 4.310612836142735382e-02 -1.632107254662103907e-02
5.138698548112413667e-02 4.269060740721856984e-02 -1.541150523770272278e-02
5.099025955888516343e-02 4.226755692001576276e-02 -1.452228561282450751e-02
5.059659650277666815e-02 4.183740546729243504e-02 -1.365321733728076976e-02
5.020597266637571304e-02 4.140057199925512021e-02 -1.280410043268247026e-02
4.981836458581825194e-02 4.095746593943197511e-02 -1.197473148434094123e-02
4.943374897838967441e-02 4.050848727717187847e-02 -1.116490384397165678e-02
4.905210274112627167e-02 4.005402666194788491e-02 -1.037440782776239204e-02
4.867340294942740925e-02 3.959446549935966703e-02 -9.603030909849763486e-03
4.829762685567867697e-02 3.913017604873460231e-02 -8.850557911250687970e-03
4.792475188788532237e-02 3.866152152222623178e-02 -8.116771184294040153e-03
4.755475564831647406e-02 3.818885618531464576e-02 -7.401450792601058093e-03
4.718761591215978740e-02 3.771252545861342870e-02 -6.704374686662203583e-03
4.682331062618644291e-02 3.723286602089092429e-02 -6.025318875059307126e-03
4.646181790742637957e-02 3.675020591321590674e-02 -5.364057591382795365e-03
4.610311604185394346e-02 3.626486464414048483e-02 -4.720363456894749454e-03
4.574718348308352833e-02 3.577715329583423115e-02 -4.094007638987916600e-03
4.539399885107534005e-02 3.528737463108696376e-02 -3.484760005492813610e-03
4.504354093085113225e-02 3.479582320109878696e-02 -2.892389274884477144e-03
4.469578867121985072e-02 3.430278545397932866e-02 -2.316663162441673016e-03
4.435072118351325587e-02 3.380853984387917344e-02 -1.757348522411301007e-03
4.400831774033100996e-02 3.331335694067892594e-02 -1.214211486230850701e-03
4.366855777429580476e-02 3.281749954016424664e-02 -6.870175968633122996e-04
4.333142087681782217e-02 3.232122277461577792e-02 -1.755319392976219250e-04
4.299688679686881898e-02 3.182477422374623693e-02 3.204807327308712523e-04
4.266493543976580122e-02 3.132839402591850592e-02 8.012558737453179172e-04
4.233554686596388561e-02 3.083231498957983430e-02 1.267029027203666648e-03
4.200870128985866037e-02 3.033676270485068105e-02 1.718035709791167816e-03
4.168437907859755265e-02 2.984195565520678453e-02 2.154511299274753430e-03
4.136256075090074397e-02 2.934810532919712722e-02 2.576690925863611877e-03
4.104322697589085633e-02 2.885541633213985213e-02 2.984809367022018406e-03
4.072635857193174919e-02 2.836408649774191382e-02 3.379100945678825511e-03
4.041193650547642707e-02 2.787430699958953068e-02 3.759799431778629211e-03
4.009994188992369729e-02 2.738626246245751475e-02 4.127137947120094498e-03
3.979035598448363298e-02 2.690013107338820944e-02 4.481348873426364669e-03
3.948316019305197350e-02 2.641608469249213595e-02 4.822663763592626232e-03
3.917833606309304578e-02 2.593428896342395498e-02 5.151313256056576362e-03
3.887586528453125523e-02 2.545490342348881094e-02 5.467526992237171229e-03
3.857572968865145835e-02 2.497808161333703314e-02 5.771533536986952866e-03
3.827791124700745395e-02 2.450397118620428402e-02 6.063560302004496021e-03
3.798239207033912018e-02 2.403271401665843174e-02 6.343833472152502970e-03
3.768915440749776025e-02 2.356444630881404309e-02 6.612577934628194841e-03
3.739818064437998302e-02 2.309929870397808491e-02 6.870017210932256001e-03
3.710945330286954252e-02 2.263739638769078633e-02 7.116373391583494419e-03
3.682295503978748330e-02 2.217885919612806733e-02 7.351867073526209204e-03
3.653866864585045976e-02 2.172380172183288605e-02 7.576717300177558331e-03
3.625657704463689651e-02 2.127233341874366565e-02 7.791141504063012375e-03
3.597666329156131576e-02 2.082455870649074087e-02 7.995355451987751910e-03
3.569891057285653341e-02 2.038057707393145859e-02 8.189573192692520265e-03
3.542330220456364059e-02 1.994048318189688834e-02 8.374007006942928155e-03
3.514982163152989558e-02 1.950436696512415982e-02 8.548867360001283916e-03
3.487845242641421373e-02 1.907231373334921168e-02 8.714362856430665771e-03
3.460917828870049145e-02 1.864440427153687616e-02 8.870700197181212790e-03
3.434198304371845895e-02 1.822071493922516536e-02 9.018084138909226999e-03
3.407685064167206845e-02 1.780131776896293552e-02 9.156717455479961021e-03
3.381376515667542521e-02 1.738628056382045262e-02 9.286800901605373262e-03
3.355271078579622618e-02 1.697566699395400974e-02 9.408533178568769320e-03
3.329367184810640840e-02 1.656953669220616321e-02 9.522110901988706244e-03
3.303663278374032591e-02 1.616794534872511777e-02 9.627728571574680275e-03
3.278157815296004612e-02 1.577094480458680545e-02 9.725578542828173384e-03
3.252849263522796658e-02 1.537858314440510195e-02 9.815851000642555890e-03
3.227736102828646786e-02 1.499090478791581006e-02 9.898733934756358960e-03
3.202816824724483841e-02 1.460795058052183348e-02 9.974413117014387445e-03
3.178089932367314518e-02 1.422975788278694684e-02 1.004307208039231271e-02
3.153553940470300854e-02 1.385636065886713952e-02 1.010489209974033478e-02
3.129207375213559350e-02 1.348778956386950841e-02 1.016005217420226127e-02
3.105048774155621735e-02 1.312407203012863274e-02 1.020872901126702696e-02
3.081076686145587176e-02 1.276523235239208735e-02 1.025109701240996783e-02
3.057289671235963527e-02 1.241129177190753927e-02 1.028732826028182223e-02
3.033686300596168117e-02 1.206226855940378991e-02 1.031759250740403241e-02
3.010265156426701616e-02 1.171817809695991329e-02 1.034205716632929581e-02
2.987024831873982128e-02 1.137903295875682987e-02 1.036088730122715872e-02
2.963963930945844386e-02 1.104484299070654374e-02 1.037424562085460279e-02
2.941081068427680092e-02 1.071561538895479844e-02 1.038229247287260522e-02
2.918374869799232607e-02 1.039135477725390728e-02 1.038518583946970546e-02
2.895843971152036941e-02 1.007206328320300361e-02 1.038308133425468009e-02
2.873487019107488424e-02 9.757740613353370687e-03 1.037613220038057296e-02
2.851302670735547662e-02 9.448384127177590283e-03 1.036448930986314833e-02
2.829289593474077977e-02 9.143988909901635403e-03 1.034830116405728757e-02
2.807446465048799369e-02 8.844547844199425121e-03 1.032771389525546230e-02
2.785771973393862816e-02 8.550051680750297631e-03 1.030287126937295787e-02
2.764264816573035882e-02 8.260489107660083305e-03 1.027391468968507672e-02
2.742923702701499308e-02 7.975846818747302572e-03 1.024098320158219923e-02
2.721747349868250399e-02 7.696109580696255427e-03 1.020421349830896371e-02
2.700734486059093789e-02 7.421260299079232570e-03 1.016373992765463689e-02
2.679883849080243186e-02 7.151280083251107707e-03 1.011969449956207599e-02
2.659194186482499375e-02 6.886148310119166380e-03 1.007220689462339988e-02
2.638664255486015964e-02 6.625842686792149036e-03 1.002140447343093793e-02
2.618292822905655265e-02 6.370339312112839950e-03 9.967412286752706796e-03
2.598078665076909016e-02 6.119612737078519715e-03 9.910353086502067879e-03
2.578020567782399880e-02 5.873636024154501104e-03 9.850347337471920817e-03
2.558117326178935974e-02 5.632380805485996678e-03 9.787513229804136947e-03
2.538367744725153127e-02 5.395817340014355014e-03 9.721966692165828414e-03
2.518770637109692817e-02 5.163914569503437815e-03 9.653821405604116196e-03
2.499324826179942158e-02 4.936640173482803595e-03 9.583188818052054345e-03
2.480029143871330735e-02 4.713960623114535342e-03 9.510178159458615790e-03
2.460882431137165205e-02 4.495841233990703970e-03 9.434896457516279977e-03
2.441883537879003738e-02 4.282246217868834921e-03 9.357448553960267396e-03
2.423031322877579677e-02 4.073138733353368068e-03 9.277937121414074964e-03
2.404324653724248390e-02 3.868480935530684700e-03 9.196462680756335717e-03
2.385762406752960085e-02 3.668234024566156218e-03 9.113123618984631663e-03
2.367343466972773522e-02 3.472358293271820065e-03 9.028016207552488903e-03
2.349066728000876250e-02 3.280813173653093252e-03 8.941234621156072052e-03
2.330931091996127705e-02 3.093557282443703659e-03 8.852870956947820127e-03
2.312935469593110221e-02 2.910548465637904317e-03 8.763015254154602612e-03
2.295078779836700472e-02 2.731743842029465703e-03 8.671755514078642244e-03
2.277359950117136336e-02 2.557099845766811364e-03 8.579177720459733869e-03
2.259777916105583026e-02 2.386572267934146223e-03 8.485365860177894112e-03
2.242331621690209914e-02 2.220116297168586456e-03 8.390401944276140375e-03
2.225020018912744410e-02 2.057686559323125986e-03 8.294366029283347513e-03
2.207842067905527519e-02 1.899237156185908408e-03 8.197336238817796647e-03
2.190796736829051655e-02 1.744721703266042482e-03 8.099388785452452111e-03
2.173883001809979662e-02 1.594093366656449112e-03 8.000597992823352961e-03
2.157099846879643318e-02 1.447304898984455839e-03 7.901036317963142097e-03
2.140446263913014374e-02 1.304308674460741063e-03 7.800774373842022345e-03
2.123921252568151952e-02 1.165056723037641946e-03 7.699880952099031652e-03
2.107523820226114494e-02 1.029500763687600171e-03 7.598423045946886903e-03
2.091252981931331079e-02 8.975922368128264094e-04 7.496465873233979817e-03
2.075107760332440751e-02 7.692823357973365903e-04 7.394072899647829121e-03
2.059087185623587751e-02 6.445220377125059899e-04 7.291305862044393862e-03
2.043190295486161170e-02 5.232621331872982454e-04 7.188224791888202583e-03
2.027416135030996741e-02 4.054532554546368909e-04 7.084888038788790879e-03
2.011763756741015083e-02 2.910459085850910371e-04 6.981352294119049125e-03
1.996232220414309588e-02 1.799904949193921065e-04 6.877672614701796881e-03
1.980820593107665561e-02 7.223734171111032833e-05 6.773902446551051393e-03
1.965527949080526568e-02 -3.226327300894369829e-05 6.670093648655028330e-03
1.950353369739386139e-02 -1.335610953352407368e-04 6.566296516788141906e-03
1.935295943582602402e-02 -2.317058711454361881e-04 6.462559807339676547e-03
1.920354766145658185e-02 -3.267473225020629314e-04 6.358930761147431159e-03
1.905528939946825318e-02 -4.187351247866866752e-04 6.255455127324468720e-03
1.890817574433252893e-02 -5.077188845548831096e-04 6.152177187068015585e-03
1.876219785927479844e-02 -5.937481181005723526e-04 6.049139777439601663e-03
1.861734697574349978e-02 -6.768722307182439011e-04 5.946384315105895241e-03
1.847361439288344037e-02 -7.571404966516078654e-04 5.843950820030174506e-03
1.833099147701311785e-02 -8.346020397172298740e-04 5.741877939104529649e-03
1.818946966110617652e-02 -9.093058145916510862e-04 5.640202969713417613e-03
1.804904044427673576e-02 -9.813005887507897113e-04 5.538961883219275725e-03
1.790969539126883656e-02 -1.050634925050057547e-03 5.438189348361536189e-03
1.777142613194966289e-02 -1.117357164934101995e-03 5.337918754560284570e-03
1.763422436080686745e-02 -1.181515412264698677e-03 5.238182235116615494e-03
1.749808183644960616e-02 -1.243157517755775912e-03 5.139010690301513279e-03
1.736299038111353832e-02 -1.302331064004296542e-03 5.040433810325837226e-03
1.722894188016958067e-02 -1.359083351105917640e-03 4.942480098183953986e-03
1.709592828163649172e-02 -1.413461382844423018e-03 4.845176892364065971e-03
1.696394159569722740e-02 -1.465511853443901774e-03 4.748550389418445226e-03
1.683297389421893608e-02 -1.515281134872831486e-03 4.652625666387012922e-03
1.670301731027684991e-02 -1.562815264689123218e-03 4.557426703068260566e-03
1.657406403768166281e-02 -1.608159934415481253e-03 4.462976404131306987e-03
1.644610633051060700e-02 -1.651360478434338308e-03 4.369296621063527807e-03
1.631913650264225218e-02 -1.692461863391693131e-03 4.276408173948398860e-03
1.619314692729476382e-02 -1.731508678099460139e-03 4.184330873068198460e-03
1.606813003656779038e-02 -1.768545123925774213e-03 4.093083540326719096e-03
1.594407832098788599e-02 -1.803615005662940118e-03 4.002684030487289185e-03
1.582098432905743729e-02 -1.836761722862765645e-03 3.913149252221598956e-03
1.569884066680701795e-02 -1.868028261629096952e-03 3.824495188965053478e-03
1.557763999735133596e-02 -1.897457186857458939e-03 3.736736919574771849e-03
1.545737504044846465e-02 -1.925090634911842463e-03 3.649888638786227477e-03
1.533803857206256401e-02 -1.950970306728736165e-03 3.563963677465097762e-03
1.521962342392989970e-02 -1.975137461338629698e-03 3.478974522650829428e-03
1.510212248312833502e-02 -1.997632909795253511e-03 3.394932837388889811e-03
1.498552869165002688e-02 -2.018497009503037419e-03 3.311849480348524801e-03
1.486983504597748189e-02 -2.037769658933256955e-03 3.229734525223397490e-03
1.475503459666287730e-02 -2.055490292719503679e-03 3.148597279912449930e-03
1.464112044791057894e-02 -2.071697877123225996e-03 3.068446305478534242e-03
1.452808575716300031e-02 -2.086430905860139299e-03 2.989289434882721856e-03
1.441592373468953726e-02 -2.099727396278497447e-03 2.911133791492049195e-03
1.430462764317873628e-02 -2.111624885880249679e-03 2.833985807358946861e-03
1.419419079733361296e-02 -2.122160429176252368e-03 2.757851241270608492e-03
1.408460656347002883e-02 -2.131370594866838133e-03 2.682735196566675591e-03
1.397586835911830173e-02 -2.139291463339086478e-03 2.608642138723994957e-03
1.386796965262775821e-02 -2.145958624472347424e-03 2.535575912707015850e-03
1.376090396277441716e-02 -2.151407175743598205e-03 2.463539760082887088e-03
1.365466485837163110e-02 -2.155671720624387916e-03 2.392536335900195908e-03
1.354924595788385179e-02 -2.158786367261189987e-03 2.322567725330685912e-03
1.344464092904325975e-02 -2.160784727431143762e-03 2.253635460073115816e-03
1.334084348846940535e-02 -2.161699915765245752e-03 2.185740534518848272e-03
1.323784740129178850e-02 -2.161564549231189975e-03 2.118883421678730353e-03
1.313564648077535091e-02 -2.160410746868149118e-03 2.053064088870994609e-03
1.303423458794881161e-02 -2.158270129765931834e-03 1.988282013169973429e-03
1.293360563123597748e-02 -2.155173821281049489e-03 1.924536196615737058e-03
1.283375356608980507e-02 -2.151152447482326726e-03 1.861825181184549680e-03
1.273467239462928134e-02 -2.146236137818860641e-03 1.800147063520443017e-03
1.263635616527922050e-02 -2.140454526003175446e-03 1.739499509428247886e-03
1.253879897241271142e-02 -2.133836751102589479e-03 1.679879768128357369e-03
1.244199495599639972e-02 -2.126411458831914663e-03 1.621284686273845657e-03
1.234593830123848629e-02 -2.118206803040702160e-03 1.563710721730485328e-03
1.225062323823944248e-02 -2.109250447388388936e-03 1.507153957120386427e-03
1.215604404164544530e-02 -2.099569567200806203e-03 1.451610113130041672e-03
1.206219503030441474e-02 -2.089190851501605221e-03 1.397074561583620854e-03
1.196907056692483699e-02 -2.078140505212321219e-03 1.343542338282576951e-03
1.187666505773710135e-02 -2.066444251514834313e-03 1.291008155612478154e-03
1.178497295215747212e-02 -2.054127334370155905e-03 1.239466414918261256e-03
1.169398874245473723e-02 -2.041214521187591311e-03 1.188911218649145842e-03
1.160370696341933051e-02 -2.027730105638358461e-03 1.139336382274373956e-03
1.151412219203506136e-02 -2.013697910607959753e-03 1.090735445971210927e-03
1.142522904715336310e-02 -1.999141291281640587e-03 1.043101686086574326e-03
1.133702218917006198e-02 -1.984083138357394752e-03 9.964281263737777023e-04
1.124949631970465456e-02 -1.968545881381113857e-03 9.507075490059267286e-04
1.116264618128199812e-02 -1.952551492198532218e-03 9.059325053675387502e-04
1.107646655701656664e-02 -1.936121488518787554e-03 8.620953266261042070e-04
1.099095227029906439e-02 -1.919276937584481982e-03 8.191881340852147104e-04
1.090609818448543683e-02 -1.902038459943231280e-03 7.772028493210514800e-04
1.082189920258839512e-02 -1.884426233315831308e-03 7.361312041040872587e-04
1.073835026697120103e-02 -1.866459996556238355e-03 6.959647501077681963e-04
1.065544635904388908e-02 -1.848159053698686816e-03 6.566948684061442876e-04
1.057318249896179937e-02 -1.829542278087336335e-03 6.183127787623594884e-04
1.049155374532645749e-02 -1.810628116584009697e-03 5.808095487099951401e-04
1.041055519488876327e-02 -1.791434593849583175e-03 5.441761024292800664e-04
1.033018198225442615e-02 -1.771979316694782510e-03 5.084032294202066185e-04
1.025042927959177175e-02 -1.752279478496200377e-03 4.734815929747002009e-04
1.017129229634170830e-02 -1.732351863673414283e-03 4.394017384498820973e-04
1.009276627892995506e-02 -1.712212852223239093e-03 4.061541013446202920e-04
1.001484651048154678e-02 -1.691878424307217792e-03 3.737290151815733912e-04
9.937528310537478704e-03 -1.671364164888524545e-03 3.421167191968629276e-04
9.860807034773558244e-03 -1.650685268414591161e-03 3.113073658396582426e-04
9.784678074721444088e-03 -1.629856543541824236e-03 2.812910280839004675e-04
9.709136857491817291e-03 -1.608892417898889543e-03 2.520577065544413404e-04
9.634178845499708627e-03 -1.587806942885133235e-03 2.235973364698887558e-04
9.559799536191907615e-03 -1.566613798500759991e-03 1.958997944044461176e-04
9.485994461776546885e-03 -1.545326298205554946e-03 1.689549048711159389e-04
9.412759188954714432e-03 -1.523957393802924561e-03 1.427524467285420484e-04
9.340089318654128461e-03 -1.502519680346180121e-03 1.172821594138691829e-04
9.267980485764942475e-03 -1.481025401064085117e-03 9.253374900400361178e-05
9.196428358877520998e-03 -1.459486452302697322e-03 6.849689410759047224e-05
9.125428640022237997e-03 -1.437914388480679472e-03 4.516125159011155410e-05
9.054977064411355234e-03 -1.416320427055347241e-03 2.251646213451052918e-05
8.985069400182814012e-03 -1.394715453496713203e-03 5.521556396811268259e-07
8.915701448146047883e-03 -1.373110026266974575e-03 -2.074204354074773757e-05
8.846869041529738242e-03 -1.351514381802884938e-03 -4.137651151695186769e-05
8.778568045731540564e-03 -1.329938439498577415e-03 -6.136161993637751237e-05
8.710794358069724047e-03 -1.308391806686449521e-03 -8.070773120973417155e-05
8.643543907536707302e-03 -1.286883783613808774e-03 -9.942519388713165528e-05
8.576812654554564694e-03 -1.265423368413064707e-03 -1.175243381819348026e-04
8.510596590732355873e-03 -1.244019262063283037e-03 -1.350154716399894542e-04
8.444891738625349628e-03 -1.222679873341024452e-03 -1.519088749517991056e-04
8.379694151496114296e-03 -1.201413323758451605e-03 -1.682147979052844324e-04
8.314999913077440047e-03 -1.180227452486748213e-03 -1.839434554767483830e-04
8.250805137337112113e-03 -1.159129821262964597e-03 -1.991050240576761109e-04
8.187105968244460380e-03 -1.138127719278456086e-03 -2.137096378150173505e-04
8.123898579538752981e-03 -1.117228168047192756e-03 -2.277673851825856729e-04
8.061179174499373198e-03 -1.096437926252214921e-03 -2.412883054812389760e-04
7.998943985717738014e-03 -1.075763494568611305e-03 -2.542823856655205585e-04
7.937189274871012112e-03 -1.055211120461463196e-03 -2.667595571944229101e-04
7.875911332497553125e-03 -1.034786802957233468e-03 -2.787296930239750335e-04
7.815106477774070790e-03 -1.014496297387141970e-03 -2.902026047193618629e-04
7.754771058294569405e-03 -9.943451201011705397e-04 -3.011880396842764578e-04
7.694901449850927860e-03 -9.743385531513074679e-04 -3.116956785052610529e-04
7.635494056215209185e-03 -9.544816489427938953e-04 -3.217351324087656147e-04
7.576545308923643245e-03 -9.347792348521253257e-04 -3.313159408286935385e-04
7.518051667062277364e-03 -9.152359178106357889e-04 -3.404475690822105697e-04
7.460009617054288826e-03 -8.958560888525554091e-04 -3.491394061516128224e-04
7.402415672448906317e-03 -8.766439276264438411e-04 -3.574007625700687907e-04
7.345266373712026203e-03 -8.576034068690241170e-04 -3.652408684090522619e-04
7.288558288018378781e-03 -8.387382968403951514e-04 -3.726688713653323638e-04
7.232288009045334705e-03 -8.200521697197379802e-04 -3.796938349453732688e-04
7.176452156768296960e-03 -8.015484039606205055e-04 -3.863247367450328837e-04
7.121047377257676628e-03 -7.832301886050798984e-04 -3.925704668224627562e-04
7.066070342477388279e-03 -7.651005275556757969e-04 -3.984398261621447702e-04
7.011517750085010693e-03 -7.471622438048289728e-04 -4.039415252279848030e-04
6.957386323233377863e-03 -7.294179836206684218e-04 -4.090841826034581673e-04
6.903672810373755533e-03 -7.118702206887903483e-04 -4.138763237167720089e-04
6.850373985060531287e-03 -6.945212602092928336e-04 -4.183263796490614347e-04
6.797486645757406035e-03 -6.773732429485071179e-04 -4.224426860236415180e-04
6.745007615645092977e-03 -6.604281492448997636e-04 -4.262334819743754323e-04
6.692933742430471136e-03 -6.436878029686311396e-04 -4.297069091912222773e-04
6.641261898157267175e-03 -6.271538754343371951e-04 -4.328710110410628493e-04
6.589988979018143213e-03 -6.108278892666760143e-04 -4.357337317619228633e-04
6.539111905168267826e-03 -5.947112222182728003e-04 -4.383029157287327568e-04
6.488627620540312127e-03 -5.788051109397024645e-04 -4.405863067887841821e-04
6.438533092660880461e-03 -5.631106547011843462e-04 -4.425915476650742523e-04
6.388825312468364437e-03 -5.476288190657106368e-04 -4.443261794257438897e-04
6.339501294132170867e-03 -5.323604395133307377e-04 -4.457976410178447627e-04
6.290558074873404265e-03 -5.173062250164012742e-04 -4.470132688636883228e-04
6.241992714786876416e-03 -5.024667615655659504e-04 -4.479802965180614644e-04
6.193802296664527134e-03 -4.878425156463302094e-04 -4.487058543846092658e-04
6.145983925820167754e-03 -4.734338376660673074e-04 -4.491969694897126990e-04
6.098534729915647094e-03 -4.592409653313806145e-04 -4.494605653122127277e-04
6.051451858788269890e-03 -4.452640269756918739e-04 -4.495034616673574150e-04
6.004732484279633360e-03 -4.315030448370473426e-04 -4.493323746433686150e-04
5.958373800065724056e-03 -4.179579382860717195e-04 -4.489539165890546924e-04
5.912373021488356514e-03 -4.046285270040830893e-04 -4.483745961509124083e-04
5.866727385387900812e-03 -3.915145341113803737e-04 -4.476008183581920677e-04
5.821434149937310294e-03 -3.786155892457440555e-04 -4.466388847544216513e-04
5.776490594477428665e-03 -3.659312315912115437e-04 -4.454949935739041956e-04
5.731894019353546074e-03 -3.534609128572040464e-04 -4.441752399617374331e-04
5.687641745753270993e-03 -3.412040002081334318e-04 -4.426856162359188007e-04
5.643731115545595582e-03 -3.291597791435802584e-04 -4.410320121901268936e-04
5.600159491121235213e-03 -3.173274563292153064e-04 -4.392202154357957079e-04
5.556924255234192700e-03 -3.057061623786148843e-04 -4.372559117821174187e-04
5.514022810844548990e-03 -2.942949545861561723e-04 -4.351446856526369278e-04
5.471452580962464680e-03 -2.830928196111915035e-04 -4.328920205371242897e-04
5.429211008493371564e-03 -2.720986761137118067e-04 -4.305032994774300454e-04
5.387295556084406231e-03 -2.613113773417529155e-04 -4.279838055860629709e-04
5.345703705971957369e-03 -2.507297136707586568e-04 -4.253387225962359250e-04
5.304432959830465526e-03 -2.403524150952026956e-04 -4.225731354421668486e-04
5.263480838622333104e-03 -2.301781536727175268e-04 -4.196920308684318267e-04
5.222844882449025235e-03 -2.202055459210408323e-04 -4.167002980671958624e-04
5.182522650403291291e-03 -2.104331551680723974e-04 -4.136027293421660361e-04
5.142511720422569474e-03 -2.008594938553778255e-04 -4.104040207981421895e-04
5.102809689143486885e-03 -1.914830257954492688e-04 -4.071087730550517142e-04
5.063414171757493233e-03 -1.823021683830795511e-04 -4.037214919853836454e-04
5.024322801867616914e-03 -1.733152947612008295e-04 -4.002465894739613860e-04
4.985533231346313959e-03 -1.645207359415500818e-04 -3.966883841990080238e-04
4.947043130194433286e-03 -1.559167828805415115e-04 -3.930511024334887760e-04
4.908850186401237520e-03 -1.475016885107203026e-04 -3.893388788657262665e-04
4.870952105805551394e-03 -1.392736697282105315e-04 -3.855557574383187080e-04
4.833346611957943170e-03 -1.312309093365390128e-04 -3.817056922043988673e-04
4.796031445983983330e-03 -1.233715579472597051e-04 -3.777925482003008048e-04
4.759004366448562305e-03 -1.156937358377947543e-04 -3.738201023337217057e-04
4.722263149221252523e-03 -1.081955347669175869e-04 -3.697920442864837407e-04
4.685805587342717349e-03 -1.008750197483154358e-04 -3.657119774310244194e-04
4.649629490892110556e-03 -9.373023078265853942e-05 -3.615834197597543641e-04
4.613732686855585158e-03 -8.675918454865149418e-05 -3.574098048264682669e-04
4.578113018995729443e-03 -7.995987605348229145e-05 -3.531944826989715392e-04
4.542768347722056857e-03 -7.333028024315400449e-05 -3.489407209221471779e-04
4.507696549962485547e-03 -6.686835357315039667e-05 -3.446517054906794567e-04
4.472895519035811895e-03 -6.057203553990665886e-05 -3.403305418306834182e-04
4.438363164525157244e-03 -5.443925017355091388e-05 -3.359802557894979729e-04
4.404097412152419011e-03 -4.846790749240507680e-05 -3.316037946329331606e-04
4.370096203653659438e-03 -4.265590491970797798e-05 -3.272040280492627211e-04
4.336357496655476179e-03 -3.700112866305431175e-05 -3.227837491592868953e-04
4.302879264552321795e-03 -3.150145505703238184e-05 -3.183456755318006255e-04
4.269659496384766925e-03 -2.615475186954604453e-05 -3.138924502038182586e-04
4.236696196718713232e-03 -2.095887957231522183e-05 -3.094266427049319874e-04
4.203987385525517068e-03 -1.591169257604118509e-05 -3.049507500851872258e-04
4.171531098063076780e-03 -1.101104043074074940e-05 -3.004671979458867952e-04
4.139325384757797793e-03 -6.254768991731983516e-06 -2.959783414727401845e-04
4.107368311087491834e-03 -1.640721551778445465e-06 -2.914864664708024492e-04
4.075657957465179081e-03 2.833260060115537418e-06 -2.869937904006552264e-04
4.044192419123768950e-03 7.169334412761762153e-06 -2.825024634153015888e-04
4.012969806001656821e-03 1.136965943919342897e-05 -2.780145693972645659e-04
3.981988242629196789e-03 1.543639143492457307e-05 -2.735321269953904910e-04
3.951245868016034848e-03 1.937168408756620420e-05 -2.690570906608726444e-04
3.920740835539331115e-03 2.317768753729873923e-05 -2.645913516820337565e-04
3.890471312832834237e-03 2.685654746770276184e-05 -2.601367392174121131e-04
3.860435481676814488e-03 3.041040422645463151e-05 -2.556950213267142227e-04
3.830631537888855558e-03 3.384139197538866731e-05 -2.512679059992134825e-04
3.801057691215462084e-03 3.715163786943430536e-05 -2.468570421791802991e-04
3.771712165224549301e-03 4.034326126393078781e-05 -2.424640207879598288e-04
3.742593197198719381e-03 4.341837294983423351e-05 -2.380903757423014143e-04
3.713699038029383021e-03 4.637907441632279905e-05 -2.337375849685841532e-04
3.685027952111697216e-03 4.922745714031497683e-05 -2.294070714125785628e-04
3.656578217240308380e-03 5.196560190241420298e-05 -2.251002040444022474e-04
3.628348124505907744e-03 5.459557812879788113e-05 -2.208182988583428437e-04
3.600335978192569127e-03 5.711944325857075096e-05 -2.165626198672292732e-04
3.572540095675910254e-03 5.953924213610110725e-05 -2.123343800910510305e-04
3.544958807322009988e-03 6.185700642786973907e-05 -2.081347425395281385e-04
3.517590456387110522e-03 6.407475406335729807e-05 -2.039648211883528326e-04
3.490433398918117974e-03 6.619448869949751937e-05 -1.998256819488395666e-04
3.463486003653844583e-03 6.821819920823584771e-05 -1.957183436307164369e-04
3.436746651927013313e-03 7.014785918672796687e-05 -1.916437788978170070e-04
3.410213737567048282e-03 7.198542648971684328e-05 -1.876029152164399982e-04
3.383885666803581205e-03 7.373284278363688297e-05 -1.835966357961434168e-04
3.357760858170721549e-03 7.539203312198937618e-05 -1.796257805227661998e-04
3.331837742412063069e-03 7.696490554154272821e-05 -1.756911468834695077e-04
3.306114762386418507e-03 7.845335067891162520e-05 -1.717934908836041101e-04
3.280590372974292405e-03 7.985924140707559955e-05 -1.679335279552207941e-04
3.255263040985056054e-03 8.118443249139958699e-05 -1.641119338570447143e-04
3.230131245064868806e-03 8.243076026472335018e-05 -1.603293455657562021e-04
3.205193475605284600e-03 8.360004232109324363e-05 -1.565863621584125879e-04
3.180448234652574063e-03 8.469407722771014728e-05 -1.528835456858694899e-04
3.155894035817747873e-03 8.571464425467529690e-05 -1.492214220370619547e-04
3.131529404187273578e-03 8.666350312211667508e-05 -1.456004817940143947e-04
3.107352876234471123e-03 8.754239376428822118e-05 -1.420211810774572154e-04
3.083362999731621354e-03 8.835303611023115106e-05 -1.384839423829413311e-04
3.059558333662712459e-03 8.909712988059980971e-05 -1.349891554073357543e-04
3.035937448136898954e-03 8.977635440025099668e-05 -1.315371778656222799e-04
3.012498924302602944e-03 9.039236842620752225e-05 -1.281283362978861626e-04
2.989241354262291497e-03 9.094680999060542417e-05 -1.247629268664277881e-04
2.966163340987895431e-03 9.144129625824323271e-05 -1.214412161429135901e-04
2.943263498236911146e-03 9.187742339835450460e-05 -1.181634418855058612e-04
2.920540450469120888e-03 9.225676647022992838e-05 -1.149298138058998763e-04
2.897992832763968737e-03 9.258087932232091457e-05 -1.117405143262208383e-04
2.875619290738575407e-03 9.285129450445970113e-05 -1.085956993257282394e-04
2.853418480466381017e-03 9.306952319283885147e-05 -1.054954988772875490e-04
2.831389068396423635e-03 9.323705512739412021e-05 -1.024400179735713093e-04
2.809529731273222811e-03 9.335535856124317275e-05 -9.942933724295925256e-05
2.787839156057313195e-03 9.342588022183561281e-05 -9.646351365511750535e-05
2.766316039846361020e-03 9.345004528347482698e-05 -9.354258121623060045e-05
2.744959089796904662e-03 9.342925735087769868e-05 -9.066655165387960233e-05
2.723767023046697131e-03 9.336489845344337994e-05 -8.783541509155511063e-05
2.702738566637647062e-03 9.325832904990642963e-05 -8.504914071280324445e-05
2.681872457439360338e-03 9.311088804305522383e-05 -8.230767741500741286e-05
2.661167442073247239e-03 9.292389280420128761e-05 -7.961095445280864978e-05
2.640622276837262337e-03 9.269863920709083503e-05 -7.695888207118626516e-05
2.620235727631183009e-03 9.243640167095359917e-05 -7.435135212820237667e-05
2.600006569882479940e-03 9.213843321238975297e-05 -7.178823870743967681e-05
2.579933588472762673e-03 9.180596550580080403e-05 -6.926939872015466142e-05
2.560015577664792423e-03 9.144020895207504904e-05 -6.679467249717537631e-05
2.540251341030046531e-03 9.104235275524244280e-05 -6.436388437057534071e-05
2.520639691376864912e-03 9.061356500682043146e-05 -6.197684324516442706e-05
2.501179450679130809e-03 9.015499277757505099e-05 -5.963334315983215733e-05
2.481869450005510114e-03 8.966776221642789387e-05 -5.733316383879049743e-05
2.462708529449237575e-03 8.915297865624397823e-05 -5.507607123276350882e-05
2.443695538058442054e-03 8.861172672624056880e-05 -5.286181805017359535e-05
2.424829333767016936e-03 8.804507047076136220e-05 -5.069014427837946327e-05
2.406108783326007042e-03 8.745405347416527445e-05 -4.856077769502080421e-05
2.387532762235551522e-03 8.683969899158494989e-05 -4.647343436953364862e-05
2.369100154677328523e-03 8.620301008531291640e-05 -4.442781915489442857e-05
2.350809853447534143e-03 8.554496976657995229e-05 -4.242362616966161004e-05
2.332660759890374438e-03 8.486654114249277841e-05 -4.046053927038168862e-05
2.314651783832068731e-03 8.416866756790554764e-05 -3.853823251443006887e-05
2.296781843515368141e-03 8.345227280200117649e-05 -3.665637061336062116e-05
2.279049865534580211e-03 8.271826116936620678e-05 -3.481460937683886805e-05
2.261454784771087505e-03 8.196751772534388841e-05 -3.301259614723492478e-05
2.243995544329368836e-03 8.120090842545846840e-05 -3.124997022495726518e-05
2.226671095473515757e-03 8.041928029870476914e-05 -2.952636328460812320e-05
2.209480397564235216e-03 7.962346162450449768e-05 -2.784139978204359022e-05
2.192422417996344429e-03 7.881426211313201553e-05 -2.619469735242385341e-05
2.175496132136737169e-03 7.799247308941942704e-05 -2.458586719933910167e-05
2.158700523262846623e-03 7.715886767955398851e-05 -2.301451447510206042e-05
2.142034582501565771e-03 7.631420100078383547e-05 -2.148023865229325784e-05
2.125497308768650468e-03 7.545921035385508627e-05 -1.998263388665309057e-05
2.109087708708583947e-03 7.459461541800446434e-05 -1.852128937141174833e-05
2.092804796634910140e-03 7.372111844833811401e-05 -1.709578968315112659e-05
2.076647594471027567e-03 7.283940447543025241e-05 -1.570571511929363555e-05
2.060615131691429479e-03 7.195014150697809222e-05 -1.435064202731283083e-05
2.044706445263420620e-03 7.105398073135787214e-05 -1.303014312576524814e-05
2.028920579589261163e-03 7.015155672292383733e-05 -1.174378781723803009e-05
2.013256586448763409e-03 6.924348764890252844e-05 -1.049114249331276110e-05
1.997713524942344721e-03 6.833037547773536142e-05 -9.271770831645951208e-06
1.982290461434502854e-03 6.741280618872538062e-05 -8.085234085263705054e-06
1.966986469497731052e-03 6.649134998285049147e-05 -6.931091364172793053e-06
1.951800629856880690e-03 6.556656149460775578e-05 -5.808899909390462677e-06
1.936732030333933102e-03 6.463898000475588087e-05 -4.718215359492239128e-06
1.921779765793211591e-03 6.370912965382925406e-05 -3.658592009782083865e-06
1.906942938087010427e-03 6.277751965629780923e-05 -2.629583064186529959e-06
1.892220656001645379e-03 6.184464451525235201e-05 -1.630740879975992511e-06
1.877612035203923184e-03 6.091098423749770764e-05 -6.616172054164336803e-07
1.863116198188014125e-03 5.997700454893842038e-05 2.782365895458839850e-07
1.848732274222752211e-03 5.904315711014809651e-05 1.189269289461398615e-06
1.834459399299326549e-03 5.810987973201292030e-05 2.071929616314642970e-06
1.820296716079383616e-03 5.717759659134579483e-05 2.926666019116724475e-06
1.806243373843528311e-03 5.624671844637024309e-05 3.753926470049965049e-06
1.792298528440224199e-03 5.531764285197561689e-05 4.554158267061020966e-06
1.778461342235088637e-03 5.439075437464911873e-05 5.327807842798983641e-06
1.764730984060572556e-03 5.346642480699195077e-05 6.075320579795575158e-06
1.751106629166038165e-03 5.254501338173220428e-05 6.797140631783595482e-06
1.737587459168221096e-03 5.162686698514769914e-05 7.493710751051231587e-06
1.724172662002067041e-03 5.071232036981522209e-05 8.165472121730045824e-06
1.710861431871954583e-03 4.980169636660745068e-05 8.812864198913700241e-06
1.697652969203294459e-03 4.889530609585916824e-05 9.436324553505831341e-06
1.684546480594494846e-03 4.799344917762821751e-05 1.003628872269598274e-05
1.671541178769312850e-03 4.709641394098059098e-05 1.061319006596149605e-05
1.658636282529558567e-03 4.620447763222848005e-05 1.116745962649617844e-05
1.645831016708171248e-03 4.531790662205614973e-05 1.169952599796461862e-05
1.633124612122658238e-03 4.443695661146918275e-05 1.220981519648309257e-05
1.620516305528890179e-03 4.356187283650518545e-05 1.269875053772791037e-05
1.608005339575257261e-03 4.269289027164773365e-05 1.316675251907289577e-05
1.595590962757171541e-03 4.183023383188560785e-05 1.361423870665852538e-05
1.583272429371932691e-03 4.097411857336478823e-05 1.404162362729472914e-05
1.571048999473931805e-03 4.012474989257951440e-05 1.444931866510221499e-05
1.558919938830204089e-03 3.928232372405376970e-05 1.483773196279554599e-05
1.546884518876326560e-03 3.844702673646540405e-05 1.520726832751345280e-05
1.534942016672657039e-03 3.761903652716808372e-05 1.555832914110201698e-05
1.523091714860897979e-03 3.679852181506624323e-05 1.589131227475752619e-05
1.511332901621022630e-03 3.598564263180559355e-05 1.620661200793541238e-05
1.499664870628507167e-03 3.518055051123574416e-05 1.650461895143471187e-05
1.488086921011905640e-03 3.438338867711130824e-05 1.678571997456599154e-05
1.476598357310751055e-03 3.359429222899501440e-05 1.705029813631296095e-05
1.465198489433779767e-03 3.281338832633014989e-05 1.729873262039829292e-05
1.453886632617481123e-03 3.204079637065108298e-05 1.753139867416526676e-05
1.442662107384959803e-03 3.127662818590190011e-05 1.774866755118775896e-05
1.431524239505129695e-03 3.052098819683712313e-05 1.795090645752156093e-05
1.420472359952208111e-03 2.977397360547674122e-05 1.813847850151187292e-05
1.409505804865531344e-03 2.903567456559271432e-05 1.831174264707161723e-05
1.398623915509677497e-03 2.830617435520401421e-05 1.847105367034706998e-05
1.387826038234897877e-03 2.758554954705956234e-05 1.861676211968777520e-05
1.377111524437855212e-03 2.687387017708975587e-05 1.874921427883886364e-05
1.366479730522658295e-03 2.617119991080839737e-05 1.886875213327479314e-05
1.355930017862210608e-03 2.547759620765023937e-05 1.897571333959454732e-05
1.345461752759843661e-03 2.479311048322757559e-05 1.907043119789932873e-05
1.335074306411255639e-03 2.411778826949403392e-05 1.915323462707482286e-05
1.324767054866735202e-03 2.345166937280273708e-05 1.922444814290096316e-05
1.314539378993691450e-03 2.279478802984957102e-05 1.928439183891331646e-05
1.304390664439453000e-03 2.214717306149027189e-05 1.933338136994108231e-05
1.294320301594375621e-03 2.150884802442609351e-05 1.937172793824791964e-05
1.284327685555217884e-03 2.087983136074874135e-05 1.939973828220251510e-05
1.274412216088807812e-03 2.026013654534106640e-05 1.941771466740720387e-05
1.264573297595989040e-03 1.964977223112828066e-05 1.942595488021369522e-05
1.254810339075843441e-03 1.904874239217688915e-05 1.942475222355615838e-05
1.245122754090192399e-03 1.845704646463924438e-05 1.941439551503284871e-05
1.235509960728367173e-03 1.787467948554266961e-05 1.939516908716864386e-05
1.225971381572260729e-03 1.730163222942387942e-05 1.936735278979162853e-05
1.216506443661639339e-03 1.673789134280883305e-05 1.933122199445823513e-05
1.207114578459727618e-03 1.618343947654102575e-05 1.928704760086221351e-05
1.197795221819057242e-03 1.563825541596082039e-05 1.923509604516387866e-05
1.188547813947580644e-03 1.510231420894000169e-05 1.917562931017704054e-05
1.179371799375046213e-03 1.457558729177646282e-05 1.910890493735212486e-05
1.170266626919628291e-03 1.405804261295437056e-05 1.903517604049495925e-05
1.161231749654826045e-03 1.354964475477741888e-05 1.895469132116177666e-05
1.152266624876603467e-03 1.305035505288101890e-05 1.886769508567194326e-05
1.143370714070796957e-03 1.256013171363333541e-05 1.877442726368108022e-05
1.134543482880763596e-03 1.207892992943248668e-05 1.867512342825793339e-05
1.125784401075286597e-03 1.160670199191082925e-05 1.857001481740989612e-05
1.117092942516720137e-03 1.114339740305556357e-05 1.845932835700245711e-05
1.108468585129393329e-03 1.068896298425796478e-05 1.834328668501952503e-05
1.099910810868244678e-03 1.024334298330150095e-05 1.822210817711185314e-05
1.091419105687706139e-03 9.806479179302113791e-06 1.809600697338243689e-05
1.082992959510825680e-03 9.378310985613057030e-06 1.796519300635832014e-05
1.074631866198627519e-03 8.958775550707984150e-06 1.782987203009938040e-05
1.066335323519711524e-03 8.547807857056075007e-06 1.769024565039563284e-05
1.058102833120080086e-03 8.145340818003616210e-06 1.754651135600546988e-05
1.049933900493210453e-03 7.751305372677688420e-06 1.739886255088844298e-05
1.041828034950345854e-03 7.365630578926472785e-06 1.724748858738671780e-05
1.033784749591022548e-03 6.988243704312865591e-06 1.709257480031082521e-05
1.025803561273822386e-03 6.619070315177497311e-06 1.693430254188573009e-05
1.017883990587352188e-03 6.258034363787977260e-06 1.677284921751460542e-05
1.010025561821448203e-03 5.905058273591602698e-06 1.660838832231836652e-05
1.002227802938593718e-03 5.560063022588700011e-06 1.644108947840978286e-05
9.944902455455762770e-04 5.222968224845596954e-06 1.627111847286267853e-05
9.868124248653448345e-04 4.893692210163921791e-06 1.609863729633633655e-05
9.791938797090932785e-04 4.572152101926006726e-06 1.592380418231727148e-05
9.716341524485588507e-04 4.258263893134767762e-06 1.574677364694089781e-05
9.641327889885328503e-04 3.951942520667232726e-06 1.556769652935641754e-05
9.566893387395819992e-04 3.653101937761005687e-06 1.538672003259929384e-05
9.493033545909871892e-04 3.361655184753819083e-06 1.520398776493673174e-05
9.419743928838834575e-04 3.077514458095223343e-06 1.501963978165163382e-05
9.347020133846106228e-04 2.800591177651198924e-06 1.483381262723237621e-05
9.274857792582705696e-04 2.530796052321590514e-06 1.464663937793584148e-05
9.203252570424864118e-04 2.268039143990957755e-06 1.445824968469210229e-05
9.132200166213670037e-04 2.012229929833416489e-06 1.426876981632024565e-05
9.061696311996675834e-04 1.763277362992137272e-06 1.407832270302511732e-05
8.991736772771574985e-04 1.521089931654762330e-06 1.388702798014614838e-05
8.922317346231790772e-04 1.285575716545190664e-06 1.369500203212954768e-05
8.853433862514054498e-04 1.056642446853403055e-06 1.350235803669646217e-05
8.785082183947942863e-04 8.341975546242099322e-07 1.330920600918013222e-05
8.717258204807314852e-04 6.181482276263313002e-07 1.311565284700587863e-05
8.649957851063704538e-04 4.084014607232618789e-07 1.292180237428861380e-05
8.583177080141619897e-04 2.048641057672897296e-07 1.272775538652317591e-05
8.516911880675689115e-04 7.442920038025966091e-09 1.253360969534329130e-05
8.451158272269718337e-04 -1.839553867528683002e-07 1.233946017332624282e-05
8.385912305257599069e-04 -3.694241068692975794e-07 1.214539879882036230e-05
8.321170060466054385e-04 -5.490564903491828678e-07 1.195151470077355645e-05
8.256927648979240199e-04 -7.229457021721127256e-07 1.175789420354171732e-05
8.193181211905109463e-04 -8.911847807748780140e-07 1.156462087165610261e-05
8.129926920143666115e-04 -1.053866597892974363e-06 1.137177555453026482e-05
8.067160974156929905e-04 -1.211083819707089974e-06 1.117943643108671561e-05
8.004879603740714007e-04 -1.362928869272738801e-06 1.098767905428497354e-05
7.943079067798154702e-04 -1.509493890211857950e-06 1.079657639553281096e-05
7.881755654114998549e-04 -1.650870711644905154e-06 1.060619888896333605e-05
7.820905679136622114e-04 -1.787150814342274050e-06 1.041661447556095734e-05
7.760525487746737635e-04 -1.918425298073824212e-06 1.022788864711995929e-05
7.700611453047887618e-04 -2.044784850135228163e-06 1.004008449002024078e-05
7.641159976143560312e-04 -2.166319715030345336e-06 9.853262728804703817e-06
7.582167485921992214e-04 -2.283119665288608134e-06 9.667481769543931968e-06
7.523630438841702028e-04 -2.395273973396382719e-06 9.482797742974306146e-06
7.465545318718617334e-04 -2.502871384821885130e-06 9.299264547395698523e-06
7.407908636514843811e-04 -2.606000092112875642e-06 9.116933891315940879e-06
7.350716930129130161e-04 -2.704747710046546341e-06 8.935855335829885339e-06
7.293966764188878011e-04 -2.799201251811473032e-06 8.756076336720585788e-06
7.237654729843797643e-04 -2.889447106201225183e-06 8.577642286271627497e-06
7.181777444561140153e-04 -2.975571015799551600e-06 8.400596554779361449e-06
7.126331551922523381e-04 -3.057658056137310248e-06 8.224980531754723107e-06
7.071313721422322349e-04 -3.135792615801186131e-06 8.050833666804520369e-06
7.016720648267586258e-04 -3.210058377474723084e-06 7.878193510182571790e-06
6.962549053179570941e-04 -3.280538299891974705e-06 7.707095753001902885e-06
6.908795682196729572e-04 -3.347314600684670428e-06 7.537574267098844070e-06
6.855457306479264623e-04 -3.410468740103594989e-06 7.369661144541200278e-06
6.802530722115176023e-04 -3.470081405595244591e-06 7.203386736772440357e-06
6.750012749927814188e-04 -3.526232497214936142e-06 7.038779693384583643e-06
6.697900235284912985e-04 -3.579001113857759422e-06 6.875867000512766890e-06
6.646190047909088542e-04 -3.628465540288919557e-06 6.714674018844776283e-06
6.594879081689815825e-04 -3.674703234955161178e-06 6.555224521239507724e-06
6.543964254496868879e-04 -3.717790818559242647e-06 6.397540729948344006e-06
6.493442507995164040e-04 -3.757804063379579883e-06 6.241643353433955855e-06
6.443310807461059223e-04 -3.794817883317336486e-06 6.087551622781457364e-06
6.393566141600070260e-04 -3.828906324653463425e-06 5.935283327697133452e-06
6.344205522365967435e-04 -3.860142557498427014e-06 5.784854852090189104e-06
6.295225984781324842e-04 -3.888598867917468547e-06 5.636281209233653675e-06
6.246624586759396813e-04 -3.914346650714565014e-06 5.489576076500332157e-06
6.198398408927403803e-04 -3.937456402858336628e-06 5.344751829670578742e-06
6.150544554451165945e-04 -3.957997717533469108e-06 5.201819576808637552e-06
6.103060148861099441e-04 -3.976039278801331385e-06 5.060789191704706179e-06
6.055942339879563869e-04 -3.991648856853737443e-06 4.921669346880173331e-06
6.009188297249504034e-04 -4.004893303843985675e-06 4.784467546153642783e-06
5.962795212564478507e-04 -4.015838550279534452e-06 4.649190156766002142e-06
5.916760299099945841e-04 -4.024549601960873333e-06 4.515842441062454423e-06
5.871080791645872429e-04 -4.031090537451341628e-06 4.384428587730301162e-06
5.825753946340639236e-04 -4.035524506062941650e-06 4.254951742591147246e-06
5.780777040506227893e-04 -4.037913726343276984e-06 4.127414038946636361e-06
5.736147372484640605e-04 -4.038319485049087469e-06 4.001816627476770094e-06
5.691862261475676404e-04 -4.036802136591999118e-06 3.878159705690783567e-06
5.647919047375860990e-04 -4.033421102942312185e-06 3.756442546929726349e-06
5.604315090618671108e-04 -4.028234873976930116e-06 3.636663528921119631e-06
5.561047772015984079e-04 -4.021301008257690498e-06 3.518820161885718062e-06
5.518114492600743794e-04 -4.012676134226555652e-06 3.402909116196717147e-06
5.475512673470856210e-04 -4.002415951804455088e-06 3.288926249592074127e-06
5.433239755634260105e-04 -3.990575234380606750e-06 3.176866633940557673e-06
5.391293199855244677e-04 -3.977207831179537041e-06 3.066724581562724984e-06
5.349670486501901211e-04 -3.962366669993087332e-06 2.958493671107676674e-06
5.308369115394781469e-04 -3.946103760265014890e-06 2.852166772987111172e-06
5.267386605656718341e-04 -3.928470196515949415e-06 2.747736074368080456e-06
5.226720495563804423e-04 -3.909516162096692601e-06 2.645193103726092065e-06
5.186368342397526358e-04 -3.889290933258069138e-06 2.544528754960395034e-06
5.146327722298016990e-04 -3.867842883525721448e-06 2.445733311073312783e-06
5.106596230118492542e-04 -3.845219488368521602e-06 2.348796467415919711e-06
5.067171479280753411e-04 -3.821467330149347614e-06 2.253707354502043534e-06
5.028051101631847214e-04 -3.796632103347351995e-06 2.160454560393198435e-06
4.989232747301794359e-04 -3.770758620040863617e-06 2.069026152656779193e-06
4.950714084562470464e-04 -3.743890815640492951e-06 1.979409699900365723e-06
4.912492799687510079e-04 -3.716071754861965833e-06 1.891592292884603956e-06
4.874566596813355345e-04 -3.687343637928647160e-06 1.805560565217842594e-06
4.836933197801334631e-04 -3.657747806993738341e-06 1.721300713635253833e-06
4.799590342100820499e-04 -3.627324752772428387e-06 1.638798517865663970e-06
4.762535786613446395e-04 -3.596114121374456801e-06 1.558039360089241699e-06
4.725767305558367421e-04 -3.564154721327745928e-06 1.479008243989325257e-06
4.689282690338568991e-04 -3.531484530783907800e-06 1.401689813401770236e-06
4.653079749408181630e-04 -3.498140704896697316e-06 1.326068370565237293e-06
4.617156308140868046e-04 -3.464159583364661065e-06 1.252127893976088697e-06
4.581510208699181102e-04 -3.429576698129340788e-06 1.179852055851344726e-06
4.546139309904950699e-04 -3.394426781220683964e-06 1.109224239203528306e-06
4.511041487110667588e-04 -3.358743772741447845e-06 1.040227554531120375e-06
4.476214632071863551e-04 -3.322560828982579349e-06 9.728448561284666359e-07
4.441656652820475510e-04 -3.285910330661723473e-06 9.070587580190445483e-07
4.407365473539170226e-04 -3.248823891277189497e-06 8.428516495160019428e-07
4.373339034436683282e-04 -3.211332365569963017e-06 7.802057104141042686e-07
4.339575291624062276e-04 -3.173465858086349302e-06 7.191029258169613153e-07
4.306072216991917796e-04 -3.135253731834259957e-06 6.595251006038684130e-07
4.272827798088589990e-04 -3.096724617026066352e-06 6.014538735402326866e-07
4.239840037999267615e-04 -3.057906419901317671e-06 5.448707310359077245e-07
4.207106955226026486e-04 -3.018826331622667597e-06 4.897570205555942177e-07
4.174626583568826908e-04 -2.979510837238626382e-06 4.360939636856847765e-07
4.142396972007393098e-04 -2.939985724706762283e-06 3.838626688617290625e-07
4.110416184584024480e-04 -2.900276093971333751e-06 3.330441437609560995e-07
4.078682300287307422e-04 -2.860406366089329976e-06 2.836193073641710378e-07
4.047193412936722504e-04 -2.820400292399159965e-06 2.355690016914238233e-07
4.015947631068151691e-04 -2.780280963726337910e-06 1.888740032158566706e-07
3.984943077820244728e-04 -2.740070819620655296e-06 1.435150339601233987e-07
3.954177890821704939e-04 -2.699791657619586058e-06 9.947277227990010532e-08
3.923650222079403901e-04 -2.659464642532629958e-06 5.672786333882909004e-08
3.893358237867382450e-04 -2.619110315741655150e-06 1.526092927944059373e-08
3.863300118616701706e-04 -2.578748604512305959e-06 -2.494742090551327639e-08
3.833474058806146277e-04 -2.538398831311739267e-06 -6.391658179683133402e-08
3.803878266853778561e-04 -2.498079723128100697e-06 -1.016659422632576084e-07
3.774510965009293738e-04 -2.457809420787230592e-06 -1.382148764620697579e-07
3.745370389247275724e-04 -2.417605488262388730e-06 -1.735827351212563844e-07
3.716454789161209907e-04 -2.377484921972661421e-06 -2.077888370989822582e-07
3.687762427858345894e-04 -2.337464160066085163e-06 -2.408524612157421733e-07
3.659291581855368528e-04 -2.297559091683559585e-06 -2.727928383547978231e-07
3.631040540974872304e-04 -2.257785066199719826e-06 -3.036291438264295999e-07
3.603007608242624537e-04 -2.218156902437101125e-06 -3.333804899915882370e-07
