1.000000000000000000e+00 2.938926261462365908e+00 0.000000000000000000e+00
9.922911893760835156e-01 2.896447858016620636e+00 4.483292932684417031e-02
9.846418045134024410e-01 2.853852782866626026e+00 8.836840713092417032e-02
9.770513873100171720e-01 2.811164656922852334e+00 1.306220576655927057e-01
9.695194831954093706e-01 2.768406478366203682e+00 1.716097336556356434e-01
9.620456411032586308e-01 2.725600627618905314e+00 2.113474997604024852e-01
9.546294134444293089e-01 2.682768872582207198e+00 2.498516164498703340e-01
9.472703560801656320e-01 2.639932374126456427e+00 2.871385242906231428e-01
9.399680282954937516e-01 2.597111691819465218e+00 3.232248286384936109e-01
9.327219927728276350e-01 2.554326789879555637e+00 3.581272847344035282e-01
9.255318155657799029e-01 2.511597043339983237e+00 3.918627831997311128e-01
9.183970660731736180e-01 2.468941244411861469e+00 4.244483359273431011e-01
9.113173170132550238e-01 2.426377609033071536e+00 4.559010623642573146e-01
9.042921443981042362e-01 2.383923783591012757e+00 4.862381761817287651e-01
8.973211275082438876e-01 2.341596851807414836e+00 5.154769723284009508e-01
8.904038488674436147e-01 2.299413341773782093e+00 5.436348144620253287e-01
8.835398942177181691e-01 2.257389233126418038e+00 5.707291227551133383e-01
8.767288524945184847e-01 2.215539964350269564e+00 5.967773620697647274e-01
8.699703158021147020e-01 2.173880440201271025e+00 6.217970304968168938e-01
8.632638793891673767e-01 2.132425039237058062e+00 6.458056482543306220e-01
8.566091416244887569e-01 2.091187621446399358e+00 6.688207469403688599e-01
8.500057039729899122e-01 2.050181535967917412e+00 6.908598591349150997e-01
8.434531709718132708e-01 2.009419628889002940e+00 7.119405083457113204e-01
8.369511502066497854e-01 1.968914251116177461e+00 7.320801992927337132e-01
8.304992522882376216e-01 1.928677266308417071e+00 7.512964085259562497e-01
8.240970908290433661e-01 1.888720058865259954e+00 7.696065753710046309e-01
8.177442824201217597e-01 1.849053541961843239e+00 7.870280931972606364e-01
8.114404466081545086e-01 1.809688165623222655e+00 8.035783010029300399e-01
8.051852058726660655e-01 1.770633924830720574e+00 8.192744753115698275e-01
7.989781856034144925e-01 1.731900367653195660e+00 8.341338223745288216e-01
7.928190140779572959e-01 1.693496603396503319e+00 8.481734706737567020e-01
7.867073224393902331e-01 1.655431310764608144e+00 8.614104637193994440e-01
7.806427446742565390e-01 1.617712746026074733e+00 8.738617531366118518e-01
7.746249175906282369e-01 1.580348751179954991e+00 8.855441920360042074e-01
7.686534807963552041e-01 1.543346762115274773e+00 8.964745286621478293e-01
7.627280766774818810e-01 1.506713816758588065e+00 9.066694003145603364e-01
7.568483503768311804e-01 1.470456563204315614e+00 9.161453275356207238e-01
7.510139497727524871e-01 1.434581267822766959e+00 9.249187085598615798e-01
7.452245254580348588e-01 1.399093823341011733e+00 9.330058140191204163e-01
7.394797307189808766e-01 1.363999756891937754e+00 9.404227818980408493e-01
7.337792215146434760e-01 1.329304238027075646e+00 9.471856127344547849e-01
7.281226564562222059e-01 1.295012086688967612e+00 9.533101650592020748e-01
7.225096967866181386e-01 1.261127781139021797e+00 9.588121510699688654e-01
7.169400063601468753e-01 1.227655465837051763e+00 9.637071325337847050e-01
7.114132516224069835e-01 1.194598959268807992e+00 9.680105169128214726e-01
7.059291015903051969e-01 1.161961761718079522e+00 9.717375537082296733e-01
7.004872278322340495e-01 1.129747062980036798e+00 9.749033310167394273e-01
6.950873044484030538e-01 1.097957750012713563e+00 9.775227722948365283e-01
6.897290080513217569e-01 1.066596414523686365e+00 9.796106333253634668e-01
6.844120177464323440e-01 1.035665360489143927e+00 9.811814993814362840e-01
6.791360151128924549e-01 1.005166611602739346e+00 9.822497825826363993e-01
6.739006841845059936e-01 9.751019186517293491e-01 9.828297194384845170e-01
6.687057114307998207e-01 9.454727668180868960e-01 9.829353685742543423e-01
6.635507857382484387e-01 9.162803829024047664e-01 9.825806086342548928e-01
6.584355983916413413e-01 8.875257424685369934e-01 9.817791363577602626e-01
6.533598430555950243e-01 8.592095769070822175e-01 9.805444648228240911e-01
6.483232157562076603e-01 8.313323804159334918e-01 9.788899218532941537e-01
6.433254148628545499e-01 8.038944168962364190e-01 9.768286485843796774e-01
6.383661410701242378e-01 7.768957267622459417e-01 9.743735981822139181e-01
6.334450973798942952e-01 7.503361336636639178e-01 9.715375347129016070e-01
6.285619890835443258e-01 7.242152511191755071e-01 9.683330321566121501e-01
6.237165237443069721e-01 6.985324890600027592e-01 9.647724735623516290e-01
6.189084111797547028e-01 6.732870602824044814e-01 9.608680503390987226e-01
6.141373634444208252e-01 6.484779868081586018e-01 9.566317616790747103e-01
6.094030948125565006e-01 6.241041061521616085e-01 9.520754141089746714e-01
6.047053217610178777e-01 6.001640774963687974e-01 9.472106211650468399e-01
6.000437629522876737e-01 5.766563877694147466e-01 9.420488031880094315e-01
5.954181392176263188e-01 5.535793576313137176e-01 9.366011872338112498e-01
5.908281735403528856e-01 5.309311473627527089e-01 9.308788070963610606e-01
5.862735910392558036e-01 5.087097626585596055e-01 9.248925034383855825e-01
5.817541189521306944e-01 4.869130603250129141e-01 9.186529240266617657e-01
5.772694866194453267e-01 4.655387538807408410e-01 9.121705240679343074e-01
5.728194254681305830e-01 4.445844190610220292e-01 9.054555666418903082e-01
5.684036689954961030e-01 4.240474992253883690e-01 8.985181232276457930e-01
5.640219527532704946e-01 4.039253106684803085e-01 8.913680743202537782e-01
5.596740143317640026e-01 3.842150478341905817e-01 8.840151101338230566e-01
5.553595933441533017e-01 3.649137884331765669e-01 8.764687313878934960e-01
5.510784314108878590e-01 3.460184984638985939e-01 8.687382501737892504e-01
5.468302721442164227e-01 3.275260371373923673e-01 8.608327908977413401e-01
5.426148611328319715e-01 3.094331617060343542e-01 8.527612912976195725e-01
5.384319459266362351e-01 2.917365321966295943e-01 8.445325035302140293e-01
5.342812760216208989e-01 2.744327160481797589e-01 8.361549953260307699e-01
5.301626028448657157e-01 2.575181926547587263e-01 8.276371512086648785e-01
5.260756797396520801e-01 2.409893578139542247e-01 8.189871737758698256e-01
5.220202619506909558e-01 2.248425280813874105e-01 8.102130850394886341e-01
5.179961066094658229e-01 2.090739450318649939e-01 8.013227278215122595e-01
5.140029727196874232e-01 1.936797794277483054e-01 7.923237672035530199e-01
5.100406211428610836e-01 1.786561352951757664e-01 7.832236920271181679e-01
5.061088145839661712e-01 1.639990539088050647e-01 7.740298164421095528e-01
5.022073175772434617e-01 1.497045176857674798e-01 7.647492815010384914e-01
4.983358964720954187e-01 1.357684539895808451e-01 7.553890567965260150e-01
4.944943194190923874e-01 1.221867388447738234e-01 7.459559421396833034e-01
4.906823563560881452e-01 1.089552005630231857e-01 7.364565692770614902e-01
4.868997789944419230e-01 9.606962328161691711e-02 7.268974036438944353e-01
4.831463608053470082e-01 8.352575041509906206e-02 7.172847461514301193e-01
4.794218770062641521e-01 7.131928802095745257e-02 7.076247350061916075e-01
4.757261045474602823e-01 5.944590808025695949e-02 6.979233475590801428e-01
4.720588220986504102e-01 4.790125169412599859e-02 6.881864021822720057e-01
4.684198100357427896e-01 3.668093219703633112e-02 6.784195601719226199e-01
4.648088504276863264e-01 2.578053818782605547e-02 6.686283276747594373e-01
4.612257270234189632e-01 1.519563647943608480e-02 6.588180576366614583e-01
4.576702252389172609e-01 4.921774968349193653e-03 6.489939517714230499e-01
4.541421321443452341e-01 -5.045514575269522198e-03 6.391610625479151597e-01
4.506412364513028290e-01 -1.471071379571702725e-02 6.293242951939194141e-01
4.471673285001721010e-01 -2.407831511715691902e-02 6.194884097149671032e-01
4.437202002475616469e-01 -3.315281918523925453e-02 6.096580229265590178e-01
4.402996452538469052e-01 -4.193873238390077862e-02 5.998376104981826273e-01
4.369054586708073784e-01 -5.044056442627576492e-02 5.900315090076095892e-01
4.335374372293587797e-01 -5.866282601866334989e-02 5.802439180039847821e-01
4.301953792273794930e-01 -6.661002659647743962e-02 5.704789020782730091e-01
4.268790845176317350e-01 -7.428667213109770018e-02 5.607403929396787001e-01
4.235883544957744773e-01 -8.169726300654610307e-02 5.510321914966849199e-01
4.203229920884701820e-01 -8.884629196489954306e-02 5.413579699414183821e-01
4.170828017415821876e-01 -9.573824211934747752e-02 5.317212738360750368e-01
4.138675894084638540e-01 -1.023775850338056598e-01 5.221255242001965335e-01
4.106771625383371371e-01 -1.087687788679895101e-01 5.125740195976150604e-01
4.075113300647617565e-01 -1.149162665868529304e-01 5.030699382219363525e-01
4.043699023941921822e-01 -1.208244742332986316e-01 4.936163399794649687e-01
4.012526913946237173e-01 -1.264978092630626438e-01 4.842161685685133499e-01
3.981595103843257877e-01 -1.319406589406819652e-01 4.748722535540840783e-01
3.950901741206616635e-01 -1.371573887954519455e-01 4.655873124369331317e-01
3.920444987889953325e-01 -1.421523411362835554e-01 4.563639527160797127e-01
3.890223019916826952e-01 -1.469298336243754222e-01 4.472046739438512719e-01
3.860234027371488019e-01 -1.514941579026163332e-01 4.381118697725925326e-01
3.830476214290482462e-01 -1.558495782806397778e-01 4.290878299921973005e-01
3.800947798555101009e-01 -1.600003304744533617e-01 4.201347425576600347e-01
3.771647011784646786e-01 -1.639506203995797773e-01 4.112546956058754088e-01
3.742572099230538907e-01 -1.677046230166376606e-01 4.024496794609483397e-01
3.713721319671217103e-01 -1.712664812283103410e-01 3.937215886273003895e-01
3.685092945307870127e-01 -1.746403048266473301e-01 3.850722237699025219e-01
3.656685261660961306e-01 -1.778301694896559093e-01 3.765032936809840081e-01
3.628496567467550116e-01 -1.808401158261433439e-01 3.680164172325957606e-01
3.600525174579412013e-01 -1.836741484677801572e-01 3.596131253144472240e-01
3.572769407861935420e-01 -1.863362352073643091e-01 3.512948627564502213e-01
3.545227605093805856e-01 -1.888303061822682039e-01 3.430629902354362382e-01
3.517898116867456682e-01 -1.911602531020669127e-01 3.349187861655432141e-01
3.490779306490293110e-01 -1.933299285193479378e-01 3.268634485717907823e-01
3.463869549886672283e-01 -1.953431451427179721e-01 3.188980969463828807e-01
3.437167235500645512e-01 -1.972036751910253571e-01 3.110237740873185164e-01
3.410670764199440486e-01 -1.989152497878323433e-01 3.032414479188913492e-01
3.384378549177698425e-01 -2.004815583951762570e-01 2.955520132937062838e-01
3.358289015862442328e-01 -2.019062482856717466e-01 2.879562937758465280e-01
3.332400601818779617e-01 -2.031929240520174984e-01 2.804550434048568852e-01
3.306711756656333101e-01 -2.043451471529742491e-01 2.730489484402261469e-01
3.281220941936391911e-01 -2.053664354949044646e-01 2.657386290860751510e-01
3.255926631079775202e-01 -2.062602630479581645e-01 2.585246411957753954e-01
3.230827309275414727e-01 -2.070300594960175489e-01 2.514074779562464612e-01
3.205921473389632959e-01 -2.076792099195092778e-01 2.443875715516967140e-01
3.181207631876124542e-01 -2.082110545102155152e-01 2.374652948065896774e-01
3.156684304686633857e-01 -2.086288883172179032e-01 2.306409628076452889e-01
3.132350023182315368e-01 -2.089359610231271147e-01 2.239148345046897970e-01
3.108203330045782309e-01 -2.091354767497563272e-01 2.172871142901982577e-01
3.084242779193832606e-01 -2.092305938924108599e-01 2.107579535573823604e-01
3.060466935690845380e-01 -2.092244249819815716e-01 2.043274522366951007e-01
3.036874375662846903e-01 -2.091200365740300271e-01 1.979956603106404478e-01
3.013463686212237702e-01 -2.089204491640819228e-01 1.917625793067906370e-01
2.990233465333178020e-01 -2.086286371283417318e-01 1.856281637689294051e-01
2.967182321827626645e-01 -2.082475286890614619e-01 1.795923227062520833e-01
2.944308875222025335e-01 -2.077800059038056035e-01 1.736549210205702576e-01
2.921611755684621614e-01 -2.072289046778702237e-01 1.678157809114796395e-01
2.899089603943441062e-01 -2.065970147991169903e-01 1.620746832594643361e-01
2.876741071204875766e-01 -2.058870799945070051e-01 1.564313689869233359e-01
2.854564819072914483e-01 -2.051017980076201008e-01 1.508855403971164633e-01
2.832559519468987319e-01 -2.042438206964640734e-01 1.454368624910402641e-01
2.810723854552428791e-01 -2.033157541508876232e-01 1.400849642622527813e-01
2.789056516641559291e-01 -2.023201588289229857e-01 1.348294399696822465e-01
2.767556208135369955e-01 -2.012595497113960907e-01 1.296698503884593512e-01
2.746221641435809824e-01 -2.001363964741530443e-01 1.246057240388280807e-01
2.725051538870679746e-01 -1.989531236772660860e-01 1.196365583931966875e-01
2.704044632617113586e-01 -1.977121109705891888e-01 1.147618210614018697e-01
2.683199664625650072e-01 -1.964156933150508211e-01 1.099809509542657993e-01
2.662515386544895279e-01 -1.950661612190792149e-01 1.052933594255398286e-01
2.641990559646756886e-01 -1.936657609895650611e-01 1.006984313923277169e-01
2.621623954752264618e-01 -1.922166949967860916e-01 9.619552643410134163e-02
2.601414352157955800e-01 -1.907211219527197021e-01 9.178397987041925221e-02
2.581360541562832678e-01 -1.891811572021869781e-01 8.746310381747085527e-02
2.561461321995873730e-01 -1.875988730262819482e-01 8.323218822357512925e-02
2.541715501744121197e-01 -1.859762989575494407e-01 7.909050188377225732e-02
2.522121898281302621e-01 -1.843154221063868503e-01 7.503729343364544391e-02
2.502679338197019709e-01 -1.826181874981579190e-01 7.107179232252738843e-02
2.483386657126470110e-01 -1.808864984205121873e-01 6.719320976624024166e-02
2.464242699680720683e-01 -1.791222167804228660e-01 6.340073967953498146e-02
2.445246319377513688e-01 -1.773271634704572941e-01 5.969355958839060727e-02
2.426396378572603096e-01 -1.755031187438128026e-01 5.607083152234685480e-02
2.407691748391631026e-01 -1.736518225976568797e-01 5.253170288704626933e-02
2.389131308662513220e-01 -1.717749751643200540e-01 4.907530731716241296e-02
2.370713947848363812e-01 -1.698742371099062898e-01 4.570076550990410241e-02
2.352438562980923298e-01 -1.679512300398865177e-01 4.240718603927878111e-02
2.334304059594505543e-01 -1.660075369112612165e-01 3.919366615131095188e-02
2.316309351660452154e-01 -1.640447024508785712e-01 3.605929254041080612e-02
2.298453361522094507e-01 -1.620642335795131617e-01 3.300314210709266033e-02
2.280735019830216204e-01 -1.600675998413117751e-01 3.002428269724574661e-02
2.263153265479011245e-01 -1.580562338382291987e-01 2.712177382316326851e-02
2.245707045542535141e-01 -1.560315316690820964e-01 2.429466736653752498e-02
2.228395315211652850e-01 -1.539948533728616176e-01 2.154200826363451143e-02
2.211217037731463275e-01 -1.519475233759511879e-01 1.886283517285780240e-02
2.194171184339213376e-01 -1.498908309429087260e-01 1.625618112492088763e-02
2.177256734202688560e-01 -1.478260306304784444e-01 1.372107415584340046e-02
2.160472674359072698e-01 -1.457543427445086304e-01 1.125653792299103999e-02
2.143817999654292483e-01 -1.436769537994600499e-01 8.861592304382265653e-03
2.127291712682813918e-01 -1.415950169801958314e-01 6.535253981481008861e-03
2.110892823727915646e-01 -1.395096526057579278e-01 4.276537005702833565e-03
2.094620350702412481e-01 -1.374219485948355857e-01 2.084453348856549551e-03
2.078473319089845783e-01 -1.353329609326491545e-01 -4.198656224944140943e-05
2.062450761886119310e-01 -1.332437141389708479e-01 -2.103773326812071083e-03
2.046551719541586656e-01 -1.311552017370203882e-01 -4.101898066420417432e-03
2.030775239903590546e-01 -1.290683867229763804e-01 -6.037351936595962074e-03
2.015120378159434844e-01 -1.269842020358538381e-01 -7.911125653259317922e-03
1.999586196779808422e-01 -1.249035510275068178e-01 -9.724209033891893783e-03
1.984171765462635628e-01 -1.228273079325197248e-01 -1.147759055316587354e-02
1.968876161077362241e-01 -1.207563183377620697e-01 -1.317225691281180382e-02
1.953698467609673306e-01 -1.186913996513860869e-01 -1.480919262549486651e-02
1.938637776106634236e-01 -1.166333415710543026e-01 -1.638937961247128455e-02
1.923693184622257413e-01 -1.145829065511933254e-01 -1.791379681479580988e-02
1.908863798163485670e-01 -1.125408302690722728e-01 -1.938341981785238546e-02
1.894148728636593504e-01 -1.105078220895172186e-01 -2.079922048898020029e-02
1.879547094794002116e-01 -1.084845655280745336e-01 -2.216216662796760203e-02
1.865058022181502462e-01 -1.064717187124459841e-01 -2.347322163018805696e-02
1.850680643085888810e-01 -1.044699148420228235e-01 -2.473334416215207388e-02
1.836414096482992253e-01 -1.024797626453534394e-01 -2.594348784925069873e-02
1.822257527986113901e-01 -1.005018468353850308e-01 -2.710460097546689082e-02
1.808210089794862752e-01 -9.853672856232680022e-02 -2.821762619483119891e-02
1.794270940644378809e-01 -9.658494586398599924e-02 -2.928350025440185078e-02
1.780439245754955324e-01 -9.464701411343670601e-02 -3.030315372854702066e-02
1.766714176782041568e-01 -9.272342646388366527e-02 -3.127751076431199706e-02
1.753094911766640007e-01 -9.081465429059464023e-02 -3.220748883765193332e-02
1.739580635086079574e-01 -8.892114762977235132e-02 -3.309399852031519318e-02
1.726170537405168348e-01 -8.704333561425010857e-02 -3.393794325716194271e-02
1.712863815627728159e-01 -8.518162690589622943e-02 -3.474021915370446162e-02
1.699659672848494729e-01 -8.333641012461767694e-02 -3.550171477365839101e-02
1.686557318305397790e-01 -8.150805427386162427e-02 -3.622331094629388515e-02
1.673555967332201189e-01 -7.969690916251338797e-02 -3.690588058337932603e-02
1.660654841311511865e-01 -7.790330582309917817e-02 -3.755028850551059283e-02
1.647853167628151594e-01 -7.612755692620405690e-02 -3.815739127762144550e-02
1.635150179622884836e-01 -7.436995719102001967e-02 -3.872803705347194897e-02
1.622545116546508792e-01 -7.263078379194556899e-02 -3.926306542891420948e-02
1.610037223514291516e-01 -7.091029676115993829e-02 -3.976330730373647815e-02
1.597625751460763632e-01 -6.920873938710206397e-02 -4.022958475188849470e-02
1.585309957094860334e-01 -6.752633860878705374e-02 -4.066271089989299120e-02
1.573089102855406707e-01 -6.586330540589718785e-02 -4.106348981325082942e-02
1.560962456866947512e-01 -6.421983518458901363e-02 -4.143271639064823736e-02
1.548929292895917242e-01 -6.259610815896160529e-02 -4.177117626577805248e-02
1.536988890307145472e-01 -6.099228972813500183e-02 -4.207964571658810715e-02
1.525140534020704430e-01 -5.940853084889215902e-02 -4.235889158177195274e-02
1.513383514469079649e-01 -5.784496840383969440e-02 -4.260967118432039402e-02
1.501717127554680897e-01 -5.630172556504894205e-02 -4.283273226195299238e-02
1.490140674607669802e-01 -5.477891215313895196e-02 -4.302881290425232541e-02
1.478653462344123870e-01 -5.327662499177019534e-02 -4.319864149632486605e-02
1.467254802824514703e-01 -5.179494825751716769e-02 -4.334293666881568197e-02
1.455944013412508453e-01 -5.033395382509456978e-02 -4.346240725410562000e-02
1.444720416734086854e-01 -4.889370160791278730e-02 -4.355775224852197203e-02
1.433583340636977732e-01 -4.747423989394181087e-02 -4.362966078039687973e-02
1.422532118150405533e-01 -4.607560567686668634e-02 -4.367881208380845759e-02
1.411566087445145501e-01 -4.469782498251888975e-02 -4.370587547784336724e-02
1.400684591793888156e-01 -4.334091319057165048e-02 -4.371151035122128325e-02
1.389886979531911315e-01 -4.200487535149036861e-02 -4.369636615212380698e-02
1.379172604018052417e-01 -4.068970649873057677e-02 -4.366108238307327138e-02
1.368540823595983391e-01 -3.939539195617969281e-02 -4.360628860070872581e-02
1.357991001555783339e-01 -3.812190764084042588e-02 -4.353260442030901234e-02
1.347522506095807093e-01 -3.686922036075640507e-02 -4.344063952491531572e-02
1.337134710284849370e-01 -3.563728810818304199e-02 -4.333099367890724113e-02
1.326826992024598140e-01 -3.442606034800841514e-02 -4.320425674588974224e-02
1.316598734012379146e-01 -3.323547830143163545e-02 -4.306100871074981795e-02
1.306449323704190202e-01 -3.206547522490806046e-02 -4.290181970574478976e-02
1.296378153278010537e-01 -3.091597668437123456e-02 -4.272725004048534558e-02
1.286384619597407963e-01 -2.978690082474801451e-02 -4.253785023568053963e-02
1.276468124175412777e-01 -2.867815863477788177e-02 -4.233416106051239580e-02
1.266628073138678090e-01 -2.758965420715669623e-02 -4.211671357351114836e-02
1.256863877191916334e-01 -2.652128499402197498e-02 -4.188602916680451288e-02
1.247174951582601943e-01 -2.547294205779951359e-02 -4.164261961361570563e-02
1.237560716065959632e-01 -2.444451031743561514e-02 -4.138698711888879472e-02
1.228020594870208732e-01 -2.343586879003524762e-02 -4.111962437292023681e-02
1.218554016662085071e-01 -2.244689082793394769e-02 -4.084101460787971372e-02
1.209160414512624460e-01 -2.147744435122816639e-02 -4.055163165710406331e-02
1.199839225863209846e-01 -2.052739207579247840e-02 -4.025194001705119373e-02
1.190589892491883822e-01 -1.959659173681307584e-02 -3.994239491180291007e-02
1.181411860479914949e-01 -1.868489630786712707e-02 -3.962344236000744924e-02
1.172304580178626515e-01 -1.779215421558036359e-02 -3.929551924415505826e-02
1.163267506176479671e-01 -1.691820954989540007e-02 -3.895905338208234536e-02
1.154300097266409142e-01 -1.606290226998461149e-02 -3.861446360060227789e-02
1.145401816413414153e-01 -1.522606840584268990e-02 -3.826215981116035114e-02
1.136572130722393187e-01 -1.440754025559428872e-02 -3.790254308741772271e-02
1.127810511406233118e-01 -1.360714657855451731e-02 -3.753600574466631895e-02
1.119116433754140105e-01 -1.282471278407937981e-02 -3.716293142098094082e-02
1.110489377100216252e-01 -1.206006111624502442e-02 -3.678369516001694234e-02
1.101928824792280381e-01 -1.131301083439569671e-02 -3.639866349536365758e-02
1.093434264160921404e-01 -1.058337838959949942e-02 -3.600819453636477235e-02
1.085005186488803425e-01 -9.870977597054833921e-03 -3.561263805532123572e-02
1.076641086980194145e-01 -9.175619804487115255e-03 -3.521233557599125902e-02
1.068341464730735851e-01 -8.497114056579598701e-03 -3.480762046330652254e-02
1.060105822697449685e-01 -7.835267255480768411e-03 -3.439881801422416813e-02
1.051933667668963346e-01 -7.189884317431068962e-03 -3.398624554963606409e-02
1.043824510235981523e-01 -6.560768325554697591e-03 -3.357021250726029832e-02
1.035777864761970035e-01 -5.947720678858819943e-03 -3.315102053543903665e-02
1.027793249354075483e-01 -5.350541237486988733e-03 -3.272896358777149795e-02
1.019870185834265280e-01 -4.769028464271066713e-03 -3.230432801851082503e-02
1.012008199710690004e-01 -4.202979562627756800e-03 -3.187739267865599690e-02
1.004206820149269735e-01 -3.652190610846024407e-03 -3.144842901267203006e-02
9.964655799454937013e-02 -3.116456692811185678e-03 -3.101770115577257361e-02
9.887840154964429307e-02 -2.595572025213228624e-03 -3.058546603170213610e-02
9.811616667730252428e-02 -2.089330081285600133e-03 -3.015197345095531681e-02
9.735980772924253401e-02 -1.597523711121904199e-03 -2.971746620937340197e-02
9.660927940907688971e-02 -1.119945258618041924e-03 -2.928218018705959144e-02
9.586453676959928727e-02 -6.563866750868135045e-04 -2.884634444755599866e-02
9.512553521009298185e-02 -2.066396295931801329e-04 -2.841018133722725270e-02
9.439223047365967456e-02 2.295043839423999577e-04 -2.797390658479722084e-02
9.366457864456911864e-02 6.522539428246067889e-04 -2.753772940098639377e-02
9.294253614562925092e-02 1.061817594799909685e-03 -2.710185257819998014e-02
9.222605973557605752e-02 1.458403760361652373e-03 -2.666647259021695179e-02
9.151510650648449208e-02 1.842220638094927473e-03 -2.623177969183363920e-02
9.080963388119846214e-02 2.213476113014274833e-03 -2.579795801841471004e-02
9.010959961078107705e-02 2.572377667845455844e-03 -2.536518568530787832e-02
8.941496177198468565e-02 2.919132297204022741e-03 -2.493363488707888570e-02
8.872567876473969051e-02 3.253946424622932484e-03 -2.450347199652475050e-02
8.804170930966385977e-02 3.577025822381080071e-03 -2.407485766342584363e-02
8.736301244558976331e-02 3.888575534086037566e-03 -2.364794691299678883e-02
8.668954752711185985e-02 4.188799799962961319e-03 -2.322288924399930343e-02
8.602127422215236074e-02 4.477901984802792543e-03 -2.279982872648041864e-02
8.535815250954575939e-02 4.756084508522671721e-03 -2.237890409910107958e-02
8.470014267664230379e-02 5.023548779291632169e-03 -2.196024886602146106e-02
8.404720531692937147e-02 5.280495129175280349e-03 -2.154399139331037230e-02
8.339930132767173210e-02 5.527122752252538671e-03 -2.113025500484758817e-02
8.275639190756978181e-02 5.763629645158873521e-03 -2.071915807768914472e-02
8.211843855443567985e-02 5.990212550009639363e-03 -2.031081413686636195e-02
8.148540306288781787e-02 6.207066899658297311e-03 -1.990533194959138302e-02
8.085724752206251142e-02 6.414386765243931809e-03 -1.950281561884199821e-02
8.023393431334380210e-02 6.612364805983125642e-03 -1.910336467630085674e-02
7.961542610811048193e-02 6.801192221161410541e-03 -1.870707417462430869e-02
7.900168586550061767e-02 6.981058704280040592e-03 -1.831403477901765581e-02
7.839267683019336685e-02 7.152152399313735018e-03 -1.792433285809462776e-02
7.778836253020750269e-02 7.314659859036055228e-03 -1.753805057399937181e-02
7.718870677471757757e-02 7.468766005368594404e-03 -1.715526597177159662e-02
7.659367365188626819e-02 7.614654091711393034e-03 -1.677605306793448353e-02
7.600322752671377635e-02 7.752505667211654662e-03 -1.640048193828791759e-02
7.541733303890395257e-02 7.882500542928608939e-03 -1.602861880488934757e-02
7.483595510074617096e-02 8.004816759852800140e-03 -1.566052612220547591e-02
7.425905889501460688e-02 8.119630558737994316e-03 -1.529626266242016704e-02
7.368660987288268294e-02 8.227116351705069178e-03 -1.493588359988258507e-02
7.311857375185422392e-02 8.327446695576928154e-03 -1.457944059468297554e-02
7.255491651371030748e-02 8.420792266904340503e-03 -1.422698187534229830e-02
7.199560440247201876e-02 8.507321838643010919e-03 -1.387855232060387217e-02
7.144060392237895629e-02 8.587202258442236738e-03 -1.353419354031569315e-02
7.088988183588312841e-02 8.660598428506601984e-03 -1.319394395539257546e-02
7.034340516165848989e-02 8.727673286991914636e-03 -1.285783887684868905e-02
6.980114117262584128e-02 8.788587790897511159e-03 -1.252591058389108947e-02
6.926305739399278572e-02 8.843500900417368069e-03 -1.219818840106597427e-02
6.872912160130903447e-02 8.892569564712751728e-03 -1.187469877445019098e-02
6.819930181853642304e-02 8.935948709069940765e-03 -1.155546534688064834e-02
6.767356631613398454e-02 8.973791223406683837e-03 -1.124050903221579176e-02
6.715188360915788635e-02 9.006247952091674808e-03 -1.092984808862327607e-02
6.663422245537560518e-02 9.033467685041898093e-03 -1.062349819088862640e-02
6.612055185339520136e-02 9.055597150062860007e-03 -1.032147250174106183e-02
6.561084104080849855e-02 9.072781006397568487e-03 -1.002378174219209495e-02
6.510505949234902945e-02 9.085161839450330012e-03 -9.730434260884162842e-03
6.460317691806369278e-02 9.092880156652013643e-03 -9.441436102446302409e-03
6.410516326149894029e-02 9.096074384433890103e-03 -9.156791074855109153e-03
6.361098869790081378e-02 9.094880866277691572e-03 -8.876500815799298616e-03
6.312062363242861018e-02 9.089433861809848372e-03 -8.600564858046680361e-03
6.263403869838274352e-02 9.079865546908618551e-03 -8.328980693813410954e-03
6.215120475544582551e-02 9.066306014792992890e-03 -8.061743838135073184e-03
6.167209288793783911e-02 9.048883278062998595e-03 -7.798847891240506119e-03
6.119667440308414197e-02 9.027723271661338908e-03 -7.540284599928706068e-03
6.072492082929727142e-02 9.002949856726859268e-03 -7.286043917950710096e-03
6.025680391447189865e-02 8.974684825310814615e-03 -7.036114065397953109e-03
5.979229562429277250e-02 8.943047905927349606e-03 -6.790481587099274699e-03
5.933136814055584712e-02 8.908156769910123909e-03 -6.549131410029347851e-03
5.887399385950243397e-02 8.870127038547427623e-03 -6.312046899731452512e-03
5.842014539016594094e-02 8.829072290968728587e-03 -6.079209915757853577e-03
5.796979555273148316e-02 8.785104072755890031e-03 -5.850600866131650847e-03
5.752291737690830298e-02 8.738331905252970030e-03 -5.626198760834223538e-03
5.707948410031452730e-02 8.688863295548788362e-03 -5.405981264322545429e-03
5.663946916687435246e-02 8.636803747107034412e-03 -5.189924747081106453e-03
5.620284622522773998e-02 8.582256771019175501e-03 -4.978004336213716872e-03
5.576958912715236638e-02 8.525323897855752869e-03 -4.770193965080364411e-03
5.533967192599752172e-02 8.466104690092280532e-03 -4.566466421984747420e-03
5.491306887513031781e-02 8.404696755086210266e-03 -4.366793397918556502e-03
5.448975442639387989e-02 8.341195758582201428e-03 -4.171145533368668043e-03
5.406970322857709843e-02 8.275695438722975930e-03 -3.979492464193469525e-03
5.365289012589664203e-02 8.208287620543833207e-03 -3.791802866575415092e-03
5.323929015649028068e-02 8.139062230929194897e-03 -3.608044501056345207e-03
5.282887855092216478e-02 8.068107314009960104e-03 -3.428184255662993299e-03
5.242163073069922713e-02 7.995509046980963860e-03 -3.252188188129817321e-03
5.201752230679936723e-02 7.921351756318232087e-03 -3.080021567226923045e-03
5.161652907821089736e-02 7.845717934376234687e-03 -2.911648913200756521e-03
5.121862703048311871e-02 7.768688256345518753e-03 -2.747034037335397121e-03
5.082379233428811760e-02 7.690341597551891492e-03 -2.586140080642733170e-03
5.043200134399381668e-02 7.610755051078481152e-03 -2.428929551689752286e-03
5.004323059624787157e-02 7.530003945692417995e-03 -2.275364363571319090e-03
4.965745680857241301e-02 7.448161864058500115e-03 -2.125405870037033219e-03
4.927465687796980104e-02 7.365300661222364161e-03 -1.979014900780974844e-03
4.889480787953907198e-02 7.281490483346251749e-03 -1.836151795903124282e-03
4.851788706510292565e-02 7.196799786680776329e-03 -1.696776439551377818e-03
4.814387186184546780e-02 7.111295356756575786e-03 -1.560848292753361797e-03
4.777273987096042340e-02 7.025042327779995426e-03 -1.428326425447189359e-03
4.740446886630957091e-02 6.938104202217420385e-03 -1.299169547720338460e-03
4.703903679309184849e-02 6.850542870553340616e-03 -1.173336040266286483e-03
4.667642176652244540e-02 6.762418631207325198e-03 -1.050783984068095686e-03
4.631660207052227390e-02 6.673790210595863422e-03 -9.314711893187022215e-04
4.595955615641732217e-02 6.584714783324917275e-03 -8.153552235873497275e-04
4.560526264164822818e-02 6.495247992499883494e-03 -7.023934392420010022e-04
4.525370030848979014e-02 6.405443970139682378e-03 -5.925430001373862589e-04
4.490484810278017741e-02 6.315355357682087868e-03 -4.857609075784170534e-04
4.455868513266013353e-02 6.225033326567936363e-03 -3.820040255689249853e-04
4.421519066732171321e-02 6.134527598891987947e-03 -2.812291053554527424e-04
4.387434413576697667e-02 6.043886468108757536e-03 -1.833928092761576926e-04
4.353612512557580860e-02 5.953156819781674214e-03 -8.845173392454191931e-05
4.320051338168359734e-02 5.862384152364618316e-03 3.637567361844611058e-06
4.286748880516823290e-02 5.771612598004962139e-03 9.291856267785661297e-05
4.253703145204633385e-02 5.680884943357524669e-03 1.794347203824271490e-04
4.220912153207891787e-02 5.590242650399482142e-03 2.632294885753883951e-04
4.188373940758624570e-02 5.499725877236186916e-03 3.443462752095114701e-04
4.156086559227172017e-02 5.409373498888379699e-03 4.228284288278255014e-04
4.124048075005485453e-02 5.319223128051616713e-03 4.987192199161844452e-04
4.092256569391339305e-02 5.229311135818854803e-03 5.720618228611405644e-04
4.060710138473423714e-02 5.139672672357611070e-03 6.428992985032208922e-04
4.029406893017314223e-02 5.050341687533178685e-03 7.112745772756939562e-04
3.998344958352338663e-02 4.961350951469985920e-03 7.772304429188885882e-04
3.967522474259309317e-02 4.872732075043113495e-03 8.408095167602331081e-04
3.936937594859112044e-02 4.784515530292462321e-03 9.020542425502301245e-04
3.906588488502164835e-02 4.696730670752349152e-03 9.610068718445078642e-04
3.876473337658731255e-02 4.609405751689422091e-03 1.017709449922223281e-03
3.846590338810058907e-02 4.522567950242132283e-03 1.072203802231180012e-03
3.816937702340385957e-02 4.436243385455336356e-03 1.124531521349867152e-03
3.787513652429755351e-02 4.350457138203660604e-03 1.174733954456954081e-03
3.758316426947676953e-02 4.265233270997679377e-03 1.222852191298581977e-03
3.729344277347582809e-02 4.180594847667050418e-03 1.268927052644032352e-03
3.700595468562122015e-02 4.096563952915147078e-03 1.312999079220272510e-03
3.672068278899253552e-02 4.013161711739831466e-03 1.355108521116024948e-03
3.643760999939128775e-02 3.930408308715218138e-03 1.395295327646074507e-03
3.615671936431787137e-02 3.848323007129682543e-03 1.433599137666514717e-03
3.587799406195624208e-02 3.766924167975316869e-03 1.470059270331807409e-03
3.560141740016661838e-02 3.686229268784551542e-03 1.504714716284489065e-03
3.532697281548573265e-02 3.606254922309532710e-03 1.537604129268575585e-03
3.505464387213489547e-02 3.527016895040349567e-03 1.568765818157619521e-03
3.478441426103577594e-02 3.448530125558281218e-03 1.598237739388595237e-03
3.451626779883359281e-02 3.370808742720303539e-03 1.626057489792800265e-03
3.425018842692798687e-02 3.293866083671570435e-03 1.652262299815039377e-03
3.398616021051135971e-02 3.217714711682521499e-03 1.676889027112456144e-03
3.372416733761444269e-02 3.142366433807490533e-03 1.699974150524488203e-03
3.346419411815950568e-02 3.067832318362072753e-03 1.721553764405423957e-03
3.320622498302062270e-02 2.994122712216351970e-03 1.741663573311229719e-03
3.295024448309135517e-02 2.921247257901572573e-03 1.760338887032329063e-03
3.269623728835945736e-02 2.849214910527745302e-03 1.777614615964135877e-03
3.244418818698884682e-02 2.778033954510073476e-03 1.793525266807236918e-03
3.219408208440864561e-02 2.707712020102074225e-03 1.808104938589178215e-03
3.194590400240911870e-02 2.638256099733447477e-03 1.821387318999964731e-03
3.169963907824474569e-02 2.569672564151028685e-03 1.833405681033407810e-03
3.145527256374404390e-02 2.501967178361087524e-03 1.844192879926591800e-03
3.121278982442646927e-02 2.435145117371644193e-03 1.853781350389815128e-03
3.097217633862586056e-02 2.369210981733295418e-03 1.862203104119455237e-03
3.073341769662083292e-02 2.304168812877511064e-03 1.869489727586312600e-03
3.049649959977186395e-02 2.240022108251262054e-03 1.875672380092062311e-03
3.026140785966487806e-02 2.176773836247010343e-03 1.880781792086572103e-03
3.002812839726161365e-02 2.114426450927342754e-03 1.884848263738921493e-03
2.979664724205647805e-02 2.052981906543488010e-03 1.887901663755060452e-03
2.956695053123983494e-02 1.992441671847142333e-03 1.889971428435138767e-03
2.933902450886780380e-02 1.932806744195196807e-03 1.891086560963670853e-03
2.911285552503848489e-02 1.874077663446990956e-03 1.891275630925725931e-03
2.888843003507452628e-02 1.816254525653871127e-03 1.890566774042534920e-03
2.866573459871187696e-02 1.759336996540864602e-03 1.888987692119896292e-03
2.844475587929494800e-02 1.703324324780551178e-03 1.886565653202958723e-03
2.822548064297792855e-02 1.648215355059115322e-03 1.883327491930993081e-03
2.800789575793219410e-02 1.594008540934751259e-03 1.879299610085892469e-03
2.779198819355989045e-02 1.540701957488732838e-03 1.874507977328237519e-03
2.757774501971362729e-02 1.488293313769462360e-03 1.868978132114861024e-03
2.736515340592200404e-02 1.436779965029901700e-03 1.862735182791942085e-03
2.715420062062132850e-02 1.386158924758999376e-03 1.855803808857762723e-03
2.694487403039311224e-02 1.336426876507615987e-03 1.848208262389363548e-03
2.673716109920752995e-02 1.287580185509708914e-03 1.839972369627420733e-03
2.653104938767259294e-02 1.239614910099453259e-03 1.831119532713766087e-03
2.632652655228924152e-02 1.192526812925219937e-03 1.821672731576104041e-03
2.612358034471213772e-02 1.146311371961250113e-03 1.811654525954510845e-03
2.592219861101608541e-02 1.100963791317991977e-03 1.801087057564463873e-03
2.572236929096822361e-02 1.056479011852189944e-03 1.789992052391208358e-03
2.552408041730569802e-02 1.012851721577743246e-03 1.778390823110367761e-03
2.532732011501907451e-02 9.700763658785971138e-04 1.766304271629822592e-03
2.513207660064108173e-02 9.281471575247548936e-04 1.753752891747941680e-03
2.493833818154096715e-02 8.870580864927985225e-04 1.740756771923378287e-03
2.474609325522428641e-02 8.468029295921847104e-04 1.727335598151718459e-03
2.455533030863798691e-02 8.073752598986876821e-04 1.713508656944353822e-03
2.436603791748096978e-02 7.687684559964498782e-04 1.699294838405081319e-03
2.417820474551994267e-02 7.309757110301020114e-04 1.684712639399979896e-03
2.399181954391046284e-02 6.939900415684366417e-04 1.669780166816217572e-03
2.380687115052328162e-02 6.578042962812417340e-04 1.654515140905562240e-03
2.362334848927590686e-02 6.224111644308802762e-04 1.638934898708419192e-03
2.344124056946929671e-02 5.878031841802464899e-04 1.623056397554334829e-03
2.326053648512959107e-02 5.539727507187693903e-04 1.606896218634957380e-03
2.308122541435501940e-02 5.209121242082029703e-04 1.590470570645606801e-03
2.290329661866783231e-02 4.886134375499298198e-04 1.573795293491592586e-03
2.272673944237113552e-02 4.570687039755342608e-04 1.556885862055586026e-03
2.255154331191081343e-02 4.262698244624979005e-04 1.539757390022409439e-03
2.237769773524223710e-02 3.962085949767933635e-04 1.522424633757658418e-03
2.220519230120200985e-02 3.668767135442906318e-04 1.504901996236728207e-03
2.203401667888439663e-02 3.382657871528025489e-04 1.487203531020806846e-03
2.186416061702265226e-02 3.103673384867157935e-04 1.469342946276566871e-03
2.169561394337513396e-02 2.831728124961210478e-04 1.451333608836294928e-03
2.152836656411605265e-02 2.566735828023722940e-04 1.433188548295338122e-03
2.136240846323101891e-02 2.308609579420602522e-04 1.414920461143766902e-03
2.119772970191722422e-02 2.057261874513719585e-04 1.396541714929291174e-03
2.103432041798818444e-02 1.812604677928177023e-04 1.378064352448481016e-03
2.087217082528313589e-02 1.574549481263506651e-04 1.359500095963480466e-03
2.071127121308098673e-02 1.343007359268986154e-04 1.340860351441426667e-03
2.055161194551877180e-02 1.117889024503288155e-04 1.322156212813895091e-03
2.039318346101454821e-02 8.991048804988370795e-05 1.303398466253732554e-03
2.023597627169479440e-02 6.865650734515601388e-05 1.284597594466752252e-03
2.007998096282623268e-02 4.801795424564824275e-05 1.265763780995793038e-03
1.992518819225196081e-02 2.798580683096456491e-05 1.246906914534748161e-03
1.977158868983198634e-02 8.551032089728596348e-06 1.228036593250207481e-03
1.961917325688811164e-02 -1.029540948071144268e-05 1.209162129108472131e-03
1.946793276565295452e-02 -2.856255941174197816e-05 1.190292552205689074e-03
1.931785815872339926e-02 -4.625945693598308169e-05 1.171436615099017602e-03
1.916894044851811391e-02 -6.339513479280229832e-05 1.152602797136712074e-03
1.902117071673935580e-02 -7.997861516473253423e-05 1.133799308785139390e-03
1.887454011383882940e-02 -9.601890574274560383e-05 1.115034095950756662e-03
1.872903985848772476e-02 -1.115249959182932938e-04 1.096314844295185557e-03
1.858466123705086043e-02 -1.265058531000511142e-04 1.077648983541550781e-03
1.844139560306479533e-02 -1.409704191533157078e-04 1.059043691770303981e-03
1.829923437672005201e-02 -1.549276069599749451e-04 1.040505899702846241e-03
1.815816904434724641e-02 -1.683862970970215417e-04 1.022042294971281908e-03
1.801819115790732201e-02 -1.813553346315361183e-04 1.003659326372737057e-03
1.787929233448547900e-02 -1.938435260301394443e-04 9.853632081066592430e-04
1.774146425578928404e-02 -2.058596361808396117e-04 9.671599239936794082e-04
1.760469866765042996e-02 -2.174123855252886931e-04 9.490552316745539708e-04
1.746898737953039155e-02 -2.285104472994226997e-04 9.310546667878321497e-04
1.733432226402999848e-02 -2.391624448804707717e-04 9.131635471249475999e-04
1.720069525640266148e-02 -2.493769492383686188e-04 8.953869767614216048e-04
1.706809835407136280e-02 -2.591624764895777305e-04 8.777298501629793477e-04
1.693652361614943896e-02 -2.685274855513457249e-04 8.601968562654113606e-04
1.680596316296504786e-02 -2.774803758944554611e-04 8.427924825270480258e-04
1.667640917558924421e-02 -2.860294853925245497e-04 8.255210189527593511e-04
1.654785389536767709e-02 -2.941830882659216429e-04 8.083865620884594580e-04
1.642028962345604137e-02 -3.019493931183826600e-04 7.913930189851472660e-04
1.629370872035896742e-02 -3.093365410644357757e-04 7.745441111315015193e-04
1.616810360547245654e-02 -3.163526039457505569e-04 7.578433783541636609e-04
1.604346675663000446e-02 -3.230055826345266858e-04 7.412941826848548545e-04
1.591979070965205204e-02 -3.293034054220923563e-04 7.248997121934879807e-04
1.579706805789896779e-02 -3.352539264908605226e-04 7.086629847865248818e-04
1.567529145182749648e-02 -3.408649244678243627e-04 6.925868519698373700e-04
1.555445359855065629e-02 -3.461441010577919614e-04 6.766740025753900352e-04
1.543454726140094067e-02 -3.510990797545752388e-04 6.609269664510631064e-04
1.531556525949690634e-02 -3.557374046283637596e-04 6.453481181130195973e-04
1.519750046731320470e-02 -3.600665391875285332e-04 6.299396803600411333e-04
1.508034581425381389e-02 -3.640938653131328456e-04 6.147037278492606524e-04
1.496409428422856673e-02 -3.678266822644303611e-04 5.996421906327982325e-04
1.484873891523301286e-02 -3.712722057536572409e-04 5.847568576548266847e-04
1.473427279893149699e-02 -3.744375670884409640e-04 5.700493802086156660e-04
1.462068908024341703e-02 -3.773298123801749901e-04 5.555212753531410140e-04
1.450798095693265136e-02 -3.799559018167169688e-04 5.411739292888796161e-04
1.439614167920026666e-02 -3.823227089977896667e-04 5.270086006924572892e-04
1.428516454928024752e-02 -3.844370203314976674e-04 5.130264240098076018e-04
1.417504292103835550e-02 -3.863055344903723533e-04 4.992284127075603990e-04
1.406577019957417837e-02 -3.879348619253875519e-04 4.856154624824162466e-04
1.395733984082614051e-02 -3.893315244364148981e-04 4.721883544282433863e-04
1.384974535117957338e-02 -3.905019547975942533e-04 4.589477581607112090e-04
1.374298028707785814e-02 -3.914524964361259639e-04 4.458942348992790206e-04
1.363703825463655206e-02 -3.921894031630040480e-04 4.330282405063841920e-04
1.353191290926046043e-02 -3.927188389542394836e-04 4.203501284836933015e-04
1.342759795526363674e-02 -3.930468777811347019e-04 4.078601529253139744e-04
1.332408714549241681e-02 -3.931795034881927181e-04 3.955584714279043192e-04
1.322137428095126153e-02 -3.931226097172683541e-04 3.834451479575900807e-04
1.311945321043148441e-02 -3.928819998765904135e-04 3.715201556736714029e-04
1.301831783014294197e-02 -3.924633871532947878e-04 3.597833797091128604e-04
1.291796208334840962e-02 -3.918723945681434895e-04 3.482346199077922537e-04
1.281837996000094980e-02 -3.911145550711134450e-04 3.368735935185739267e-04
1.271956549638389097e-02 -3.901953116765643592e-04 3.256999378462104543e-04
1.262151277475376081e-02 -3.891200176367193026e-04 3.147132128591769470e-04
1.252421592298584747e-02 -3.878939366522016490e-04 3.039129037544900679e-04
1.242766911422250528e-02 -3.865222431184071709e-04 2.932984234796246815e-04
1.233186656652426362e-02 -3.850100224064951994e-04 2.828691152116565586e-04
1.223680254252352759e-02 -3.833622711778184749e-04 2.726242547937437859e-04
1.214247134908096049e-02 -3.815838977306159284e-04 2.625630531291107570e-04
1.204886733694455862e-02 -3.796797223778288952e-04 2.526846585327024173e-04
1.195598490041135595e-02 -3.776544778549099923e-04 2.429881590406859470e-04
1.186381847699168567e-02 -3.755128097565176904e-04 2.334725846779899189e-04
1.177236254707603180e-02 -3.732592770010103710e-04 2.241369096840954093e-04
1.168161163360453142e-02 -3.708983523216765384e-04 2.149800546973093225e-04
1.159156030173894014e-02 -3.684344227836490221e-04 2.060008888977380153e-04
1.150220315853712170e-02 -3.658717903254806044e-04 1.971982321092186638e-04
1.141353485263014132e-02 -3.632146723243721148e-04 1.885708568604742763e-04
1.132555007390175124e-02 -3.604672021840664756e-04 1.801174904057483827e-04
1.123824355317036561e-02 -3.576334299444367112e-04 1.718368167052080188e-04
1.115161006187351950e-02 -3.547173229118255871e-04 1.637274783654118300e-04
1.106564441175477212e-02 -3.517227663092018625e-04 1.557880785401404488e-04
1.098034145455296061e-02 -3.486535639452226980e-04 1.480171827918959750e-04
1.089569608169386680e-02 -3.455134389013111117e-04 1.404133209143967399e-04
1.081170322398433692e-02 -3.423060342358795515e-04 1.329749887164021307e-04
1.072835785130865985e-02 -3.390349137048352017e-04 1.257006497671908098e-04
1.064565497232730987e-02 -3.357035624975379900e-04 1.185887371040446277e-04
1.056358963417808848e-02 -3.323153879873938055e-04 1.116376549020996206e-04
1.048215692217943987e-02 -3.288737204962757397e-04 1.048457801069029071e-04
1.040135195953618800e-02 -3.253818140719996104e-04 9.821146403006584917e-05
1.032116990704741791e-02 -3.218428472780815973e-04 9.173303390836230785e-05
1.024160596281671956e-02 -3.182599239950374822e-04 8.540879442667268591e-05
1.016265536196459679e-02 -3.146360742324880774e-04 7.923702920513928398e-05
1.008431337634307749e-02 -3.109742549513611781e-04 7.321600225093030255e-05
1.000657531425261718e-02 -3.072773508954968012e-04 6.734395937501134078e-05
9.929436520161092836e-03 -3.035481754319700591e-04 6.161912957431078829e-05
9.852892374424975647e-03 -2.997894713994749146e-04 5.603972637968903324e-05
9.776938293012698081e-03 -2.960039119641216018e-04 5.060394917011939054e-05
9.701569727230142590e-03 -2.921941014820193089e-04 4.530998445348803763e-05
9.626782163448210222e-03 -2.883625763680254246e-04 4.015600711442368750e-05
9.552571122832486522e-03 -2.845118059700668775e-04 3.514018162957558897e-05
9.478932161075074095e-03 -2.806441934484562336e-04 3.026066325076431945e-05
9.405860868128399291e-03 -2.767620766596246159e-04 2.551559915641567975e-05
9.333352867941088413e-03 -2.728677290437268518e-04 2.090312957170718404e-05
9.261403818195946408e-03 -2.689633605155850970e-04 1.642138885785707171e-05
9.190009410049854166e-03 -2.650511183584381022e-04 1.206850657096959825e-05
9.119165367875773504e-03 -2.611330881200016199e-04 7.842608490880948334e-06
9.048867449006639530e-03 -2.572112945103353638e-04 3.741817620418739076e-06
8.979111443481320801e-03 -2.532877023010474929e-04 -2.357448444792856664e-07
8.909893173792487672e-03 -2.493642172253649402e-04 -4.091958573368869640e-06
8.841208494636390580e-03 -2.454426868786193706e-04 -7.828703188188801342e-06
8.773053292664674888e-03 -2.415249016187177421e-04 -1.144785737800132930e-05
8.705423486237999844e-03 -2.376125954661633852e-04 -1.495129804115993283e-05
8.638315025181600437e-03 -2.337074470032222961e-04 -1.834089945446867344e-05
8.571723890542740087e-03 -2.298110802718375295e-04 -2.161853246890125854e-05
8.505646094350042055e-03 -2.259250656699041148e-04 -2.478606373145146135e-05
8.440077679374647507e-03 -2.220509208455300398e-04 -2.784535493268680971e-05
8.375014718893200247e-03 -2.181901115889248372e-04 -3.079826207957590844e-05
8.310453316452736175e-03 -2.143440527215698056e-04 -3.364663479315851139e-05
8.246389605637307468e-03 -2.105141089823282319e-04 -3.639231563063907688e-05
8.182819749836414344e-03 -2.067015959101720633e-04 -3.903713943147545204e-05
8.119739942015279099e-03 -2.029077807232164367e-04 -4.158293268703735341e-05
8.057146404486835792e-03 -1.991338831937537193e-04 -4.403151293341924188e-05
7.995035388685482400e-03 -1.953810765189983097e-04 -4.638468816698507516e-05
7.933403174942591993e-03 -1.916504881872639122e-04 -4.864425628222657103e-05
7.872246072263779440e-03 -1.879432008393038325e-04 -5.081200453152207670e-05
7.811560418107830854e-03 -1.842602531245507804e-04 -5.288970900638347825e-05
7.751342578167353010e-03 -1.806026405520122871e-04 -5.487913413978077267e-05
7.691588946151157492e-03 -1.769713163355847039e-04 -5.678203222913369506e-05
7.632295943568272872e-03 -1.733671922335500507e-04 -5.860014297956995074e-05
7.573460019513616158e-03 -1.697911393820431805e-04 -6.033519306704602435e-05
7.515077650455386817e-03 -1.662439891222802844e-04 -6.198889572092838125e-05
7.457145340023996032e-03 -1.627265338213409996e-04 -6.356295032564461957e-05
7.399659618802734151e-03 -1.592395276863251214e-04 -6.505904204100494280e-05
7.342617044119938673e-03 -1.557836875716888975e-04 -6.647884144080958978e-05
7.286014199842874399e-03 -1.523596937796003342e-04 -6.782400416935051323e-05
7.229847696173122805e-03 -1.489681908531389034e-04 -6.909617061542763295e-05
7.174114169443563012e-03 -1.456097883621873480e-04 -7.029696560349792274e-05
7.118810281916963453e-03 -1.422850616818713862e-04 -7.142799810158002882e-05
7.063932721586080148e-03 -1.389945527633998086e-04 -7.249086094554339202e-05
7.009478201975289334e-03 -1.357387708971772504e-04 -7.348713057941167316e-05
6.955443461943789166e-03 -1.325181934680659838e-04 -7.441836681131407528e-05
6.901825265490303674e-03 -1.293332667026781204e-04 -7.528611258472341506e-05
6.848620401559280327e-03 -1.261844064085881217e-04 -7.609189376462396990e-05
6.795825683848566445e-03 -1.230719987053623750e-04 -7.683721893825294017e-05
6.743437950618627781e-03 -1.199964007473159684e-04 -7.752357923006619679e-05
6.691454064503180900e-03 -1.169579414379001426e-04 -7.815244813058248060e-05
6.639870912321287066e-03 -1.139569221356424806e-04 -7.872528133876359490e-05
6.588685404890953605e-03 -1.109936173515668799e-04 -7.924351661759105952e-05
6.537894476844084875e-03 -1.080682754380163851e-04 -7.970857366250758266e-05
6.487495086442947659e-03 -1.051811192688256996e-04 -8.012185398239047326e-05
6.437484215397967953e-03 -1.023323469107759528e-04 -8.048474079273376615e-05
6.387858868687010944e-03 -9.952213228629084912e-05 -8.079859892071543912e-05
6.338616074376000192e-03 -9.675062582731987833e-05 -8.106477472183295889e-05
6.289752883440921129e-03 -9.401795512037278417e-05 -8.128459600779429557e-05
6.241266369591240079e-03 -9.132422554267297977e-05 -8.145937198535414792e-05
6.193153629094645153e-03 -8.866952088939490477e-05 -8.159039320579192461e-05
6.145411780603136746e-03 -8.605390399196487315e-05 -8.167893152473043920e-05
6.098037964980479800e-03 -8.347741732740576054e-05 -8.172624007199827455e-05
6.051029345130990063e-03 -8.094008361871149069e-05 -8.173355323124545390e-05
6.004383105829617061e-03 -7.844190642623902893e-05 -8.170208662902353274e-05
5.958096453553330708e-03 -7.598287073011406067e-05 -8.163303713304703995e-05
5.912166616313857537e-03 -7.356294350365253721e-05 -8.152758285935770958e-05
5.866590843491655514e-03 -7.118207427779597429e-05 -8.138688318811614303e-05
5.821366405671174298e-03 -6.884019569657096624e-05 -8.121207878775088096e-05
5.776490594477423461e-03 -6.653722406358646808e-05 -8.100429164719836106e-05
5.731960722413765447e-03 -6.427305987958013486e-05 -8.076462511597274003e-05
5.687774122700953172e-03 -6.204758837103467053e-05 -8.049416395180673985e-05
5.643928149117436593e-03 -5.986068000988862815e-05 -8.019397437561152290e-05
5.600420175840896582e-03 -5.771219102436630697e-05 -7.986510413350594471e-05
5.557247597290980966e-03 -5.560196390095577555e-05 -7.950858256567046626e-05
5.514407827973247939e-03 -5.352982787756856381e-05 -7.912542068178514160e-05
5.471898302324357602e-03 -5.149559942791996685e-05 -7.871661124281604280e-05
5.429716474558411894e-03 -4.949908273716409959e-05 -7.828312884891708658e-05
5.387859818514479336e-03 -4.754007016882880491e-05 -7.782593003322002751e-05
5.346325827505345359e-03 -4.561834272309688026e-05 -7.734595336128889242e-05
5.305112014167351168e-03 -4.373367048647607583e-05 -7.684411953601873613e-05
5.264215910311472943e-03 -4.188581307291473765e-05 -7.632133150776426321e-05
5.223635066775472215e-03 -4.007452005640916063e-05 -7.577847458948554096e-05
5.183367053277248421e-03 -3.829953139516392236e-05 -7.521641657670519849e-05
5.143409458269288664e-03 -3.656057784735808661e-05 -7.463600787207259044e-05
5.103759888794228566e-03 -3.485738137857853386e-05 -7.403808161433601516e-05
5.064415970341571045e-03 -3.318965556098395307e-05 -7.342345381152858962e-05
5.025375346705471952e-03 -3.155710596426024393e-05 -7.279292347817537608e-05
4.986635679843623783e-03 -2.995943053843436724e-05 -7.214727277633478967e-05
4.948194649737241817e-03 -2.839631998861535801e-05 -7.148726716029163962e-05
4.910049954252138776e-03 -2.686745814173063996e-05 -7.081365552472151470e-05
4.872199309000842075e-03 -2.537252230532792847e-05 -7.012717035615056061e-05
4.834640447205776174e-03 -2.391118361851623053e-05 -6.942852788753920963e-05
4.797371119563537817e-03 -2.248310739512112463e-05 -6.871842825582223158e-05
4.760389094110179138e-03 -2.108795345912740243e-05 -6.799755566223967011e-05
4.723692156087524671e-03 -1.972537647248643689e-05 -6.726657853529770118e-05
4.687278107810564746e-03 -1.839502625536909726e-05 -6.652614969620476574e-05
4.651144768535825542e-03 -1.709654809893933954e-05 -6.577690652662607901e-05
4.615289974330760887e-03 -1.582958307073087828e-05 -6.501947113860905134e-05
4.579711577944183161e-03 -1.459376831271001030e-05 -6.425445054653313131e-05
4.544407448677656100e-03 -1.338873733210323185e-05 -6.348243684094003500e-05
4.509375472257886805e-03 -1.221412028507564881e-05 -6.270400736410575940e-05
4.474613550710119549e-03 -1.106954425334394956e-05 -6.191972488721927525e-05
4.440119602232482816e-03 -9.954633513807742762e-06 -6.113013778903345779e-05
4.405891561071332077e-03 -8.869009801286367015e-06 -6.033578023586136352e-05
4.371927377397523233e-03 -7.812292564445630241e-06 -5.953717236278959830e-05
4.338225017183647975e-03 -6.784099215002403235e-06 -5.873482045598781389e-05
4.304782462082241447e-03 -5.784045370295110575e-06 -5.792921713599500294e-05
4.271597709304894575e-03 -4.811745089306052065e-06 -5.712084154186493600e-05
4.238668771502305740e-03 -3.866811102224756607e-06 -5.631015951605871560e-05
4.205993676645284826e-03 -2.948855033642026077e-06 -5.549762378997496304e-05
4.173570467906637625e-03 -2.057487619461379563e-06 -5.468367417000927894e-05
4.141397203543973997e-03 -1.192318917618213046e-06 -5.386873772403972057e-05
4.109471956783434556e-03 -3.529585126968631717e-07 -5.305322896823823115e-05
4.077792815704297733e-03 4.609842854668042730e-07 -5.223755005410840975e-05
4.046357883124464608e-03 1.249900249106617776e-06 -5.142209095565512036e-05
4.015165276486864880e-03 2.014180045680849376e-06 -5.060722965659445339e-05
3.984213127746704178e-03 2.754214056772271265e-06 -4.979333233751325166e-05
3.953499583259581333e-03 3.470392202643092542e-06 -4.898075356289159307e-05
3.923022803670505980e-03 4.163103772354335614e-06 -4.816983646790578340e-05
3.892780963803702844e-03 4.832737259362553889e-06 -4.736091294492716941e-05
3.862772252553351490e-03 5.479680202501088805e-06 -4.655430382964259920e-05
3.832994872775100613e-03 6.104319032260116776e-06 -4.575031908671570949e-05
3.803447041178433224e-03 6.707038922274739223e-06 -4.494925799491802443e-05
3.774126988219891812e-03 7.288223645931934511e-06 -4.415140933165883041e-05
3.745032957997094115e-03 7.848255438009689444e-06 -4.335705155684369260e-05
3.716163208143567678e-03 8.387514861258969491e-06 -4.256645299599589016e-05
3.687516009724421413e-03 8.906380677840747192e-06 -4.177987202257811008e-05
3.659089647132797354e-03 9.405229725531570251e-06 -4.099755723945058074e-05
3.630882417987116046e-03 9.884436798610304648e-06 -4.021974765940770138e-05
3.602892633029144195e-03 1.034437453333896168e-05 -3.944667288473652472e-05
3.575118616022820387e-03 1.078541329795269306e-05 -3.867855328574070742e-05
3.547558703653861008e-03 1.120792108707291919e-05 -3.791560017817831356e-05
3.520211245430165427e-03 1.161226342045793698e-05 -3.715801599956302867e-05
3.493074603582964951e-03 1.199880324600777949e-05 -3.640599448427948696e-05
3.466147152968730282e-03 1.236790084693863923e-05 -3.565972083746621986e-05
3.439427280971871746e-03 1.271991375304334287e-05 -3.491937190762345398e-05
3.412913387408126470e-03 1.305519665595627246e-05 -3.418511635789999858e-05
3.386603884428766517e-03 1.337410132833908522e-05 -3.345711483602271176e-05
3.360497196425487037e-03 1.367697654690739413e-05 -3.273552014282610597e-05
3.334591759936039474e-03 1.396416801921665683e-05 -3.202047739934695756e-05
3.308886023550618952e-03 1.423601831412745209e-05 -3.131212421244957859e-05
3.283378447818945112e-03 1.449286679587106466e-05 -3.061059083894660893e-05
3.258067505158058520e-03 1.473504956163642504e-05 -2.991600034818457817e-05
3.232951679760857813e-03 1.496289938260065140e-05 -2.922846878306538387e-05
3.208029467505310334e-03 1.517674564832591741e-05 -2.854810531947334892e-05
3.183299375864367085e-03 1.537691431444677192e-05 -2.787501242408261970e-05
3.158759923816596270e-03 1.556372785357135918e-05 -2.720928601052009386e-05
3.134409641757478649e-03 1.573750520932262748e-05 -2.655101559385892075e-05
3.110247071411391135e-03 1.589856175344520579e-05 -2.590028444342177795e-05
3.086270765744289057e-03 1.604720924590443451e-05 -2.525716973387333457e-05
3.062479288877038072e-03 1.618375579790554388e-05 -2.462174269458193129e-05
3.038871215999417418e-03 1.630850583776147892e-05 -2.399406875723327247e-05
3.015445133284805779e-03 1.642176007953808760e-05 -2.337420770168039240e-05
2.992199637805506834e-03 1.652381549440750730e-05 -2.276221380001366309e-05
2.969133337448711871e-03 1.661496528464033321e-05 -2.215813595883742322e-05
2.946244850833164113e-03 1.669549886016824378e-05 -2.156201785974234906e-05
2.923532807226401128e-03 1.676570181765034721e-05 -2.097389809795940482e-05
2.900995846462684630e-03 1.682585592197620780e-05 -2.039381031918822358e-05
2.878632618861536995e-03 1.687623909014040885e-05 -1.982178335458915808e-05
2.856441785146903584e-03 1.691712537742379963e-05 -1.925784135393185574e-05
2.834422016366963410e-03 1.694878496581769239e-05 -1.870200391689437453e-05
2.812571993814532226e-03 1.697148415462800374e-05 -1.815428622250616844e-05
2.790890408948083594e-03 1.698548535319758141e-05 -1.761469915673093099e-05
2.769375963313397068e-03 1.699104707568520160e-05 -1.708324943818647786e-05
2.748027368465789239e-03 1.698842393784139569e-05 -1.655993974199790444e-05
2.726843345892945858e-03 1.697786665572151575e-05 -1.604476882178316791e-05
2.705822626938369363e-03 1.695962204627762091e-05 -1.553773162977093781e-05
2.684963952725394950e-03 1.693393302977183680e-05 -1.503881943504994466e-05
2.664266074081791252e-03 1.690103863395418633e-05 -1.454801993995144066e-05
2.643727751464968606e-03 1.686117399994955680e-05 -1.406531739456751888e-05
2.623347754887736354e-03 1.681457038979851571e-05 -1.359069270940676796e-05
2.603124863844629138e-03 1.676145519559825995e-05 -1.312412356619141800e-05
2.583057867238843820e-03 1.670205195019063674e-05 -1.266558452680148322e-05
2.563145563309681199e-03 1.663658033934484916e-05 -1.221504714036869168e-05
2.543386759560594020e-03 1.656525621538367852e-05 -1.177248004852839777e-05
2.523780272687766238e-03 1.648829161220282863e-05 -1.133784908883436841e-05
2.504324928509239160e-03 1.640589476163361693e-05 -1.091111739634426936e-05
2.485019561894607001e-03 1.631827011110073149e-05 -1.049224550338406474e-05
2.465863016695235034e-03 1.622561834252686123e-05 -1.008119143749892220e-05
2.446854145675011159e-03 1.612813639243747355e-05 -9.677910817600146430e-06
2.427991810441656496e-03 1.602601747321969126e-05 -9.282356948318145950e-06
2.409274881378542944e-03 1.591945109549001698e-05 -8.894480912570825173e-06
2.390702237577035927e-03 1.580862309152642901e-05 -8.514231662358501211e-06
2.372272766769380550e-03 1.569371563972168717e-05 -8.141556107796997255e-06
2.353985365262082144e-03 1.557490729001478552e-05 -7.776399204399766374e-06
2.335838937869805058e-03 1.545237299025896944e-05 -7.418704038621729219e-06
2.317832397849795781e-03 1.532628411348541212e-05 -7.068411911677739503e-06
2.299964666836794378e-03 1.519680848602211137e-05 -6.725462421648021894e-06
2.282234674778451603e-03 1.506411041642891800e-05 -6.389793543884509264e-06
2.264641359871249950e-03 1.492835072521002347e-05 -6.061341709731984159e-06
2.247183668496913027e-03 1.478968677526632413e-05 -5.740041883578013260e-06
2.229860555159311492e-03 1.464827250305064484e-05 -5.425827638246504682e-06
2.212670982421848214e-03 1.450425845038970465e-05 -5.118631228749547704e-06
2.195613920845322208e-03 1.435779179693746248e-05 -4.818383664412856916e-06
2.178688348926290010e-03 1.420901639322552961e-05 -4.525014779390776337e-06
2.161893253035885448e-03 1.405807279427646765e-05 -4.238453301585991854e-06
2.145227627359108224e-03 1.390509829374718017e-05 -3.958626919990411504e-06
2.128690473834602120e-03 1.375022695857029864e-05 -3.685462350463851041e-06
2.112280802094877296e-03 1.359358966406165167e-05 -3.418885399966521843e-06
2.095997629406992722e-03 1.343531412946328026e-05 -3.158821029262443510e-06
2.079839980613715656e-03 1.327552495389208026e-05 -2.905193414111090680e-06
2.063806888075115243e-03 1.311434365266444092e-05 -2.657926004963922953e-06
2.047897391610609304e-03 1.295188869396844495e-05 -2.416941585183502986e-06
2.032110538441469529e-03 1.278827553585588773e-05 -2.182162327803006581e-06
2.016445383133760351e-03 1.262361666352660772e-05 -1.953509850843337302e-06
2.000900987541711067e-03 1.245802162687878851e-05 -1.730905271205976791e-06
1.985476420751547226e-03 1.229159707829956079e-05 -1.514269257159828577e-06
1.970170759025721002e-03 1.212444681067031190e-05 -1.303522079439375722e-06
1.954983085747613418e-03 1.195667179556292505e-05 -1.098583660973485831e-06
1.939912491366626223e-03 1.178837022160232677e-05 -8.993736252620375369e-07
1.924958073343710063e-03 1.161963753297266221e-05 -7.058113434193889282e-07
1.910118936097323717e-03 1.145056646804459969e-05 -5.178159799031722654e-07
1.895394190949793419e-03 1.128124709810150763e-05 -3.353065369465327797e-07
1.880782956074089369e-03 1.111176686614341956e-05 -1.582018977125889394e-07
1.866284356441023787e-03 1.094221062574827053e-05 1.357913181012551559e-08
1.851897523766842966e-03 1.077266067996994885e-05 1.801177821529953015e-07
1.837621596461223947e-03 1.060319682025400854e-05 3.414952809345957838e-07
1.823455719575684496e-03 1.043389636535203495e-05 4.977928146311023350e-07
1.809399044752379266e-03 1.026483420021635417e-05 6.490914915315370035e-07
1.795450730173287152e-03 1.009608281485718835e-05 7.954723058590343045e-07
1.781609940509808025e-03 9.927712343145477306e-06 9.370161030393658107e-07
1.767875846872731579e-03 9.759790601544256178e-06 1.073803546098451426e-06
1.754247626762593226e-03 9.592383127752680404e-06 1.205915083170123331e-06
1.740724464020427902e-03 9.425553219247342768e-06 1.333430916095479391e-06
1.727305548778875150e-03 9.259361971705310816e-06 1.456430970095834629e-06
1.713990077413698153e-03 9.093868317295089793e-06 1.574994864500176303e-06
1.700777252495644723e-03 8.929129062820740571e-06 1.689201884509455712e-06
1.687666282742690364e-03 8.765198927706026926e-06 1.799130953979067391e-06
1.674656382972657120e-03 8.602130581805674927e-06 1.904860609201284791e-06
1.661746774056188907e-03 8.439974683030764492e-06 2.006468973669771160e-06
1.648936682870085066e-03 8.278779914776442095e-06 2.104033733808011374e-06
1.636225342251009917e-03 8.118593023140418020e-06 2.197632115643624405e-06
1.623611990949544708e-03 7.959458853920772578e-06 2.287340862410965030e-06
1.611095873584594091e-03 7.801420389382468114e-06 2.373236213064132638e-06
1.598676240598156462e-03 7.644518784782500671e-06 2.455393881682736893e-06
1.586352348210431484e-03 7.488793404643426965e-06 2.533889037753063471e-06
1.574123458375271522e-03 7.334281858766035703e-06 2.608796287307193537e-06
1.561988838735991515e-03 7.181020037972254161e-06 2.680189654902733128e-06
1.549947762581505191e-03 7.029042149569340251e-06 2.748142566426192284e-06
1.537999508802800853e-03 6.878380752527303979e-06 2.812727832702942834e-06
1.526143361849762814e-03 6.729066792361823999e-06 2.874017633896828154e-06
1.514378611688317871e-03 6.581129635714930968e-06 2.932083504682860743e-06
1.502704553757902486e-03 6.434597104626356152e-06 2.986996320176382055e-06
1.491120488929286673e-03 6.289495510489294196e-06 3.038826282602131019e-06
1.479625723462688449e-03 6.145849687683359098e-06 3.087642908687228422e-06
1.468219568966238698e-03 6.003683026879499563e-06 3.133515017761685795e-06
1.456901342354750481e-03 5.863017508010639587e-06 3.176510720550670861e-06
1.445670365808807535e-03 5.723873732902851102e-06 3.216697408642665462e-06
1.434525966734178683e-03 5.586270957562172999e-06 3.254141744617836547e-06
1.423467477721534948e-03 5.450227124112042617e-06 3.288909652821262647e-06
1.412494236506475027e-03 5.315758892377040152e-06 3.321066310765610880e-06
1.401605585929872758e-03 5.182881671109051329e-06 3.350676141148191499e-06
1.390800873898516464e-03 5.051609648851617410e-06 3.377802804467397530e-06
1.380079453346054691e-03 4.921955824439200455e-06 3.402509192223800424e-06
1.369440682194251373e-03 4.793932037128150180e-06 3.424857420691181574e-06
1.358883923314529616e-03 4.667548996356148615e-06 3.444908825243183981e-06
1.348408544489812771e-03 4.542816311127574520e-06 3.462723955221255673e-06
1.338013918376669293e-03 4.419742519022405697e-06 3.478362569329813111e-06
1.327699422467739938e-03 4.298335114826246016e-06 3.491883631544748482e-06
1.317464439054453562e-03 4.178600578779603494e-06 3.503345307521548371e-06
1.307308355190038920e-03 4.060544404444831267e-06 3.512804961489501775e-06
1.297230562652814875e-03 3.944171126189010262e-06 3.520319153618623642e-06
1.287230457909767064e-03 3.829484346281719875e-06 3.525943637846148424e-06
1.277307442080404063e-03 3.716486761606505295e-06 3.529733360149617096e-06
1.267460920900886565e-03 3.605180189985220275e-06 3.531742457253728889e-06
1.257690304688446458e-03 3.495565596114844293e-06 3.532024255758382289e-06
1.247995008306068080e-03 3.387643117116026570e-06 3.530631271675440333e-06
1.238374451127443113e-03 3.281412087693333260e-06 3.527615210362031431e-06
1.228828057002204557e-03 3.176871064907202449e-06 3.523026966838267607e-06
1.219355254221420048e-03 3.074017852557609926e-06 3.516916626477580164e-06
1.209955475483349063e-03 2.972849525179820137e-06 3.509333466057918490e-06
1.200628157859476601e-03 2.873362451652890183e-06 3.500325955162392305e-06
1.191372742760796882e-03 2.775552318421330480e-06 3.489941757917985929e-06
1.182188675904357472e-03 2.679414152330900418e-06 3.478227735061225580e-06
1.173075407280071850e-03 2.584942343079621931e-06 3.465229946319919980e-06
1.164032391117776578e-03 2.492130665284932982e-06 3.450993653100125889e-06
1.155059085854545642e-03 2.400972300168399749e-06 3.435563321467842572e-06
1.146154954102259361e-03 2.311459856859435078e-06 3.418982625414995931e-06
1.137319462615420931e-03 2.223585393319516536e-06 3.401294450399543252e-06
1.128552082259223852e-03 2.137340436888654445e-06 3.382540897149647247e-06
1.119852287977861349e-03 2.052716004455884445e-06 3.362763285722084499e-06
1.111219558763080172e-03 1.969702622255731050e-06 3.342002159805228310e-06
1.102653377622983110e-03 1.888290345292802148e-06 3.320297291257109459e-06
1.094153231551066134e-03 1.808468776396544351e-06 3.297687684869276880e-06
1.085718611495492319e-03 1.730227084908495735e-06 3.274211583347278545e-06
1.077349012328611671e-03 1.653554025004518414e-06 3.249906472498871254e-06
1.069043932816707548e-03 1.578437953654330547e-06 3.224809086621130692e-06
1.060802875589976187e-03 1.504866848221002122e-06 3.198955414077876672e-06
1.052625347112746707e-03 1.432828323703159959e-06 3.172380703058998271e-06
1.044510857653920769e-03 1.362309649622499784e-06 3.145119467513380489e-06
1.036458921257641655e-03 1.293297766559551146e-06 3.117205493247363592e-06
1.028469055714197316e-03 1.225779302340652370e-06 3.088671844180838677e-06
1.020540782531138965e-03 1.159740587879013781e-06 3.059550868753168961e-06
1.012673626904622357e-03 1.095167672673002145e-06 3.029874206471363058e-06
1.004867117690981526e-03 1.032046339964869724e-06 2.999672794593153076e-06
9.971207873785005015e-04 9.703621215628817487e-07 2.968976874937539308e-06
9.894341720594287438e-04 9.101003123304679426e-07 2.937816000815935483e-06
9.818068114021915281e-04 8.512459843453536955e-07 2.906219044076756709e-06
9.742382486238204166e-04 7.937840007322557570e-07 2.874214202256772958e-06
9.667280304626029580e-04 7.376990291725722888e-07 2.841829005832623349e-06
9.592757071509355662e-04 6.829755550944315883e-07 2.809090325565942394e-06
9.518808323883849992e-04 6.295978945466706801e-07 2.776024379935808566e-06
9.445429633149666788e-04 5.775502067603796632e-07 2.742656742652404691e-06
9.372616604846191425e-04 5.268165064014726858e-07 2.709012350245767812e-06
9.300364878388853607e-04 4.773806755179984103e-07 2.675115509723833967e-06
9.228670126808026552e-04 4.292264751859042079e-07 2.640989906294046869e-06
9.157528056489873391e-04 3.823375568568434909e-07 2.606658611142912947e-06
9.086934406919187435e-04 3.366974734118134256e-07 2.572144089268083452e-06
9.016884950424293487e-04 2.922896899244202750e-07 2.537468207357714538e-06
8.947375491923834599e-04 2.490975941374462706e-07 2.502652241711863068e-06
8.878401868675517977e-04 2.071045066565673274e-07 2.467716886200951953e-06
8.809959950026869909e-04 1.662936908650812412e-07 2.432682260256440960e-06
8.742045637167836008e-04 1.266483625633740538e-07 2.397567916888893109e-06
8.674654862885270139e-04 8.815169933700950247e-08 2.362392850728831334e-06
8.607783591319456218e-04 5.078684965737555855e-08 2.327175506085998211e-06
8.541427817722315949e-04 1.453694171857692743e-08 2.291933785022460007e-06
8.475583568217638598e-04 -2.061490798538208416e-08 2.256685055435529970e-06
8.410246899563074766e-04 -5.468558633937795583e-08 2.221446159146265934e-06
8.345413898913959204e-04 -8.769197553798791144e-08 2.186233419989581099e-06
8.281080683589028824e-04 -1.196509452644346628e-07 2.151062651902165237e-06
8.217243400837872169e-04 -1.505793451138686197e-07 2.115949167004386030e-06
8.153898227610181923e-04 -1.804939972570605405e-07 2.080907783672571075e-06
8.091041370326844048e-04 -2.094116893406144535e-07 2.045952834598200697e-06
8.028669064652724794e-04 -2.373491676199058935e-07 2.011098174830524747e-06
7.966777575271217354e-04 -2.643231303208551794e-07 1.976357189799375344e-06
7.905363195660583975e-04 -2.903502212266666621e-07 1.941742803314997920e-06
7.844422247871961221e-04 -3.154470234857608846e-07 1.907267485541774807e-06
7.783951082309076112e-04 -3.396300536370410503e-07 1.872943260942916767e-06
7.723946077509723012e-04 -3.629157558486759033e-07 1.838781716193275379e-06
7.664403639928868981e-04 -3.853204963666472751e-07 1.804794008057466034e-06
7.605320203723398443e-04 -4.068605581692795784e-07 1.770990871230645895e-06
7.546692230538653299e-04 -4.275521358239306556e-07 1.737382626139483411e-06
7.488516209296445375e-04 -4.474113305422278380e-07 1.703979186700683019e-06
7.430788655984848059e-04 -4.664541454300078685e-07 1.670790068034869093e-06
7.373506113449517733e-04 -4.846964809283517452e-07 1.637824394133428430e-06
7.316665151186641522e-04 -5.021541304420068650e-07 1.605090905476180359e-06
7.260262365137531938e-04 -5.188427761515330997e-07 1.572597966597803899e-06
7.204294377484742658e-04 -5.347779850055832420e-07 1.540353573600951602e-06
7.148757836449763994e-04 -5.499752048896996630e-07 1.508365361614162686e-06
7.093649416092331645e-04 -5.644497609680392584e-07 1.476640612192774444e-06
7.038965816111222981e-04 -5.782168521945135604e-07 1.445186260661012731e-06
6.984703761646597229e-04 -5.912915479898058525e-07 1.414008903393621860e-06
6.930860003083904501e-04 -6.036887850807703233e-07 1.383114805035472219e-06
6.877431315859256324e-04 -6.154233644987750480e-07 1.352509905657569258e-06
6.824414500266302126e-04 -6.265099487335527005e-07 1.322199827848063921e-06
6.771806381264637706e-04 -6.369630590391452436e-07 1.292189883736916472e-06
6.719603808289642674e-04 -6.467970728886004153e-07 1.262485081952872223e-06
6.667803655063793498e-04 -6.560262215740824912e-07 1.233090134511569462e-06
6.616402819409452143e-04 -6.646645879490802346e-07 1.204009463633621465e-06
6.565398223063075023e-04 -6.727261043094645112e-07 1.175247208491582058e-06
6.514786811490881277e-04 -6.802245504101563025e-07 1.146807231884797115e-06
6.464565553705913176e-04 -6.871735516142040731e-07 1.118693126841162616e-06
6.414731442086497306e-04 -6.935865771711170960e-07 1.090908223144915563e-06
6.365281492196168348e-04 -6.994769386213129844e-07 1.063455593789669993e-06
6.316212742604910158e-04 -7.048577883236006752e-07 1.036338061355862928e-06
6.267522254711798725e-04 -7.097421181026395960e-07 1.009558204311950844e-06
6.219207112569041579e-04 -7.141427580133524818e-07 9.831183632387213824e-07
6.171264422707335587e-04 -7.180723752193121923e-07 9.570206469760799422e-07
6.123691313962569167e-04 -7.215434729821623726e-07 9.312669386918015704e-07
6.076484937303906850e-04 -7.245683897591545645e-07 9.058589018717873497e-07
6.029642465663153207e-04 -7.271592984059420775e-07 8.807979862313405788e-07
5.983161093765428660e-04 -7.293282054817897797e-07 8.560854335471114332e-07
5.937038037961203793e-04 -7.310869506544142316e-07 8.317222834093951197e-07
5.891270536059575085e-04 -7.324472062016910387e-07 8.077093788944534959e-07
5.845855847162830833e-04 -7.334204766075148915e-07 7.840473721566443761e-07
5.800791251502346313e-04 -7.340180982491324938e-07 7.607367299401937742e-07
5.756074050275641202e-04 -7.342512391733119887e-07 7.377777390103802665e-07
5.711701565484823698e-04 -7.341308989587375861e-07 7.151705115041410053e-07
5.667671139776177388e-04 -7.336679086620756925e-07 6.929149901999173759e-07
5.623980136281003621e-04 -7.328729308451799153e-07 6.710109537067769311e-07
5.580625938457743239e-04 -7.317564596809555699e-07 6.494580215728352148e-07
5.537605949935259491e-04 -7.303288211354312116e-07 6.282556593129809684e-07
5.494917594357333086e-04 -7.286001732236304541e-07 6.074031833560206581e-07
5.452558315228402987e-04 -7.265805063368731238e-07 5.868997659113785883e-07
5.410525575760448879e-04 -7.242796436391781028e-07 5.667444397554745753e-07
5.368816858721053246e-04 -7.217072415304660490e-07 5.469361029379810925e-07
5.327429666282681000e-04 -7.188727901743156618e-07 5.274735234082134659e-07
5.286361519873075850e-04 -7.157856140880553257e-07 5.083553435618533404e-07
5.245609960026812423e-04 -7.124548727930059516e-07 4.895800847083186041e-07
5.205172546238034503e-04 -7.088895615227430343e-07 4.711461514591018572e-07
5.165046856814278558e-04 -7.050985119872689190e-07 4.530518360373857975e-07
5.125230488731440017e-04 -7.010903931910345528e-07 4.352953225093148343e-07
5.085721057489894217e-04 -6.968737123027834525e-07 4.178746909373405711e-07
5.046516196971638675e-04 -6.924568155752194212e-07 4.007879214559933115e-07
5.007613559298655084e-04 -6.878478893125645549e-07 3.840328982706118420e-07
4.969010814692267691e-04 -6.830549608840702683e-07 3.676074135794034446e-07
4.930705651333609730e-04 -6.780858997816121512e-07 3.515091714193714776e-07
4.892695775225203332e-04 -6.729484187195327100e-07 3.357357914366210716e-07
4.854978910053558039e-04 -6.676500747749105568e-07 3.202848125815361794e-07
4.817552797052844851e-04 -6.621982705664973936e-07 3.051536967293958102e-07
4.780415194869643632e-04 -6.566002554705848919e-07 2.903398322270053764e-07
4.743563879428703157e-04 -6.508631268721017906e-07 2.758405373658956308e-07
4.706996643799734952e-04 -6.449938314492725560e-07 2.616530637827051466e-07
4.670711298065270732e-04 -6.389991664902207252e-07 2.477745997873758954e-07
4.634705669189500502e-04 -6.328857812399102170e-07 2.342022736197622344e-07
4.598977600888124926e-04 -6.266601782758669164e-07 2.209331566353149649e-07
4.563524953499243112e-04 -6.203287149111611669e-07 2.079642664205118962e-07
4.528345603855202630e-04 -6.138976046231526650e-07 1.952925698386801953e-07
4.493437445155436141e-04 -6.073729185065320706e-07 1.829149860069085555e-07
4.458798386840316110e-04 -6.007605867492547418e-07 1.708283892047582583e-07
4.424426354465946253e-04 -5.940664001299449547e-07 1.590296117154550680e-07
4.390319289579901131e-04 -5.872960115354255207e-07 1.475154466002855108e-07
4.356475149598004401e-04 -5.804549374970538642e-07 1.362826504069570368e-07
4.322891907681953834e-04 -5.735485597445346132e-07 1.253279458125975983e-07
4.289567552617970904e-04 -5.665821267759786004e-07 1.146480242021994730e-07
4.256500088696344298e-04 -5.595607554429480993e-07 1.042395481832188121e-07
4.223687535591898797e-04 -5.524894325492895342e-07 9.409915403710385857e-08
4.191127928245423130e-04 -5.453730164625919574e-07 8.422345410852967473e-08
4.158819316745973865e-04 -5.382162387371050344e-07 7.460903913308848924e-08
4.126759766214091658e-04 -5.310237057470164544e-07 6.525248050422550679e-08
4.094947356685947745e-04 -5.237999003290022343e-07 5.615033248021115139e-08
4.063380182998350748e-04 -5.165491834329832885e-07 4.729913433191726721e-08
4.032056354674639818e-04 -5.092757957800643101e-07 3.869541243219859017e-08
4.000973995811492301e-04 -5.019838595266613912e-07 3.033568228768209361e-08
3.970131244966569497e-04 -4.946773799338325441e-07 2.221645051374345522e-08
3.939526255047027061e-04 -4.873602470408654094e-07 1.433421675347971883e-08
3.909157193198920964e-04 -4.800362373422208031e-07 6.685475541488245513e-09
3.879022240697431478e-04 -4.727090154669163534e-07 -7.332818867619185856e-10
3.849119592837936641e-04 -4.653821358594898550e-07 -7.925565839151722186e-09
3.819447458827944942e-04 -4.580590444617147874e-07 -1.489488646391847987e-08
3.790004061679839542e-04 -4.507430803942330894e-07 -2.164475209864993038e-08
3.760787638104474127e-04 -4.434374776373267127e-07 -2.817866767045201534e-08
3.731796438405562402e-04 -4.361453667100558311e-07 -3.450013314649318085e-08
3.703028726374886699e-04 -4.288697763470186878e-07 -4.061264203411707707e-08
3.674482779188338708e-04 -4.216136351720280824e-07 -4.651967992971361588e-08
3.646156887302735416e-04 -4.143797733679914581e-07 -5.222472311555970626e-08
