1.000000000000000000e+00 -9.248298814459541373e-16 0.000000000000000000e+00
9.922911893760835156e-01 -2.401897888945153936e-01 -3.717799303976159278e-03
9.846418045134024410e-01 -4.741175177818382491e-01 -1.468085883433837766e-02
9.770513873100171720e-01 -7.012121834458870939e-01 -3.258214634860445019e-02
9.695194831954093706e-01 -9.209537978801012326e-01 -5.708866714421992339e-02
9.620456411032586308e-01 -1.132873084347365999e+00 -8.784481904520187456e-02
9.546294134444293089e-01 -1.336550942552102050e+00 -1.244756553116029285e-01
9.472703560801656320e-01 -1.531617701572366430e+00 -1.665900425772872395e-01
9.399680282954937516e-01 -1.717752179036781346e+00 -2.137837026653215122e-01
9.327219927728276350e-01 -1.894680564761217267e+00 -2.656421287931510777e-01
9.255318155657799029e-01 -2.062175146695371719e+00 -3.217433682573318521e-01
9.183970660731736180e-01 -2.220052896580919644e+00 -3.816606651767117109e-01
9.113173170132550238e-01 -2.368173932201898424e+00 -4.449649582714520490e-01
9.042921443981042362e-01 -2.506439872524313106e+00 -5.112272299618416671e-01
8.973211275082438876e-01 -2.634792101386076002e+00 -5.800207042851722727e-01
8.904038488674436147e-01 -2.753209954718522923e+00 -6.509228922512079185e-01
8.835398942177181691e-01 -2.861708845566781179e+00 -7.235174842881920698e-01
8.767288524945184847e-01 -2.960338340434620630e+00 -7.973960903732333350e-01
8.699703158021147020e-01 -3.049180199719016660e+00 -8.721598292955961007e-01
8.632638793891673767e-01 -3.128346394226097171e+00 -9.474207692712658391e-01
8.566091416244887569e-01 -3.197977108980318395e+00 -1.022803222815098945e+00
8.500057039729899122e-01 -3.258238744758122252e+00 -1.097944899386092299e+00
8.434531709718132708e-01 -3.309321927000792307e+00 -1.172497919855194581e+00
8.369511502066497854e-01 -3.351439530993724603e+00 -1.246129697307299722e+00
8.304992522882376216e-01 -3.384824731444559198e+00 -1.318523689083332950e+00
8.240970908290433661e-01 -3.409729083854346587e+00 -1.389380025298529997e+00
8.177442824201217597e-01 -3.426420644357125234e+00 -1.458416019343028447e+00
8.114404466081545086e-01 -3.435182134006833365e+00 -1.525366566084708442e+00
8.051852058726660655e-01 -3.436309152818178614e+00 -1.589984433655651896e+00
7.989781856034144925e-01 -3.430108448222547235e+00 -1.652040454816724679e+00
7.928190140779572959e-01 -3.416896241981837168e+00 -1.711323623963186602e+00
7.867073224393902331e-01 -3.396996619014396313e+00 -1.767641105861934792e+00
7.806427446742565390e-01 -3.370739981028090693e+00 -1.820818162201338186e+00
7.746249175906282369e-01 -3.338461567327123181e+00 -1.870698001991402570e+00
7.686534807963552041e-01 -3.300500044661541121e+00 -1.917141561778424208e+00
7.627280766774818810e-01 -3.257196167521759556e+00 -1.960027221537726350e+00
7.568483503768311804e-01 -3.208891509844677081e+00 -1.999250461983518079e+00
7.510139497727524871e-01 -3.155927268692790388e+00 -2.034723468889465092e+00
7.452245254580348588e-01 -3.098643140092925741e+00 -2.066374689849877377e+00
7.394797307189808766e-01 -3.037376266875699393e+00 -2.094148348732169040e+00
7.337792215146434760e-01 -2.972460258040610093e+00 -2.118003922878989087e+00
7.281226564562222059e-01 -2.904224278883247301e+00 -2.137915587915351523e+00
7.225096967866181386e-01 -2.832992210860008075e+00 -2.153871634804401136e+00
7.169400063601468753e-01 -2.759081879930899373e+00 -2.165873863577174596e+00
7.114132516224069835e-01 -2.682804351911115326e+00 -2.173936957938597203e+00
7.059291015903051969e-01 -2.604463293176671357e+00 -2.178087844725845379e+00
7.004872278322340495e-01 -2.524354394906418442e+00 -2.178365041967362359e+00
6.950873044484030538e-01 -2.442764858902114700e+00 -2.174817999063034080e+00
6.897290080513217569e-01 -2.359972942907798021e+00 -2.167506432379151526e+00
6.844120177464323440e-01 -2.276247563248945394e+00 -2.156499659327316465e+00
6.791360151128924549e-01 -2.191847952529402566e+00 -2.141875933775131191e+00
6.739006841845059936e-01 -2.107023370058529022e+00 -2.123721785419422137e+00
6.687057114307998207e-01 -2.022012862631582752e+00 -2.102131365540497843e+00
6.635507857382484387e-01 -1.937045073251686844e+00 -2.077205801349512271e+00
6.584355983916413413e-01 -1.852338095360659187e+00 -2.049052560940490153e+00
6.533598430555950243e-01 -1.768099370137723225e+00 -2.017784830665072970e+00
6.483232157562076603e-01 -1.684525624428257373e+00 -1.983520906561387243e+00
6.433254148628545499e-01 -1.601802846878516595e+00 -1.946383601289416676e+00
6.383661410701242378e-01 -1.520106299875616074e+00 -1.906499667853796209e+00
6.334450973798942952e-01 -1.439600564924047088e+00 -1.863999241231450110e+00
6.285619890835443258e-01 -1.360439619129713229e+00 -1.819015298865999997e+00
6.237165237443069721e-01 -1.282766940509102005e+00 -1.771683140843389959e+00
6.189084111797547028e-01 -1.206715639893972236e+00 -1.722139890423972419e+00
6.141373634444208252e-01 -1.132408617259860639e+00 -1.670524015474933233e+00
6.094030948125565006e-01 -1.059958740369478791e+00 -1.616974871223899823e+00
6.047053217610178777e-01 -9.894690436884266971e-01 -1.561632264639114309e+00
6.000437629522876737e-01 -9.210329456006632887e-01 -1.504636040634268479e+00
5.954181392176263188e-01 -8.547344820234841212e-01 -1.446125690196053970e+00
5.908281735403528856e-01 -7.906485545964844208e-01 -1.386239980440205466e+00
5.862735910392558036e-01 -7.288411916951785807e-01 -1.325116606516589801e+00
5.817541189521306944e-01 -6.693698205972683501e-01 -1.262891865205723940e+00
5.772694866194453267e-01 -6.122835492076736941e-01 -1.199700349977767644e+00
5.728194254681305830e-01 -5.576234558267112451e-01 -1.135674667220135881e+00
5.684036689954961030e-01 -5.054228855241387208e-01 -1.070945173281335316e+00
5.640219527532704946e-01 -4.557077517596043181e-01 -1.005639731925985325e+00
5.596740143317640026e-01 -4.084968419672273532e-01 -9.398834917491807328e-01
5.553595933441533017e-01 -3.638021258981850026e-01 -8.737986830568642560e-01
5.510784314108878590e-01 -3.216290655901706264e-01 -8.075044336827204017e-01
5.468302721442164227e-01 -2.819769259060727062e-01 -7.411166031806697418e-01
5.426148611328319715e-01 -2.448390846561471490e-01 -6.747476348053992323e-01
5.384319459266362351e-01 -2.102033413880530499e-01 -6.085064246709372959e-01
5.342812760216208989e-01 -1.780522239972969767e-01 -5.424982074590254388e-01
5.301626028448657157e-01 -1.483632923767644052e-01 -4.768244580345555872e-01
5.260756797396520801e-01 -1.211094383879881831e-01 -4.115828083144408844e-01
5.220202619506909558e-01 -9.625918149854231776e-02 -3.468669787286827733e-01
5.179961066094658229e-01 -7.377695948942773752e-02 -2.827667236079314805e-01
5.140029727196874232e-01 -5.362341369336161290e-02 -2.193677898300604168e-01
5.100406211428610836e-01 -3.575566827965671879e-02 -1.567518880592612407e-01
5.061088145839661712e-01 -2.012760315367822725e-02 -9.499667591451003978e-02
5.022073175772434617e-01 -6.690120088749616084e-03 -3.417575240959661032e-02
4.983358964720954187e-01 4.608598244054545878e-03 2.564133698537710351e-02
4.944943194190923874e-01 1.382283663775547324e-02 8.438908530212367587e-02
4.906823563560881452e-01 2.100910334969096141e-02 1.420059996819604264e-01
4.868997789944419230e-01 2.622589394647468347e-02 1.984345682510897102e-01
4.831463608053470082e-01 2.953346316197474550e-02 2.536212188676151280e-01
4.794218770062641521e-01 3.099360490076090435e-02 3.075162703298824907e-01
4.757261045474602823e-01 3.066944048586167301e-02 3.600738766200373142e-01
4.720588220986504102e-01 2.862521521823291684e-02 4.112519647402980705e-01
4.684198100357427896e-01 2.492610328598714176e-02 4.610121666822175612e-01
4.648088504276863264e-01 1.963802103413256339e-02 5.093197460514720110e-01
4.612257270234189632e-01 1.282744858024824179e-02 5.561435198525440660e-01
4.576702252389172609e-01 4.561259738103310910e-03 6.014557759190413133e-01
4.541421321443452341e-01 -5.093439810338576575e-03 6.452321864565820908e-01
4.506412364513028290e-01 -1.606946617388489360e-02 6.874517181461943238e-01
4.471673285001721010e-01 -2.829970283952175369e-02 7.280965392370555289e-01
4.437202002475616469e-01 -4.171723830215743473e-02 7.671519240382774774e-01
4.402996452538469052e-01 -5.625549586556435194e-02 8.046061552004366568e-01
4.369054586708073784e-01 -7.184835575673245711e-02 8.404504241585573077e-01
4.335374372293587797e-01 -8.843026970791331709e-02 8.746787300895502160e-01
4.301953792273794930e-01 -1.059363681712448546e-01 9.072877777185464065e-01
4.268790845176317350e-01 -1.243025603402448387e-01 9.382768742903321302e-01
4.235883544957744773e-01 -1.434656271606415678e-01 9.676478260041619928e-01
4.203229920884701820e-01 -1.633633075200141005e-01 9.954048341926248211e-01
4.170828017415821876e-01 -1.839343778117002171e-01 1.021554391508078474e+00
4.138675894084638540e-01 -2.051187250733505774e-01 1.046105178363358368e+00
4.106771625383371371e-01 -2.268574139045143601e-01 1.069067959857165073e+00
4.075113300647617565e-01 -2.490927473707446327e-01 1.090455483398634406e+00
4.043699023941921822e-01 -2.717683221039953745e-01 1.110282377230189299e+00
4.012526913946237173e-01 -2.948290778105687737e-01 1.128565050032908745e+00
3.981595103843257877e-01 -3.182213413986867412e-01 1.145321591784198345e+00
3.950901741206616635e-01 -3.418928659378593915e-01 1.160571676023674836e+00
3.920444987889953325e-01 -3.657928646617383261e-01 1.174336463669818142e+00
3.890223019916826952e-01 -3.898720402250977490e-01 1.186638508517061208e+00
3.860234027371488019e-01 -4.140826094239851707e-01 1.197501664530676635e+00
3.830476214290482462e-01 -4.383783235860652105e-01 1.206950995045002362e+00
3.800947798555101009e-01 -4.627144848356707363e-01 1.215012683959264317e+00
3.771647011784646786e-01 -4.870479584352258584e-01 1.221713949014463951e+00
3.742572099230538907e-01 -5.113371814014604499e-01 1.227082957224541193e+00
3.713721319671217103e-01 -5.355421675913201174e-01 1.231148742525272954e+00
3.685092945307870127e-01 -5.596245094486281824e-01 1.233941125695074525e+00
3.656685261660961306e-01 -5.835473765985045302e-01 1.235490636593103098e+00
3.628496567467550116e-01 -6.072755114722534486e-01 1.235828438751763736e+00
3.600525174579412013e-01 -6.307752221409573812e-01 1.234986256352866407e+00
3.572769407861935420e-01 -6.540143725313689593e-01 1.232996303609299238e+00
3.545227605093805856e-01 -6.769623701929395887e-01 1.229891216567154277e+00
3.517898116867456682e-01 -6.995901517799139047e-01 1.225703987336703937e+00
3.490779306490293110e-01 -7.218701664074715918e-01 1.220467900754564461e+00
3.463869549886672283e-01 -7.437763570358439935e-01 1.214216473473659352e+00
3.437167235500645512e-01 -7.652841400312335729e-01 1.206983395472309262e+00
3.410670764199440486e-01 -7.863703830472775769e-01 1.198802473968872517e+00
3.384378549177698425e-01 -8.070133813656217292e-01 1.189707579723751740e+00
3.358289015862442328e-01 -8.271928328290679699e-01 1.179732595706426190e+00
3.332400601818779617e-01 -8.468898114956345813e-01 1.168911368101260395e+00
3.306711756656333101e-01 -8.660867401367714491e-01 1.157277659622301558e+00
3.281220941936391911e-01 -8.847673616979410127e-01 1.144865105104033276e+00
3.255926631079775202e-01 -9.029167098347651299e-01 1.131707169332117457e+00
3.230827309275414727e-01 -9.205210786330124684e-01 1.117837107075463576e+00
3.205921473389632959e-01 -9.375679916158328187e-01 1.103287925278602977e+00
3.181207631876124542e-01 -9.540461701368657677e-01 1.088092347371177659e+00
3.156684304686633857e-01 -9.699455012531329468e-01 1.072282779649477158e+00
3.132350023182315368e-01 -9.852570051670328510e-01 1.055891279683265127e+00
3.108203330045782309e-01 -9.999728023222321793e-01 1.038949526699724846e+00
3.084242779193832606e-01 -1.014086080233831844e+00 1.021488793895078739e+00
3.060466935690845380e-01 -1.027591060128910216e+00 1.003539922623407854e+00
3.036874375662846903e-01 -1.040482963469290256e+00 9.851332984113394531e-01
3.013463686212237702e-01 -1.052757978424369467e+00 9.662988287465702486e-01
2.990233465333178020e-01 -1.064413226357813880e+00 9.470659225876777443e-01
2.967182321827626645e-01 -1.075446728388106843e+00 9.274634715422916953e-01
2.944308875222025335e-01 -1.085857372079191530e+00 9.075198326604838606e-01
2.921611755684621614e-01 -1.095644878313832615e+00 8.872628127901014405e-01
2.899089603943441062e-01 -1.104809768398827385e+00 8.667196544408511949e-01
2.876741071204875766e-01 -1.113353331447815675e+00 8.459170231040249455e-01
2.854564819072914483e-01 -1.121277592084184205e+00 8.248809959750520449e-01
2.832559519468987319e-01 -1.128585278503420275e+00 8.036370520263965700e-01
2.810723854552428791e-01 -1.135279790931245092e+00 7.822100633787357760e-01
2.789056516641559291e-01 -1.141365170510964866e+00 7.606242879189296646e-01
2.767556208135369955e-01 -1.146846068650673178e+00 7.389033631138299807e-01
2.746221641435809824e-01 -1.151727716858277573e+00 7.170703009696997032e-01
2.725051538870679746e-01 -1.156015897089761379e+00 6.951474840877118755e-01
2.704044632617113586e-01 -1.159716912633632635e+00 6.731566627668066349e-01
2.683199664625650072e-01 -1.162837559552186928e+00 6.511189531060108671e-01
2.662515386544895279e-01 -1.165385098697955479e+00 6.290548360592341792e-01
2.641990559646756886e-01 -1.167367228321607664e+00 6.069841573964589454e-01
2.621623954752264618e-01 -1.168792057285520825e+00 5.849261285262284948e-01
2.601414352157955800e-01 -1.169668078895319541e+00 5.628993281353178446e-01
2.581360541562832678e-01 -1.170004145359864633e+00 5.409217046025032172e-01
2.561461321995873730e-01 -1.169809442888408491e+00 5.190105791443797578e-01
2.541715501744121197e-01 -1.169093467432017475e+00 4.971826496522737115e-01
2.522121898281302621e-01 -1.167866001074788551e+00 4.754539951803105624e-01
2.502679338197019709e-01 -1.166137089078941536e+00 4.538400810458771417e-01
2.483386657126470110e-01 -1.163917017586459268e+00 4.323557645047272913e-01
2.464242699680720683e-01 -1.161216291978659498e+00 4.110153009641648314e-01
2.445246319377513688e-01 -1.158045615893873004e+00 3.898323506987812492e-01
2.426396378572603096e-01 -1.154415870902223196e+00 3.688199860343727154e-01
2.407691748391631026e-01 -1.150338096835457291e+00 3.479906989667606032e-01
2.389131308662513220e-01 -1.145823472768765061e+00 3.273564091833178757e-01
2.370713947848363812e-01 -1.140883298650578803e+00 3.069284724561419653e-01
2.352438562980923298e-01 -1.135528977575498866e+00 2.867176893768508261e-01
2.334304059594505543e-01 -1.129771998694655721e+00 2.667343144040942859e-01
2.316309351660452154e-01 -1.123623920757096162e+00 2.469880651959236173e-01
2.298453361522094507e-01 -1.117096356275083524e+00 2.274881322002099138e-01
2.280735019830216204e-01 -1.110200956305563480e+00 2.082431884773467412e-01
2.263153265479011245e-01 -1.102949395839474045e+00 1.892613997304893880e-01
2.245707045542535141e-01 -1.095353359790050440e+00 1.705504345195865135e-01
2.228395315211652850e-01 -1.087424529570784726e+00 1.521174746364669372e-01
2.211217037731463275e-01 -1.079174570253277787e+00 1.339692256191720998e-01
2.194171184339213376e-01 -1.070615118294818480e+00 1.161119273847254496e-01
2.177256734202688560e-01 -1.061757769825182107e+00 9.855136496041812244e-02
2.160472674359072698e-01 -1.052614069481829562e+00 8.129287929462086781e-02
2.143817999654292483e-01 -1.043195499782424651e+00 6.434137812902941678e-02
2.127291712682813918e-01 -1.033513471023326025e+00 4.770134691508342434e-02
2.110892823727915646e-01 -1.023579311692547122e+00 3.137685975819244633e-02
2.094620350702412481e-01 -1.013404259385471295e+00 1.537159037418075504e-02
2.078473319089845783e-01 -1.002999452211493336e+00 -3.111769567902349077e-04
2.062450761886119310e-01 -9.923759206796378685e-01 -1.566853645282601654e-02
2.046551719541586656e-01 -9.815445800511203300e-01 -3.069794992264254091e-02
2.030775239903590546e-01 -9.705162231467695522e-01 -4.539723590013607091e-02
2.015120378159434844e-01 -9.593015135971799667e-01 -5.976455883296687838e-02
1.999586196779808422e-01 -9.479109795234580416e-01 -7.379841833621982039e-02
1.984171765462635628e-01 -9.363550076364460795e-01 -8.749763852157371735e-02
1.968876161077362241e-01 -9.246438377423064070e-01 -1.008613574117321887e-01
1.953698467609673306e-01 -9.127875576424335780e-01 -1.138890164492549206e-01
1.938637776106634236e-01 -9.007960984156937467e-01 -1.265803501083244686e-01
1.923693184622257413e-01 -8.886792300710883996e-01 -1.389353756173927756e-01
1.908863798163485670e-01 -8.764465575590247859e-01 -1.509543828000954047e-01
1.894148728636593504e-01 -8.641075171294907431e-01 -1.626379240412739458e-01
1.879547094794002116e-01 -8.516713730255466297e-01 -1.739868043844219891e-01
1.865058022181502462e-01 -8.391472145006750871e-01 -1.850020717663757308e-01
1.850680643085888810e-01 -8.265439531486886704e-01 -1.956850073945785029e-01
1.836414096482992253e-01 -8.138703205350231729e-01 -2.060371162717901938e-01
1.822257527986113901e-01 -8.011348661184206632e-01 -2.160601178726657412e-01
1.808210089794862752e-01 -7.883459554521827783e-01 -2.257559369761915902e-01
1.794270940644378809e-01 -7.755117686543188116e-01 -2.351266946575804040e-01
1.780439245754955324e-01 -7.626402991361402872e-01 -2.441746994428072304e-01
1.766714176782041568e-01 -7.497393525789908253e-01 -2.529024386286199411e-01
1.753094911766640007e-01 -7.368165461490470136e-01 -2.613125697704761774e-01
1.739580635086079574e-01 -7.238793079402713326e-01 -2.694079123405422327e-01
1.726170537405168348e-01 -7.109348766358349891e-01 -2.771914395575435508e-01
1.712863815627728159e-01 -6.979903013785205834e-01 -2.846662703899539015e-01
1.699659672848494729e-01 -6.850524418408150407e-01 -2.918356617337239944e-01
1.686557318305397790e-01 -6.721279684856243941e-01 -2.987030007654495334e-01
1.673555967332201189e-01 -6.592233630087405150e-01 -3.052717974716376848e-01
1.660654841311511865e-01 -6.463449189544072659e-01 -3.115456773544570956e-01
1.647853167628151594e-01 -6.334987424955511592e-01 -3.175283743141291692e-01
1.635150179622884836e-01 -6.206907533704385527e-01 -3.232237237078886549e-01
1.622545116546508792e-01 -6.079266859677558976e-01 -3.286356555852280592e-01
1.610037223514291516e-01 -5.952120905522991778e-01 -3.337681880989400995e-01
1.597625751460763632e-01 -5.825523346236846089e-01 -3.386254210912789109e-01
1.585309957094860334e-01 -5.699526044007067194e-01 -3.432115298543847448e-01
1.573089102855406707e-01 -5.574179064241638892e-01 -3.475307590639508115e-01
1.560962456866947512e-01 -5.449530692711939128e-01 -3.515874168849466574e-01
1.548929292895917242e-01 -5.325627453743591033e-01 -3.553858692480739156e-01
1.536988890307145472e-01 -5.202514129389317343e-01 -3.589305342954866584e-01
1.525140534020704430e-01 -5.080233779520331172e-01 -3.622258769941794632e-01
1.513383514469079649e-01 -4.958827762774653536e-01 -3.652764039153345577e-01
1.501717127554680897e-01 -4.838335758302974576e-01 -3.680866581777997304e-01
1.490140674607669802e-01 -4.718795788254339096e-01 -3.706612145537739877e-01
1.478653462344123870e-01 -4.600244240946147478e-01 -3.730046747346764113e-01
1.467254802824514703e-01 -4.482715894664555667e-01 -3.751216627550945093e-01
1.455944013412508453e-01 -4.366243942043462889e-01 -3.770168205726245891e-01
1.444720416734086854e-01 -4.250860014972013268e-01 -3.786948038013427942e-01
1.433583340636977732e-01 -4.136594209982226156e-01 -3.801602775965859937e-01
1.422532118150405533e-01 -4.023475114070410585e-01 -3.814179126886570459e-01
1.411566087445145501e-01 -3.911529830907414240e-01 -3.824723815630168833e-01
1.400684591793888156e-01 -3.800784007394686359e-01 -3.833283547844826278e-01
1.389886979531911315e-01 -3.691261860524769345e-01 -3.839904974629027579e-01
1.379172604018052417e-01 -3.582986204506334871e-01 -3.844634658577509301e-01
1.368540823595983391e-01 -3.475978478115615555e-01 -3.847519041190433642e-01
1.357991001555783339e-01 -3.370258772237560985e-01 -3.848604411619617749e-01
1.347522506095807093e-01 -3.265845857561568422e-01 -3.847936876725412403e-01
1.337134710284849370e-01 -3.162757212398178974e-01 -3.845562332417640228e-01
1.326826992024598140e-01 -3.061009050584513891e-01 -3.841526436253872578e-01
1.316598734012379146e-01 -2.960616349447653950e-01 -3.835874581268239325e-01
1.306449323704190202e-01 -2.861592877796623746e-01 -3.828651871003920792e-01
1.296378153278010537e-01 -2.763951223914747901e-01 -3.819903095722390618e-01
1.286384619597407963e-01 -2.667702823525908706e-01 -3.809672709762587095e-01
1.276468124175412777e-01 -2.572857987708861427e-01 -3.798004810023130062e-01
1.266628073138678090e-01 -2.479425930735654482e-01 -3.784943115540830294e-01
1.256863877191916334e-01 -2.387414797810964995e-01 -3.770530948138866578e-01
1.247174951582601943e-01 -2.296831692690412818e-01 -3.754811214118011220e-01
1.237560716065959632e-01 -2.207682705157314185e-01 -3.737826386964603897e-01
1.228020594870208732e-01 -2.119972938337957857e-01 -3.719618491048981013e-01
1.218554016662085071e-01 -2.033706535837052354e-01 -3.700229086288397418e-01
1.209160414512624460e-01 -1.948886708675653945e-01 -3.679699253748582310e-01
1.199839225863209846e-01 -1.865515762015091394e-01 -3.658069582158361976e-01
1.190589892491883822e-01 -1.783595121651331827e-01 -3.635380155312065154e-01
1.181411860479914949e-01 -1.703125360265071997e-01 -3.611670540334575574e-01
1.172304580178626515e-01 -1.624106223413933070e-01 -3.586979776784295915e-01
1.163267506176479671e-01 -1.546536655253846482e-01 -3.561346366569518307e-01
1.154300097266409142e-01 -1.470414823977658769e-01 -3.534808264654012988e-01
1.145401816413414153e-01 -1.395738146959783765e-01 -3.507402870527983052e-01
1.136572130722393187e-01 -1.322503315596489648e-01 -3.479167020420802503e-01
1.127810511406233118e-01 -1.250706319832246283e-01 -3.450136980232396122e-01
1.119116433754140105e-01 -1.180342472363225814e-01 -3.420348439160345033e-01
1.110489377100216252e-01 -1.111406432509770004e-01 -3.389836504000243722e-01
1.101928824792280381e-01 -1.043892229750389700e-01 -3.358635694097159008e-01
1.093434264160921404e-01 -9.777932869103636571e-02 -3.326779936926389514e-01
1.085005186488803425e-01 -9.131024429989000046e-02 -3.294302564282152179e-01
1.076641086980194145e-01 -8.498119756890863685e-02 -3.261236309053117677e-01
1.068341464730735851e-01 -7.879136234357829449e-02 -3.227613302564175113e-01
1.060105822697449685e-01 -7.273986072269442160e-02 -3.193465072464138355e-01
1.051933667668963346e-01 -6.682576519644339852e-02 -3.158822541139476581e-01
1.043824510235981523e-01 -6.104810074710824430e-02 -3.123716024634644595e-01
1.035777864761970035e-01 -5.540584691209241019e-02 -3.088175232059792719e-01
1.027793249354075483e-01 -4.989793980903425852e-02 -3.052229265467219510e-01
1.019870185834265280e-01 -4.452327412280993046e-02 -3.015906620178177011e-01
1.012008199710690004e-01 -3.928070505427214143e-02 -2.979235185542107311e-01
1.004206820149269735e-01 -3.416905023061810043e-02 -2.942242246110746695e-01
9.964655799454937013e-02 -2.918709157730887960e-02 -2.904954483209895022e-01
9.887840154964429307e-02 -2.433357715151353989e-02 -2.867397976892124833e-01
9.811616667730252428e-02 -1.960722293707630598e-02 -2.829598208253976122e-01
9.735980772924253401e-02 -1.500671460104449802e-02 -2.791580062101627902e-01
9.660927940907688971e-02 -1.053070921182996250e-02 -2.753367829949450174e-01
9.586453676959928727e-02 -6.177836919098895867e-03 -2.714985213336101322e-01
9.512553521009298185e-02 -1.946702595526512676e-03 -2.676455327443351684e-01
9.439223047365967456e-02 2.164112559429094348e-03 -2.637800705003086610e-01
9.366457864456911864e-02 6.156049453547723926e-03 -2.599043300478340313e-01
9.294253614562925092e-02 1.003056957345221413e-02 -2.560204494504602080e-01
9.222605973557605752e-02 1.378915349356726883e-02 -2.521305098577920623e-01
9.151510650648449208e-02 1.743329942216963191e-02 -2.482365359976820562e-01
9.080963388119846214e-02 2.096452178426138832e-02 -2.443404966905232956e-01
9.010959961078107705e-02 2.438434984096087346e-02 -2.404443053844134426e-01
8.941496177198468565e-02 2.769432634510023139e-02 -2.365498207099848427e-01
8.872567876473969051e-02 3.089600623269840932e-02 -2.326588470537302722e-01
8.804170930966385977e-02 3.399095534995236895e-02 -2.287731351486969600e-01
8.736301244558976331e-02 3.698074921539099696e-02 -2.248943826814360503e-01
8.668954752711185985e-02 3.986697181680665114e-02 -2.210242349141462170e-01
8.602127422215236074e-02 4.265121444257317235e-02 -2.171642853209709012e-01
8.535815250954575939e-02 4.533507454694744171e-02 -2.133160762374412267e-01
8.470014267664230379e-02 4.792015464893634169e-02 -2.094810995220927063e-01
8.404720531692937147e-02 5.040806126430519285e-02 -2.056607972293057196e-01
8.339930132767173210e-02 5.280040387028826776e-02 -2.018565622924591019e-01
8.275639190756978181e-02 5.509879390256008924e-02 -1.980697392165088055e-01
8.211843855443567985e-02 5.730484378401191903e-02 -1.943016247791332085e-01
8.148540306288781787e-02 5.942016598487532414e-02 -1.905534687396189808e-01
8.085724752206251142e-02 6.144637211372513952e-02 -1.868264745546820704e-01
8.023393431334380210e-02 6.338507203889040542e-02 -1.831218001004547569e-01
7.961542610811048193e-02 6.523787303979464158e-02 -1.794405583998855969e-01
7.900168586550061767e-02 6.700637898774530754e-02 -1.757838183548354472e-01
7.839267683019336685e-02 6.869218955568485996e-02 -1.721526054821719831e-01
7.778836253020750269e-02 7.029689945641684479e-02 -1.685479026531875313e-01
7.718870677471757757e-02 7.182209770881202437e-02 -1.649706508357038637e-01
7.659367365188626819e-02 7.326936693150470914e-02 -1.614217498382294613e-01
7.600322752671377635e-02 7.464028266358053998e-02 -1.579020590555779979e-01
7.541733303890395257e-02 7.593641271176099217e-02 -1.544123982153709773e-01
7.483595510074617096e-02 7.715931652358751225e-02 -1.509535481248646394e-01
7.425905889501460688e-02 7.831054458610624269e-02 -1.475262514175798012e-01
7.368660987288268294e-02 7.939163784955843850e-02 -1.441312132992118578e-01
7.311857375185422392e-02 8.040412717557832156e-02 -1.407691022923402424e-01
7.255491651371030748e-02 8.134953280940328268e-02 -1.374405509794642266e-01
7.199560440247201876e-02 8.222936387560295102e-02 -1.341461567439142244e-01
7.144060392237895629e-02 8.304511789683327594e-02 -1.308864825082116934e-01
7.088988183588312841e-02 8.379828033512716490e-02 -1.276620574694621313e-01
7.034340516165848989e-02 8.449032415523186068e-02 -1.244733778313916600e-01
6.980114117262584128e-02 8.512270940950875109e-02 -1.213209075326497494e-01
6.926305739399278572e-02 8.569688284391327460e-02 -1.182050789710212685e-01
6.872912160130903447e-02 8.621427752457465343e-02 -1.151262937232074290e-01
6.819930181853642304e-02 8.667631248450173576e-02 -1.120849232598497836e-01
6.767356631613398454e-02 8.708439238994086784e-02 -1.090813096554912875e-01
6.715188360915788635e-02 8.743990722591865605e-02 -1.061157662931813822e-01
6.663422245537560518e-02 8.774423200050623928e-02 -1.031885785634452796e-01
6.612055185339520136e-02 8.799872646734399617e-02 -1.003000045573603921e-01
6.561084104080849855e-02 8.820473486597252277e-02 -9.745027575348561011e-02
6.510505949234902945e-02 8.836358567951917153e-02 -9.463959769841448488e-02
6.460317691806369278e-02 8.847659140929468868e-02 -9.186815068072760881e-02
6.410516326149894029e-02 8.854504836585805339e-02 -8.913609039813975843e-02
6.361098869790081378e-02 8.857023647611578232e-02 -8.644354861764651232e-02
6.312062363242861018e-02 8.855341910602354538e-02 -8.379063382848545016e-02
6.263403869838274352e-02 8.849584289846605667e-02 -8.117743188774625973e-02
6.215120475544582551e-02 8.839873762589516015e-02 -7.860400665846609125e-02
6.167209288793783911e-02 8.826331605731232988e-02 -7.607040064006802271e-02
6.119667440308414197e-02 8.809077383918634263e-02 -7.357663559100030559e-02
6.072492082929727142e-02 8.788228938990459704e-02 -7.112271314345555706e-02
6.025680391447189865e-02 8.763902380735950903e-02 -6.870861541005177098e-02
5.979229562429277250e-02 8.736212078928051739e-02 -6.633430558236921848e-02
5.933136814055584712e-02 8.705270656592431489e-02 -6.399972852124773126e-02
5.887399385950243397e-02 8.671188984474585693e-02 -6.170481133875778401e-02
5.842014539016594094e-02 8.634076176667578040e-02 -5.944946397176590486e-02
5.796979555273148316e-02 8.594039587363611066e-02 -5.723357974702546896e-02
5.752291737690830298e-02 8.551184808693473860e-02 -5.505703593773356164e-02
5.707948410031452730e-02 8.505615669618110664e-02 -5.291969431149805975e-02
5.663946916687435246e-02 8.457434235837542336e-02 -5.082140166967055728e-02
5.620284622522773998e-02 8.406740810682750142e-02 -4.876199037800851843e-02
5.576958912715236638e-02 8.353633936956780803e-02 -4.674127888863464225e-02
5.533967192599752172e-02 8.298210399692033945e-02 -4.475907225326936772e-02
5.491306887513031781e-02 8.240565229791134427e-02 -4.281516262772056686e-02
5.448975442639387989e-02 8.180791708519609406e-02 -4.090932976761970513e-02
5.406970322857709843e-02 8.118981372818960540e-02 -3.904134151539762759e-02
5.365289012589664203e-02 8.055224021409514157e-02 -3.721095427850526494e-02
5.323929015649028068e-02 7.989607721652924877e-02 -3.541791349888245843e-02
5.282887855092216478e-02 7.922218817144878467e-02 -3.366195411369021784e-02
5.242163073069922713e-02 7.853141936009040702e-02 -3.194280100732195538e-02
5.201752230679936723e-02 7.782459999863965139e-02 -3.026016945471809300e-02
5.161652907821089736e-02 7.710254233435331894e-02 -2.861376555601133700e-02
5.121862703048311871e-02 7.636604174786165711e-02 -2.700328666253303325e-02
5.082379233428811760e-02 7.561587686138740438e-02 -2.542842179421924212e-02
5.043200134399381668e-02 7.485280965262006148e-02 -2.388885204845649785e-02
5.004323059624787157e-02 7.407758557399224397e-02 -2.238425100041132806e-02
4.965745680857241301e-02 7.329093367710874662e-02 -2.091428509489201559e-02
4.927465687796980104e-02 7.249356674208717877e-02 -1.947861402979584808e-02
4.889480787953907198e-02 7.168618141157098722e-02 -1.807689113119645766e-02
4.851788706510292565e-02 7.086945832918467580e-02 -1.670876372012967265e-02
4.814387186184546780e-02 7.004406228220386166e-02 -1.537387347114099398e-02
4.777273987096042340e-02 6.921064234822034422e-02 -1.407185676265911359e-02
4.740446886630957091e-02 6.836983204558531868e-02 -1.280234501926194590e-02
4.703903679309184849e-02 6.752224948742170663e-02 -1.156496504590800480e-02
4.667642176652244540e-02 6.666849753899981024e-02 -1.035933935420338577e-02
4.631660207052227390e-02 6.580916397827665798e-02 -9.185086480781328236e-03
4.595955615641732217e-02 6.494482165940354546e-02 -8.041821297870269461e-03
4.560526264164822818e-02 6.407602867901319998e-02 -6.929155316131212564e-03
4.525370030848979014e-02 6.320332854510050946e-02 -5.846696979845111483e-03
4.490484810278017741e-02 6.232725034831756300e-02 -4.794051954532950639e-03
4.455868513266013353e-02 6.144830893550713713e-02 -3.770823407094653530e-03
4.421519066732171321e-02 6.056700508530506177e-02 -2.776612278551982178e-03
4.387434413576697667e-02 5.968382568564532809e-02 -1.811017549484854805e-03
4.353612512557580860e-02 5.879924391300625497e-02 -8.736364982483709558e-04
4.320051338168359734e-02 5.791371941324226225e-02 3.593504793705202009e-05
4.286748880516823290e-02 5.702769848384849072e-02 9.181024689316524736e-04
4.253703145204633385e-02 5.614161425751024170e-02 1.773272114566120479e-03
4.220912153207891787e-02 5.525588688679452382e-02 2.601851074380651021e-03
4.188373940758624570e-02 5.437092372984494992e-02 3.404246954119330513e-03
4.156086559227172017e-02 5.348711953694335053e-02 4.180867658884966989e-03
4.124048075005485453e-02 5.260485663780952587e-02 4.932121182857908750e-03
4.092256569391339305e-02 5.172450512951087820e-02 5.658415405482463550e-03
4.060710138473423714e-02 5.084642306486018837e-02 6.360157894024374460e-03
4.029406893017314223e-02 4.997095664118145208e-02 7.037755712401957443e-03
3.998344958352338663e-02 4.909844038933041527e-02 7.691615236192746521e-03
3.967522474259309317e-02 4.822919736285746772e-02 8.322141973717960342e-03
3.936937594859112044e-02 4.736353932720557824e-02 8.929740393107024610e-03
3.906588488502164835e-02 4.650176694883991629e-02 9.514813755243177462e-03
3.876473337658731255e-02 4.564416998420856020e-02 1.007776395249208694e-02
3.846590338810058907e-02 4.479102746843706406e-02 1.061899135311571325e-02
3.816937702340385957e-02 4.394260790366456143e-02 1.113889465127185750e-02
3.787513652429755351e-02 4.309916944693054780e-02 1.163787072250264953e-02
3.758316426947676953e-02 4.226096009752618871e-02 1.211631448461285114e-02
3.729344277347582809e-02 4.142821788372608866e-02 1.257461876384105906e-02
3.700595468562122015e-02 4.060117104882115385e-02 1.301317416622573345e-02
3.672068278899253552e-02 3.978003823637467351e-02 1.343236895406902179e-02
3.643760999939128775e-02 3.896502867462738745e-02 1.383258892740199010e-02
3.615671936431787137e-02 3.815634235998122126e-02 1.421421731035428342e-02
3.587799406195624208e-02 3.735417023949227228e-02 1.457763464233292894e-02
3.560141740016661838e-02 3.655869439230886864e-02 1.492321867391410879e-02
3.532697281548573265e-02 3.577008820999078714e-02 1.525134426735410761e-02
3.505464387213489547e-02 3.498851657565072576e-02 1.556238330162413447e-02
3.478441426103577594e-02 3.421413604186043789e-02 1.585670458187584883e-02
3.451626779883359281e-02 3.344709500726647522e-02 1.613467375324469794e-02
3.425018842692798687e-02 3.268753389186423303e-02 1.639665321889837227e-02
3.398616021051135971e-02 3.193558531088014352e-02 1.664300206223889508e-02
3.372416733761444269e-02 3.119137424721437485e-02 1.687407597316769800e-02
3.346419411815950568e-02 3.045501822240051504e-02 1.709022717832307803e-02
3.320622498302062270e-02 2.972662746603821696e-02 1.729180437520115576e-02
3.295024448309135517e-02 2.900630508365961008e-02 1.747915267007157589e-02
3.269623728835945736e-02 2.829414722299054136e-02 1.765261351960038458e-02
3.244418818698884682e-02 2.759024323857142691e-02 1.781252467609317422e-02
3.219408208440864561e-02 2.689467585470351266e-02 1.795922013627260574e-02
3.194590400240911870e-02 2.620752132668841689e-02 1.809303009350539046e-02
3.169963907824474569e-02 2.552884960033175582e-02 1.821428089339432663e-02
3.145527256374404390e-02 2.485872446968213564e-02 1.832329499265254735e-02
3.121278982442646927e-02 2.419720373298059682e-02 1.842039092117745205e-02
3.097217633862586056e-02 2.354433934679468418e-02 1.850588324724322664e-02
3.073341769662083292e-02 2.290017757831623937e-02 1.858008254573162779e-02
3.049649959977186395e-02 2.226475915580154383e-02 1.864329536932163300e-02
3.026140785966487806e-02 2.163811941713425849e-02 1.869582422255968573e-02
3.002812839726161365e-02 2.102028845649490593e-02 1.873796753873335774e-02
2.979664724205647805e-02 2.041129126912030745e-02 1.877001965947189960e-02
2.956695053123983494e-02 1.981114789413862889e-02 1.879227081699861093e-02
2.933902450886780380e-02 1.921987355546767029e-02 1.880500711896072180e-02
2.911285552503848489e-02 1.863747880076513722e-02 1.880851053576357984e-02
2.888843003507452628e-02 1.806396963842056905e-02 1.880305889033713831e-02
2.866573459871187696e-02 1.749934767258039606e-02 1.878892585026334036e-02
2.844475587929494800e-02 1.694361023619945020e-02 1.876638092219472254e-02
2.822548064297792855e-02 1.639675052211256312e-02 1.873568944849496321e-02
2.800789575793219410e-02 1.585875771212137686e-02 1.869711260603358974e-02
2.779198819355989045e-02 1.532961710409351357e-02 1.865090740706795008e-02
2.757774501971362729e-02 1.480931023707129056e-02 1.859732670214655006e-02
2.736515340592200404e-02 1.429781501438865884e-02 1.853661918496919345e-02
2.715420062062132850e-02 1.379510582479699654e-02 1.846902939913995512e-02
2.694487403039311224e-02 1.330115366159985435e-02 1.839479774675072121e-02
2.673716109920752995e-02 1.281592623979924996e-02 1.831416049873334922e-02
2.653104938767259294e-02 1.233938811125586711e-02 1.822734980692017684e-02
2.632652655228924152e-02 1.187150077786772347e-02 1.813459371775336809e-02
2.612358034471213772e-02 1.141222280277174456e-02 1.803611618758467830e-02
2.592219861101608541e-02 1.096150991957364762e-02 1.793213709950820800e-02
2.572236929096822361e-02 1.051931513961337425e-02 1.782287228166995821e-02
2.552408041730569802e-02 1.008558885727266208e-02 1.770853352699876607e-02
2.532732011501907451e-02 9.660278953333718832e-03 1.758932861430459807e-02
2.513207660064108173e-02 9.243330896396818874e-03 1.746546133069061188e-02
2.493833818154096715e-02 8.834687842367457827e-03 1.733713149522722596e-02
2.474609325522428641e-02 8.434290732022847389e-03 1.720453498383673827e-02
2.455533030863798691e-02 8.042078386668576745e-03 1.706786375533835345e-02
2.436603791748096978e-02 7.657987601897489963e-03 1.692730587860464056e-02
2.417820474551994267e-02 7.281953239462750707e-03 1.678304556078104651e-02
2.399181954391046284e-02 6.913908317277688356e-03 1.663526317652139555e-02
2.380687115052328162e-02 6.553784097556155860e-03 1.648413529819319975e-02
2.362334848927590686e-02 6.201510173107140089e-03 1.632983472700752850e-02
2.344124056946929671e-02 5.857014551797900571e-03 1.617253052502924324e-02
2.326053648512959107e-02 5.520223739200535301e-03 1.601238804802412180e-02
2.308122541435501940e-02 5.191062819437443875e-03 1.584956897910085385e-02
2.290329661866783231e-02 4.869455534241434042e-03 1.568423136310623592e-02
2.272673944237113552e-02 4.555324360246332249e-03 1.551652964173312436e-02
2.255154331191081343e-02 4.248590584525191276e-03 1.534661468930183584e-02
2.237769773524223710e-02 3.949174378392482886e-03 1.517463384917597247e-02
2.220519230120200985e-02 3.656994869488093287e-03 1.500073097077531462e-02
2.203401667888439663e-02 3.371970212160191934e-03 1.482504644714871533e-02
2.186416061702265226e-02 3.094017656165277616e-03 1.464771725307105477e-02
2.169561394337513396e-02 2.823053613703551366e-03 1.446887698362935709e-02
2.152836656411605265e-02 2.558993724807803044e-03 1.428865589326350737e-02
2.136240846323101891e-02 2.301752921104963361e-03 1.410718093522862412e-02
2.119772970191722422e-02 2.051245487968972672e-03 1.392457580144618873e-02
2.103432041798818444e-02 1.807385125084149963e-03 1.374096096271245140e-02
2.087217082528313589e-02 1.570085005438587658e-03 1.355645370923314920e-02
2.071127121308098673e-02 1.339257832767034966e-03 1.337116819145458754e-02
2.055161194551877180e-02 1.114815897462971030e-03 1.318521546116163505e-02
2.039318346101454821e-02 8.966711309796463261e-04 1.299870351281433994e-02
2.023597627169479440e-02 6.847351587403145224e-04 1.281173732509533099e-02
2.007998096282623268e-02 4.789193515776044453e-04 1.262441890264122922e-02
1.992518819225196081e-02 2.791348757222228199e-04 1.243684731793168532e-02
1.977158868983198634e-02 8.529274136142920551e-05 1.224911875331083366e-02
1.961917325688811164e-02 -1.026961502123067391e-04 1.206132654311638415e-02
1.946793276565295452e-02 -2.849209608422982251e-04 1.187356121589220811e-02
1.931785815872339926e-02 -4.614708711173010807e-04 1.168591053666152499e-02
1.916894044851811391e-02 -6.324350373297369429e-04 1.149845954923779494e-02
1.902117071673935580e-02 -7.979025497615892986e-04 1.131129061855163341e-02
1.887454011383882940e-02 -9.579623922775943332e-04 1.112448347297243650e-02
1.872903985848772476e-02 -1.112703403204962299e-03 1.093811524660434631e-02
1.858466123705086043e-02 -1.262214237479063542e-03 1.075226052153658435e-02
1.844139560306479533e-02 -1.406583330034625592e-03 1.056699137002887687e-02
1.829923437672005201e-02 -1.545898860421694590e-03 1.038237739661360994e-02
1.815816904434724641e-02 -1.680248718625997105e-03 1.019848578009644770e-02
1.801819115790732201e-02 -1.809720472073029661e-03 1.001538131543843260e-02
1.787929233448547900e-02 -1.934401333795794263e-03 9.833126455502359115e-03
1.774146425578928404e-02 -2.054378131745332025e-03 9.651781352647817100e-03
1.760469866765042996e-02 -2.169737279224209434e-03 9.471403900158811839e-03
1.746898737953039155e-02 -2.280564746422552788e-03 9.292049773489248488e-03
1.733432226402999848e-02 -2.386946033036342358e-03 9.113772471311919199e-03
1.720069525640266148e-02 -2.488966141948269119e-03 8.936623356356757780e-03
1.706809835407136280e-02 -2.586709553950961027e-03 8.760651696025259505e-03
1.693652361614943896e-02 -2.680260203492850456e-03 8.585904702768286378e-03
1.680596316296504786e-02 -2.769701455426867940e-03 8.412427574214738357e-03
1.667640917558924421e-02 -2.855116082742565394e-03 8.240263533039427976e-03
1.654785389536767709e-02 -2.936586245262022207e-03 8.069453866558709207e-03
1.642028962345604137e-02 -3.014193469280210692e-03 7.900037966043381085e-03
1.629370872035896742e-02 -3.088018628130736760e-03 7.732053365738057044e-03
1.616810360547245654e-02 -3.158141923657807517e-03 7.565535781577373102e-03
1.604346675663000446e-02 -3.224642868575497336e-03 7.400519149589780167e-03
1.591979070965205204e-02 -3.287600269695635947e-03 7.237035663979554667e-03
1.579706805789896779e-02 -3.347092212005691944e-03 7.075115814878748556e-03
1.567529145182749648e-02 -3.403196043578156100e-03 6.914788425760976659e-03
1.555445359855065629e-02 -3.455988361293221584e-03 6.756080690509294953e-03
1.543454726140094067e-02 -3.505544997356625433e-03 6.599018210130816291e-03
1.531556525949690634e-02 -3.551941006594773204e-03 6.443625029111253906e-03
1.519750046731320470e-02 -3.595250654509280462e-03 6.289923671403036681e-03
1.508034581425381389e-02 -3.635547406073467644e-03 6.137935176040610653e-03
1.496409428422856673e-02 -3.672903915253397308e-03 5.987679132377365238e-03
1.484873891523301286e-02 -3.707392015236192408e-03 5.839173714938815200e-03
1.473427279893149699e-02 -3.739082709348656979e-03 5.692435717887005947e-03
1.462068908024341703e-02 -3.768046162649411456e-03 5.547480589091370769e-03
1.450798095693265136e-02 -3.794351694177843307e-03 5.404322463801763954e-03
1.439614167920026666e-02 -3.818067769843462057e-03 5.262974197919816945e-03
1.428516454928024752e-02 -3.839261995939436452e-03 5.123447400864657164e-03
1.417504292103835550e-02 -3.858001113264257140e-03 4.985752468029726499e-03
1.406577019957417837e-02 -3.874350991835676886e-03 4.849898612827824133e-03
1.395733984082614051e-02 -3.888376626181314077e-03 4.715893898321252102e-03
1.384974535117957338e-02 -3.900142131190471352e-03 4.583745268434778926e-03
1.374298028707785814e-02 -3.909710738511935034e-03 4.453458578749247727e-03
1.363703825463655206e-02 -3.917144793482750867e-03 4.325038626873815677e-03
1.353191290926046043e-02 -3.922505752573153710e-03 4.198489182395133412e-03
1.342759795526363674e-02 -3.925854181333020970e-03 4.073813016402041964e-03
1.332408714549241681e-02 -3.927249752825501435e-03 3.951011930584833083e-03
1.322137428095126153e-02 -3.926751246533566157e-03 3.830086785907840016e-03
1.311945321043148441e-02 -3.924416547725568041e-03 3.711037530854843520e-03
1.301831783014294197e-02 -3.920302647265954885e-03 3.593863229246928824e-03
1.291796208334840962e-02 -3.914465641857681373e-03 3.478562087632279184e-03
1.281837996000094980e-02 -3.906960734702859435e-03 3.365131482248248217e-03
1.271956549638389097e-02 -3.897842236568587523e-03 3.253567985555505873e-03
1.262151277475376081e-02 -3.887163567244986129e-03 3.143867392345041280e-03
1.252421592298584747e-02 -3.874977257382724444e-03 3.036024745418277031e-03
1.242766911422250528e-02 -3.861334950697533405e-03 2.930034360841231658e-03
1.233186656652426362e-02 -3.846287406529402472e-03 2.825889852773750318e-03
1.223680254252352759e-02 -3.829884502744341796e-03 2.723584157874735234e-03
1.214247134908096049e-02 -3.812175238966866372e-03 2.623109559284815713e-03
1.204886733694455862e-02 -3.793207740131450748e-03 2.524457710187921842e-03
1.195598490041135595e-02 -3.773029260341587490e-03 2.427619656953376465e-03
1.186381847699168567e-02 -3.751686187025061840e-03 2.332585861860204599e-03
1.177236254707603180e-02 -3.729224045374442652e-03 2.239346225405633960e-03
1.168161163360453142e-02 -3.705687503061955417e-03 2.147890108199965870e-03
1.159156030173894014e-02 -3.681120375218005069e-03 2.058206352449805376e-03
1.150220315853712170e-02 -3.655565629662940654e-03 1.970283303032096135e-03
1.141353485263014132e-02 -3.629065392381813134e-03 1.884108828161488178e-03
1.132555007390175124e-02 -3.601660953232035424e-03 1.799670339653455277e-03
1.123824355317036561e-02 -3.573392771874090140e-03 1.716954812785938082e-03
1.115161006187351950e-02 -3.544300483915660809e-03 1.635948805762353240e-03
1.106564441175477212e-02 -3.514422907259679395e-03 1.556638478778834666e-03
1.098034145455296061e-02 -3.483798048647015859e-03 1.479009612698673577e-03
1.089569608169386680e-02 -3.452463110384736307e-03 1.403047627337104721e-03
1.081170322398433692e-02 -3.420454497251065266e-03 1.328737599359715912e-03
1.072835785130865985e-02 -3.387807823568286109e-03 1.256064279797602283e-03
1.064565497232730987e-02 -3.354557920435114176e-03 1.185012111182727999e-03
1.056358963417808848e-02 -3.320738843110204210e-03 1.115565244307006052e-03
1.048215692217943987e-02 -3.286383878538606806e-03 1.047707554608430514e-03
1.040135195953618800e-02 -3.251525553013282204e-03 9.814226581880873893e-04
1.032116990704741791e-02 -3.216195639963782306e-03 9.166939274614635319e-04
1.024160596281671956e-02 -3.180425167864621254e-03 8.535045064480091190e-04
1.016265536196459679e-02 -3.144244428255778094e-03 7.918373257025412056e-04
1.008431337634307749e-02 -3.107682983868155415e-03 7.316751168924143581e-04
1.000657531425261718e-02 -3.070769676846909785e-03 6.730004270243978171e-04
9.929436520161092836e-03 -3.033532637065702517e-03 6.157956323250730890e-04
9.852892374424975647e-03 -2.995999290525118777e-03 5.600429517788068799e-04
9.776938293012698081e-03 -2.958196367828768488e-03 5.057244603273465923e-04
9.701569727230142590e-03 -2.920149912730564661e-03 4.528221017350631049e-04
9.626782163448210222e-03 -2.881885290746948481e-03 4.013177011239223678e-04
9.552571122832486522e-03 -2.843427197827996973e-03 3.511929771823363040e-04
9.478932161075074095e-03 -2.804799669081505225e-03 3.024295540521097477e-04
9.405860868128399291e-03 -2.766026087544194104e-03 2.550089728975592088e-04
9.333352867941088413e-03 -2.727129192994486723e-03 2.089127031610759505e-04
9.261403818195946408e-03 -2.688131090801409648e-03 1.641221535094092570e-04
9.190009410049854166e-03 -2.649053260804211298e-03 1.206186824747886266e-04
9.119165367875773504e-03 -2.609916566217646873e-03 7.838360879530977617e-05
9.048867449006639530e-03 -2.570741262557800239e-03 3.739822145869946561e-05
8.979111443481320801e-03 -2.531547006583676190e-03 -2.356210546099623273e-06
8.909893173792487672e-03 -2.492352865249737072e-03 -4.089842876535111177e-05
8.841208494636390580e-03 -2.453177324664816694e-03 -7.824717610060070679e-05
8.773053292664674888e-03 -2.414038299053032632e-03 -1.144211879080642385e-04
8.705423486237999844e-03 -2.374953139712239134e-03 -1.494391833731000604e-04
8.638315025181600437e-03 -2.335938643965946616e-03 -1.833198571554145288e-04
8.571723890542740087e-03 -2.297011064104606884e-03 -2.160818713006862162e-04
8.505646094350042055e-03 -2.258186116312366123e-03 -2.477438474143297642e-04
8.440077679374647507e-03 -2.219478989575444580e-03 -2.783243590931202432e-04
8.375014718893200247e-03 -2.180904354568488721e-03 -3.078419246103820690e-04
8.310453316452736175e-03 -2.142476372515406905e-03 -3.363149998504375709e-04
8.246389605637307468e-03 -2.104208704021149744e-03 -3.637619714881152569e-04
8.182819749836414344e-03 -2.066114517871197719e-03 -3.902011504090399457e-04
8.119739942015279099e-03 -2.028206499795589309e-03 -4.156507653664446938e-04
8.057146404486835792e-03 -1.990496861194324639e-03 -4.401289568703468718e-04
7.995035388685482400e-03 -1.952997347821241146e-03 -4.636537713048609777e-04
7.933403174942591993e-03 -1.915719248423506131e-03 -4.862431552694597512e-04
7.872246072263779440e-03 -1.878673403333974701e-03 -5.079149501400474125e-04
7.811560418107830854e-03 -1.841870213013740119e-03 -5.286868868457153536e-04
7.751342578167353010e-03 -1.805319646542381156e-03 -5.485765808570679030e-04
7.691588946151157492e-03 -1.769031250053491270e-03 -5.676015273820059475e-04
7.632295943568272872e-03 -1.733014155113094847e-03 -5.857790967649590319e-04
7.573460019513616158e-03 -1.697277087038755183e-03 -6.031265300855092855e-04
7.515077650455386817e-03 -1.661828373157285630e-03 -6.196609349523891225e-04
7.457145340023996032e-03 -1.626675950998898940e-03 -6.353992814889276863e-04
7.399659618802734151e-03 -1.591827376426000916e-03 -6.503583985059468520e-04
7.342617044119938673e-03 -1.557289831694616501e-03 -6.645549698582545054e-04
7.286014199842874399e-03 -1.523070133446825054e-03 -6.780055309808044346e-04
7.229847696173122805e-03 -1.489174740632398953e-03 -6.907264656007152228e-04
7.174114169443563012e-03 -1.455609762358120278e-03 -7.027340026213295832e-04
7.118810281916963453e-03 -1.422380965663264845e-03 -7.140442131745154165e-04
7.063932721586080148e-03 -1.389493783219776469e-03 -7.246730078375058235e-04
7.009478201975289334e-03 -1.356953320955802235e-03 -7.346361340105450567e-04
6.955443461943789166e-03 -1.324764365601339760e-03 -7.439491734516858910e-04
6.901825265490303674e-03 -1.292931392154765893e-03 -7.526275399651005888e-04
6.848620401559280327e-03 -1.261458571269124694e-03 -7.606864772393280268e-04
6.795825683848566445e-03 -1.230349776557124967e-03 -7.681410568318931039e-04
6.743437950618627781e-03 -1.199608591813906703e-03 -7.750061762967809520e-04
6.691454064503180900e-03 -1.169238318156592613e-03 -7.812965574513038762e-04
6.639870912321287066e-03 -1.139241981079828310e-03 -7.870267447789225856e-04
6.588685404890953605e-03 -1.109622337426554358e-03 -7.922111039646199211e-04
6.537894476844084875e-03 -1.080381882273210485e-03 -7.968638205594876303e-04
6.487495086442947659e-03 -1.051522855728833110e-03 -8.009988987712018081e-04
6.437484215397967953e-03 -1.023047249647344049e-03 -8.046301603771290837e-04
6.387858868687010944e-03 -9.949568142525989055e-04 -8.077712437568258016e-04
6.338616074376000192e-03 -9.672530646756442385e-04 -8.104356030407468704e-04
6.289752883440921129e-03 -9.399372874037939703e-04 -8.126365073720238875e-04
6.241266369591240079e-03 -9.130105466411930467e-04 -8.143870402782025066e-04
6.193153629094645153e-03 -8.864736905805041664e-04 -8.157000991498920047e-04
6.145411780603136746e-03 -8.603273575854832825e-04 -8.165883948232999581e-04
6.098037964980479800e-03 -8.345719822842540339e-04 -8.170644512636851065e-04
6.051029345130990063e-03 -8.092078015730996094e-04 -8.171406053467941211e-04
6.004383105829617061e-03 -7.842348605306599402e-04 -8.168290067354019857e-04
5.958096453553330708e-03 -7.596530182424669981e-04 -8.161416178481033451e-04
5.912166616313857537e-03 -7.354619535358307772e-04 -8.150902139175600749e-04
5.866590843491655514e-03 -7.116611706250441927e-04 -8.136863831354456669e-04
5.821366405671174298e-03 -6.882500046669993770e-04 -8.119415268813714830e-04
5.776490594477423461e-03 -6.652276272273399509e-04 -8.098668600331242673e-04
5.731960722413765447e-03 -6.425930516572468448e-04 -8.074734113555865960e-04
5.687774122700953172e-03 -6.203451383810641056e-04 -8.047720239657547674e-04
5.643928149117436593e-03 -5.984826000949932355e-04 -8.017733558713130860e-04
5.600420175840896582e-03 -5.770040068770967588e-04 -7.984878805802626388e-04
5.557247597290980966e-03 -5.559077912088900876e-04 -7.949258877791502524e-04
5.514407827973247939e-03 -5.351922529088495514e-04 -7.910974840774802948e-04
5.471898302324357602e-03 -5.148555639782182282e-04 -7.870125938159455454e-04
5.429716474558411894e-03 -4.948957733594428615e-04 -7.826809599361343869e-04
5.387859818514479336e-03 -4.753108116076818325e-04 -7.781121449094353286e-04
5.346325827505345359e-03 -4.560984954758513701e-04 -7.733155317229012827e-04
5.305112014167351168e-03 -4.372565324136157608e-04 -7.683003249198434989e-04
5.264215910311472943e-03 -4.187825249808938563e-04 -7.630755516930257847e-04
5.223635066775472215e-03 -4.006739751763290554e-04 -7.576500630283082788e-04
5.183367053277248421e-03 -3.829282886813351744e-04 -7.520325348966810106e-04
5.143409458269288664e-03 -3.655427790202400305e-04 -7.462314694926353931e-04
5.103759888794228566e-03 -3.485146716371293396e-04 -7.402551965168747061e-04
5.064415970341571045e-03 -3.318411078900320691e-04 -7.341118745014146071e-04
5.025375346705471952e-03 -3.155191489630364038e-04 -7.278094921751399960e-04
4.986635679843623783e-03 -2.995457796970170936e-04 -7.213558698679447320e-04
4.948194649737241817e-03 -2.839179123396423773e-04 -7.147586609516146366e-04
4.910049954252138776e-03 -2.686323902153490051e-04 -7.080253533156508636e-04
4.872199309000842075e-03 -2.536859913159807676e-04 -7.011632708762644342e-04
4.834640447205776174e-03 -2.390754318128196834e-04 -6.941795751168189236e-04
4.797371119563537817e-03 -2.247973694907642612e-04 -6.870812666580432791e-04
4.760389094110179138e-03 -2.108484071053739594e-04 -6.798751868563494361e-04
4.723692156087524671e-03 -1.972250956635612567e-04 -6.725680194286430633e-04
4.687278107810564746e-03 -1.839239376287268109e-04 -6.651662921020704174e-04
4.651144768535825542e-03 -1.709413900510920131e-04 -6.576763782871340898e-04
4.615289974330760887e-03 -1.582738676240523902e-04 -6.501044987726861115e-04
4.579711577944183161e-03 -1.459177456673714285e-04 -6.424567234413394029e-04
4.544407448677656100e-03 -1.338693630380113843e-04 -6.347389730038439795e-04
4.509375472257886805e-03 -1.221250249694484657e-04 -6.269570207510419789e-04
4.474613550710119549e-03 -1.106810058403141599e-04 -6.191164943220381226e-04
4.440119602232482816e-03 -9.953355187319880249e-05 -6.112228774872467338e-04
4.405891561071332077e-03 -8.867888376448275858e-05 -6.032815119450298793e-04
4.371927377397523233e-03 -7.811319924604513448e-05 -5.952975991306507474e-04
4.338225017183647975e-03 -6.783267557972094686e-05 -5.872762020363174375e-04
4.304782462082241447e-03 -5.783347198539004832e-05 -5.792222470411244328e-04
4.271597709304894575e-03 -4.811173200355745337e-05 -5.711405257497164777e-04
4.238668771502305740e-03 -3.866358579330996990e-05 -5.630356968385363424e-04
4.205993676645284826e-03 -2.948515236655241243e-05 -5.549122879085727038e-04
4.173570467906637625e-03 -2.057254175938298292e-05 -5.467746973435068120e-04
4.141397203543973997e-03 -1.192185714151633478e-05 -5.386271961722349962e-04
4.109471956783434556e-03 -3.529196864649272013e-06 -5.304739299347499201e-04
4.077792815704297733e-03 4.609343549349309151e-06 -5.223189205503893026e-04
4.046357883124464608e-03 1.249766947952265039e-05 -5.141660681874994122e-04
4.015165276486864880e-03 2.013968533527911548e-05 -5.060191531335988136e-04
3.984213127746704178e-03 2.753929274333389229e-05 -4.978818376651241535e-04
3.953499583259581333e-03 3.470038879123461578e-05 -4.897576679158958295e-04
3.923022803670505980e-03 4.162686432656639813e-05 -4.816500757434730422e-04
3.892780963803702844e-03 4.832260231096676333e-05 -4.735623805925470243e-04
3.862772252553351490e-03 5.479147622802128955e-05 -4.654977913546296041e-04
3.832994872775100613e-03 6.103734854418357825e-05 -4.574594082232241710e-04
3.803447041178433224e-03 6.706406922180991822e-05 -4.494502245437682376e-04
3.774126988219891812e-03 7.287547428342151963e-05 -4.414731286576334358e-04
3.745032957997094115e-03 7.847538442632059354e-05 -4.335309057394767514e-04
3.716163208143567678e-03 8.386760368667485639e-05 -4.256262396272888983e-04
3.687516009724421413e-03 8.905591815218349397e-05 -4.177617146445023215e-04
3.659089647132797354e-03 9.404409472246825488e-05 -4.099398174135286351e-04
3.630882417987116046e-03 9.883587991630905746e-05 -4.021629386601324936e-04
3.602892633029144195e-03 1.034349987248562062e-04 -3.944333750080822819e-04
3.575118616022820387e-03 1.078451535099692168e-04 -3.867533307635076631e-04
3.547558703653861008e-03 1.120700229468212579e-04 -3.791249196884445929e-04
3.520211245430165427e-03 1.161132610099128250e-04 -3.715501667630646799e-04
3.493074603582964951e-03 1.199784960016615320e-04 -3.640310099360892352e-04
3.466147152968730282e-03 1.236693296227213141e-04 -3.565693018629285818e-04
3.439427280971871746e-03 1.271893360831954174e-04 -3.491668116311071415e-04
3.412913387408126470e-03 1.305420612539267471e-04 -3.418252264725243558e-04
3.386603884428766517e-03 1.337310218570281748e-04 -3.345461534621784220e-04
3.360497196425487037e-03 1.367597046948541969e-04 -3.273311212029283231e-04
3.334591759936039474e-03 1.396315659165987442e-04 -3.201815814959441727e-04
3.308886023550618952e-03 1.423500303217138533e-04 -3.130989109964953522e-04
3.283378447818945112e-03 1.449184906993660523e-04 -3.060844128547284102e-04
3.258067505158058520e-03 1.473403072031344676e-04 -2.991393183411236137e-04
3.232951679760857813e-03 1.496188067601748493e-04 -2.922647884563389338e-04
3.208029467505310334e-03 1.517572825140779181e-04 -2.854619155251411958e-04
3.183299375864367085e-03 1.537589933006582922e-04 -2.787317247741644567e-04
3.158759923816596270e-03 1.556271631559134818e-04 -2.720751758932513933e-04
3.134409641757478649e-03 1.573649808554094599e-04 -2.654931645801262207e-04
3.110247071411391135e-03 1.589755994843502379e-04 -2.589865240681852275e-04
3.086270765744289057e-03 1.604621360375963043e-04 -2.525560266372051089e-04
3.062479288877038072e-03 1.618276710489115005e-04 -2.462023851067626670e-04
3.038871215999417418e-03 1.630752482487206182e-04 -2.399262543121956034e-04
3.015445133284805779e-03 1.642078742496684085e-04 -2.337282325629449987e-04
2.992199637805506834e-03 1.652285182592839151e-04 -2.276088630831167418e-04
2.969133337448711871e-03 1.661401118190575178e-04 -2.215686354341257585e-04
2.946244850833164113e-03 1.669455485692471241e-04 -2.156079869193149457e-04
2.923532807226401128e-03 1.676476840387443378e-04 -2.097273039704045854e-04
2.900995846462684630e-03 1.682493354593308133e-04 -2.039269235157018716e-04
2.878632618861536995e-03 1.687532816036725386e-04 -1.982071343299595311e-04
2.856441785146903584e-03 1.691622626464032335e-04 -1.925681783658140113e-04
2.834422016366963410e-03 1.694789800476581869e-04 -1.870102520667415980e-04
2.812571993814532226e-03 1.697060964584292341e-04 -1.815335076614633210e-04
2.790890408948083594e-03 1.698462356471225289e-04 -1.761380544397618618e-04
2.769375963313397068e-03 1.699019824467019792e-04 -1.708239600096771551e-04
2.748027368465789239e-03 1.698758827218220654e-04 -1.655912515360457703e-04
2.726843345892945858e-03 1.697704433553511797e-04 -1.604399169603729341e-04
2.705822626938369363e-03 1.695881322537035160e-04 -1.553699062020366239e-04
2.684963952725394950e-03 1.693313783704017915e-04 -1.503811323408136506e-04
2.664266074081791252e-03 1.690025717473049290e-04 -1.454734727807457267e-04
2.643727751464968606e-03 1.686040635729429038e-04 -1.406467703953696174e-04
2.623347754887736354e-03 1.681381662574080638e-04 -1.359008346543286400e-04
2.603124863844629138e-03 1.676071535232640983e-04 -1.312354427314041633e-04
2.583057867238843820e-03 1.670132605119421863e-04 -1.266503405940235677e-04
2.563145563309681199e-03 1.663586839050990246e-04 -1.221452440742700353e-04
2.543386759560594020e-03 1.656455820604265945e-04 -1.177198399214786161e-04
2.523780272687766238e-03 1.648760751614072612e-04 -1.133737868364644599e-04
2.504324928509239160e-03 1.640522453805174806e-04 -1.091067164874623592e-04
2.485019561894607001e-03 1.631761370553956895e-04 -1.049182345078592449e-04
2.465863016695235034e-03 1.622497568774937827e-04 -1.008079214757953387e-04
2.446854145675011159e-03 1.612750740927424971e-04 -9.677533387572815195e-05
2.427991810441656496e-03 1.602540207137722510e-04 -9.282000504206063668e-05
2.409274881378542944e-03 1.591884917432330687e-04 -8.894144608492496773e-05
2.390702237577035927e-03 1.580803454077733242e-04 -8.513914679823471365e-05
2.372272766769380550e-03 1.569314034022400712e-04 -8.141257655012029421e-05
2.353985365262082144e-03 1.557434511436742738e-04 -7.776118515585674139e-05
2.335838937869805058e-03 1.545182380346827309e-04 -7.418440373341016788e-05
2.317832397849795781e-03 1.532574777357767059e-04 -7.068164554173174679e-05
2.299964666836794378e-03 1.519628484462752114e-04 -6.725230680192242167e-05
2.282234674778451603e-03 1.506359931933778386e-04 -6.389576750140772146e-05
2.264641359871249950e-03 1.492785201290245702e-04 -6.061139218126136295e-05
2.247183668496913027e-03 1.478920028341627543e-04 -5.739853070681719160e-05
2.229860555159311492e-03 1.464779806300522318e-04 -5.425651902171784683e-05
2.212670982421848214e-03 1.450379588962482529e-04 -5.118467988554649921e-05
2.195613920845322208e-03 1.435734093949056196e-04 -4.818232359519469436e-05
2.178688348926290010e-03 1.420857706010633127e-04 -4.524874869012572885e-05
2.161893253035885448e-03 1.405764480385660227e-04 -4.238324264168510924e-05
2.145227627359108224e-03 1.390468146212947738e-04 -3.958508252662206627e-05
2.128690473834602120e-03 1.374982109993855295e-04 -3.685353568498912514e-05
2.112280802094877296e-03 1.359319459101161276e-04 -3.418786036257885901e-05
2.095997629406992722e-03 1.343492965331560731e-04 -3.158730633806943453e-05
2.079839980613715656e-03 1.327515088498801093e-04 -2.905111553505178813e-05
2.063806888075115243e-03 1.311397980064483353e-04 -2.657852261910478023e-05
2.047897391610609304e-03 1.295153486803688348e-04 -2.416875558009542500e-05
2.032110538441469529e-03 1.278793154502650710e-04 -2.182103629988208616e-05
2.016445383133760351e-03 1.262328231685726600e-04 -1.953458110559267794e-05
2.000900987541711067e-03 1.245769673369015744e-04 -1.730860130865911938e-05
1.985476420751547226e-03 1.229128144838082838e-04 -1.514230372979072657e-05
1.970170759025721002e-03 1.212414025447189803e-04 -1.303489121005934610e-05
1.954983085747613418e-03 1.195637412437694150e-04 -1.098556310828992912e-05
1.939912491366626223e-03 1.178808124773118859e-04 -8.993515784927889051e-06
1.924958073343710063e-03 1.161935706988640111e-04 -7.057943072573631228e-06
1.910118936097323717e-03 1.145029433052741118e-04 -5.178036733368967093e-06
1.895394190949793419e-03 1.128098310238791430e-04 -3.352986903416561855e-06
1.880782956074089369e-03 1.111151083004465145e-04 -1.581982524420215989e-06
1.866284356441023787e-03 1.094196236876915026e-04 1.357882372665339624e-07
1.851897523766842966e-03 1.077242002341686561e-04 1.801137584000999040e-06
1.837621596461223947e-03 1.060296358733425981e-04 3.414877692432821219e-06
1.823455719575684496e-03 1.043367038126503975e-04 4.977820331118319668e-06
1.809399044752379266e-03 1.026461529223702347e-04 6.490776489984730349e-06
1.795450730173287152e-03 1.009587081241196491e-04 7.954556021456198034e-06
1.781609940509808025e-03 9.927507077881235010e-05 9.369967293053836475e-06
1.767875846872731579e-03 9.759591907390507862e-05 1.073781685128723920e-05
1.754247626762593226e-03 9.592190840977404419e-05 1.205890909665008660e-05
1.740724464020427902e-03 9.425367178506760405e-05 1.333404596953316059e-05
1.727305548778875150e-03 9.259182018087878821e-05 1.456402664687491400e-05
1.713990077413698153e-03 9.093694294360018008e-05 1.574964724935858264e-05
1.700777252495644723e-03 8.928960816631353848e-05 1.689170055897933536e-05
1.687666282742690364e-03 8.765036306858215950e-05 1.799097574679467794e-05
1.674656382972657120e-03 8.601973437451660570e-05 1.904825811067604929e-05
1.661746774056188907e-03 8.439822868898524347e-05 2.006432882288275069e-05
1.648936682870085066e-03 8.278633287184929623e-05 2.103996468727645171e-05
1.636225342251009917e-03 8.118451441010882976e-05 2.197593790599619345e-05
1.623611990949544708e-03 7.959322178784372789e-05 2.287301585541757435e-05
1.611095873584594091e-03 7.801288485384405709e-05 2.373196087121775353e-05
1.598676240598156462e-03 7.644391518682852854e-05 2.455353004236920469e-05
1.586352348210431484e-03 7.488670645814912892e-05 2.533847501388919194e-05
1.574123458375271522e-03 7.334163479188870593e-05 2.608754179817005531e-05
1.561988838735991515e-03 7.180905912226271206e-05 2.680147059471704707e-05
1.549947762581505191e-03 7.028932154823599901e-05 2.748099561812416313e-05
1.537999508802800853e-03 6.878274768527292725e-05 2.812684493411708912e-05
1.526143361849762814e-03 6.728964701414446312e-05 2.873974030349400028e-05
1.514378611688317871e-03 6.581031322671410577e-05 2.932039703379869471e-05
1.502704553757902486e-03 6.434502456863222530e-05 2.986952383855957742e-05
1.491120488929286673e-03 6.289404417887577907e-05 3.038782270392918807e-05
1.479625723462688449e-03 6.145762042606108997e-05 3.087598876256401062e-05
1.468219568966238698e-03 6.003598724147805161e-05 3.133471017458102297e-05
1.456901342354750481e-03 5.862936444878191430e-05 3.176466801543281505e-05
1.445670365808807535e-03 5.723795809029243311e-05 3.216653617054310055e-05
1.434525966734178683e-03 5.586196074984992179e-05 3.254098123654550439e-05
1.423467477721534948e-03 5.450155187217867821e-05 3.288866242897188599e-05
1.412494236506475027e-03 5.315689807871482644e-05 3.321023149623683466e-05
1.401605585929872758e-03 5.182815347985866345e-05 3.350633263976654199e-05
1.390800873898516464e-03 5.051545998361037156e-05 3.377760244012307508e-05
1.380079453346054691e-03 4.921894760055531704e-05 3.402466978897602314e-05
1.369440682194251373e-03 4.793873474516756084e-05 3.424815582677489943e-05
1.358883923314529616e-03 4.667492853339833014e-05 3.444867388597841137e-05
1.348408544489812771e-03 4.542762507652513092e-05 3.462682943969818214e-05
1.338013918376669293e-03 4.419690977123640887e-05 3.478322005561529292e-05
1.327699422467739938e-03 4.298285758592826545e-05 3.491843535503144413e-05
1.317464439054453562e-03 4.178553334319437068e-05 3.503305697691723149e-05
1.307308355190038920e-03 4.060499199849297233e-05 3.512765854682221503e-05
1.297230562652814875e-03 3.944127891497394559e-05 3.520280565051311927e-05
1.287230457909767064e-03 3.829443013445534618e-05 3.525905581220867112e-05
1.277307442080404063e-03 3.716447264453699175e-05 3.529695847728118806e-05
1.267460920900886565e-03 3.605142464184399044e-05 3.531705499929691991e-05
1.257690304688446458e-03 3.495529579139468708e-05 3.531987863126876662e-05
1.247995008306068080e-03 3.387608748208683365e-05 3.530595452099751576e-05
1.238374451127443113e-03 3.281379307830078443e-05 3.527579971037886119e-05
1.228828057002204557e-03 3.176839816762052916e-05 3.522992313855576827e-05
1.219355254221420048e-03 3.073988080467180518e-05 3.516882564879744526e-05
1.209955475483349063e-03 2.972821175108159150e-05 3.509299999898798971e-05
1.200628157859476601e-03 2.873335471156526975e-05 3.500293087561004858e-05
1.191372742760796882e-03 2.775526656614584647e-05 3.489909491110996267e-05
1.182188675904357472e-03 2.679389759851455747e-05 3.478196070453329851e-05
1.173075407280071850e-03 2.584919172054407237e-05 3.465198884532148680e-05
1.164032391117776578e-03 2.492108669296304739e-05 3.450963194016176395e-05
1.155059085854545642e-03 2.400951434220679884e-05 3.435533464278465283e-05
1.146154954102259361e-03 2.311440077345801897e-05 3.418953368660546826e-05
1.137319462615420931e-03 2.223566657989269944e-05 3.401265792010715335e-05
1.128552082259223852e-03 2.137322704814869796e-05 3.382512834486474043e-05
1.119852287977861349e-03 2.052699236003475923e-05 3.362735815611266591e-05
1.111219558763080172e-03 1.969686779049920785e-05 3.341975278575828922e-05
1.102653377622983110e-03 1.888275390188033938e-05 3.320270994774698518e-05
1.094153231551066134e-03 1.808454673445826911e-05 3.297661968568552798e-05
1.085718611495492319e-03 1.730213799333191492e-05 3.274186442263237509e-05
1.077349012328611671e-03 1.653541523164599983e-05 3.249881901296566877e-05
1.069043932816707548e-03 1.578426203019089023e-05 3.224785079624080961e-05
1.060802875589976187e-03 1.504855817340234743e-05 3.198931965295152315e-05
1.052625347112746707e-03 1.432817982178822838e-05 3.172357806211062426e-05
1.044510857653920769e-03 1.362299968080852890e-05 3.145097116056707720e-05
1.036458921257641655e-03 1.293288716623773982e-05 3.117183680397882201e-05
1.028469055714197316e-03 1.225770856603955847e-05 3.088650562936254599e-05
1.020540782531138965e-03 1.159732719878227865e-05 3.059530111914191729e-05
1.012673626904622357e-03 1.095160356862669736e-05 3.029853966661898648e-05
1.004867117690981526e-03 1.032039551691810891e-05 2.999653064279475900e-05
9.971207873785005015e-04 9.703558370412657631e-06 2.968957646446512152e-05
9.894341720594287438e-04 9.100945086173650058e-06 2.937797266352285165e-05
9.818068114021915281e-04 8.512406393167767390e-06 2.906200795739462134e-05
9.742382486238204166e-04 7.937790930596901122e-06 2.874196432054582762e-05
9.667280304626029580e-04 7.376945382999930152e-06 2.841811705698759881e-05
9.592757071509355662e-04 6.829714612158009844e-06 2.809073487371998565e-05
9.518808323883849992e-04 6.295941785839132246e-06 2.776007995504888376e-05
9.445429633149666788e-04 5.775468503418382398e-06 2.742640803771531163e-05
9.372616604846191425e-04 5.268134918408373474e-06 2.708996848677587801e-05
9.300364878388853607e-04 4.773779857937002272e-06 2.675100437217643734e-05
9.228670126808026552e-04 4.292240939209790286e-06 2.640975254596177212e-05
9.157528056489873391e-04 3.823354682992521269e-06 2.606644372006493713e-05
9.086934406919187435e-04 3.366956624152203248e-06 2.572130254462209279e-05
9.016884950424293487e-04 2.922881419294201268e-06 2.537454768676048426e-05
8.947375491923834599e-04 2.490962951532389347e-06 2.502639190980689119e-05
8.878401868675517977e-04 2.071034432430706215e-06 2.467704215286709135e-05
8.809959950026869909e-04 1.662928501154763233e-06 2.432669961072760005e-05
8.742045637167836008e-04 1.266477320870841523e-06 2.397555981403152293e-05
8.674654862885270139e-04 8.815126724309606904e-07 2.362381270968261975e-05
8.607783591319456218e-04 5.078660453835386435e-07 2.327164274143343525e-05
8.541427817722315949e-04 1.453687263464182592e-07 2.291922893061230275e-05
8.475583568217638598e-04 -2.061481152172980120e-07 2.256674495694854253e-05
8.410246899563074766e-04 -5.468533437830301386e-07 2.221435923945364578e-05
8.345413898913959204e-04 -8.769157770690349593e-07 2.186223501731876216e-05
8.281080683589028824e-04 -1.196504107822016540e-06 2.151053043079049665e-05
8.217243400837872169e-04 -1.505786828046164269e-06 2.115939860198662114e-05
8.153898227610181923e-04 -1.804932155636333222e-06 2.080898771561574611e-05
8.091041370326844048e-04 -2.094107963376579173e-06 2.045944109956631209e-05
8.028669064652724794e-04 -2.373481710265939286e-06 2.011089730532992852e-05
7.966777575271217354e-04 -2.643220375132643094e-06 1.976349018822676782e-05
7.905363195660583975e-04 -2.903490392498076238e-06 1.941734898740135929e-05
7.844422247871961221e-04 -3.154457590652704674e-06 1.907259840555741224e-05
7.783951082309076112e-04 -3.396287131905463823e-06 1.872935868840240486e-05
7.723946077509723012e-04 -3.629143454968308570e-06 1.838774570377351941e-05
7.664403639928868981e-04 -3.853190219438509806e-06 1.804787102041684603e-05
7.605320203723398443e-04 -4.068590252340873268e-06 1.770984198639319088e-05
7.546692230538653299e-04 -4.275505496691581657e-06 1.737376180708592773e-05
7.488516209296445375e-04 -4.474096962047562447e-06 1.703972962278446578e-05
7.430788655984848059e-04 -4.664524677003007417e-06 1.670784058582152761e-05
7.373506113449517733e-04 -4.846947643596820527e-06 1.637818593723993084e-05
7.316665151186641522e-04 -5.021523793594100787e-06 1.605085308296787044e-05
7.260262365137531938e-04 -5.188409946604853978e-06 1.572592566948183756e-05
7.204294377484742658e-04 -5.347761770004146953e-06 1.540348365893640234e-05
7.148757836449763994e-04 -5.499733740617470119e-06 1.508360340374218853e-05
7.093649416092331645e-04 -5.644479108135459140e-06 1.476635772057384590e-05
7.038965816111222981e-04 -5.782149860222801117e-06 1.445181596378984451e-05
6.984703761646597229e-04 -5.912896689286006519e-06 1.414004409824783318e-05
6.930860003083904501e-04 -6.036868960865032203e-06 1.383110477149976136e-05
6.877431315859256324e-04 -6.154214683614437160e-06 1.352505738535110977e-05
6.824414500266302126e-04 -6.265080480839598409e-06 1.322195816677020946e-05
6.771806381264637706e-04 -6.369611563554014271e-06 1.292186023813408349e-05
6.719603808289642674e-04 -6.467951705024138099e-06 1.262481368679759048e-05
6.667803655063793498e-04 -6.560243216768379538e-06 1.233086563397379156e-05
6.616402819409452143e-04 -6.646626925977188212e-06 1.204006030291425637e-05
6.565398223063075023e-04 -6.727242154321674279e-06 1.175243908637812570e-05
6.514786811490881277e-04 -6.802226698118317728e-06 1.146804061338015599e-05
6.464565553705913176e-04 -6.871716809817951009e-06 1.118690081520786240e-05
6.414731442086497306e-04 -6.935847180787227537e-06 1.090905299069901417e-05
6.365281492196168348e-04 -6.994750925351346829e-06 1.063452787077161152e-05
6.316212742604910158e-04 -7.048559566067160204e-06 1.036335368219805501e-05
6.267522254711798725e-04 -7.097403020196118153e-06 1.009555621061677861e-05
6.219207112569041579e-04 -7.141409587346744033e-06 9.831158862775127530e-06
6.171264422707335587e-04 -7.180705938256948998e-06 9.570182727997004362e-06
6.123691313962569167e-04 -7.215417104686696158e-06 9.312646638870170903e-06
6.076484937303906850e-04 -7.245666470391898914e-06 9.058567231148665510e-06
6.029642465663153207e-04 -7.271575763150875452e-06 8.807959002865414758e-06
5.983161093765428660e-04 -7.293265047815106646e-06 8.560834372651564861e-06
5.937038037961203793e-04 -7.310852720356221587e-06 8.317203737259385278e-06
5.891270536059575085e-04 -7.324455502881769422e-06 8.077075528285412290e-06
5.845855847162830833e-04 -7.334188439592553869e-06 7.840456268091691223e-06
5.800791251502346313e-04 -7.340164893654697241e-06 7.607350624923485966e-06
5.756074050275641202e-04 -7.342496544960136159e-06 7.377761467221117095e-06
5.711701565484823698e-04 -7.341293388749397646e-06 7.151689917126033653e-06
5.667671139776177388e-04 -7.336663735071134511e-06 6.929135403179299154e-06
5.623980136281003621e-04 -7.328714209053081867e-06 6.710095712212864503e-06
5.580625938457743239e-04 -7.317549751959618428e-06 6.494567040433834516e-06
5.537605949935259491e-04 -7.303273623011479576e-06 6.282544043701825436e-06
5.494917594357333086e-04 -7.285987401943442798e-06 6.074019887000458699e-06
5.452558315228402987e-04 -7.265790992276427825e-06 5.868986293104504582e-06
5.410525575760448879e-04 -7.242782625280526620e-06 5.667433590443736235e-06
5.368816858721053246e-04 -7.217058864606179733e-06 5.469350760165659945e-06
5.327429666282681000e-04 -7.188714611560848518e-06 5.274725482399521281e-06
5.286361519873075850e-04 -7.157843111009059546e-06 5.083544181723693704e-06
5.245609960026812423e-04 -7.124535957874045703e-06 4.895792071839526041e-06
5.205172546238034503e-04 -7.088883104219583680e-06 4.711453199454898061e-06
5.165046856814278558e-04 -7.050972866890923184e-06 4.530510487380521612e-06
5.125230488731440017e-04 -7.010891935694283412e-06 4.352945776842836218e-06
5.085721057489894217e-04 -6.968725382094583765e-06 4.178739869017646241e-06
5.046516196971638675e-04 -6.924556668411413741e-06 4.007872565788009675e-06
5.007613559298655084e-04 -6.878467657493981325e-06 3.840322709731731011e-06
4.969010814692267691e-04 -6.830538622855542871e-06 3.676068223342150781e-06
4.930705651333609730e-04 -6.780848259248764456e-06 3.515086147487617238e-06
4.892695775225203332e-04 -6.729473693663540917e-06 3.357352679114739302e-06
4.854978910053558039e-04 -6.676490496729104557e-06 3.202843208200365745e-06
4.817552797052844851e-04 -6.621972694502847596e-06 3.051532353957942880e-06
4.780415194869643632e-04 -6.565992780628462839e-06 2.903394000304040635e-06
4.743563879428703157e-04 -6.508621728846384834e-06 2.758401330590549343e-06
4.706996643799734952e-04 -6.449929005839883079e-06 2.616526861608711109e-06
4.670711298065270732e-04 -6.389982584400640812e-06 2.477742476871292327e-06
4.634705669189500502e-04 -6.328848956897661378e-06 2.342019459178872341e-06
4.598977600888124926e-04 -6.266593149034084488e-06 2.209328522476911826e-06
4.563524953499243112e-04 -6.203278733876563276e-06 2.079639843010256476e-06
4.528345603855202630e-04 -6.138967846142305394e-06 1.952923089781580781e-06
4.493437445155436141e-04 -6.073721196729100753e-06 1.829147454320716499e-06
4.458798386840316110e-04 -6.007598087474257378e-06 1.708281679771974549e-06
4.424426354465946253e-04 -5.940656426128326178e-06 1.590294089306279588e-06
4.390319289579901131e-04 -5.872952741529997747e-06 1.475152613865335026e-06
4.356475149598004401e-04 -5.804542198969153123e-06 1.362824819245434819e-06
4.322891907681953834e-04 -5.735478615724654907e-06 1.253277932527667141e-06
4.289567552617970904e-04 -5.665814476764637421e-06 1.146478867862558055e-06
4.256500088696344298e-04 -5.595600950596656470e-06 1.042394251616267259e-06
4.223687535591898797e-04 -5.524887905255732686e-06 9.409904468860771831e-07
4.191127928245423130e-04 -5.453723924418653599e-06 8.422335773929351933e-07
4.158819316745973865e-04 -5.382156323632913146e-06 7.460895507585583853e-07
4.126759766214091658e-04 -5.310231166649210281e-06 6.525240811749864220e-07
4.094947356685947745e-04 -5.237993281846728179e-06 5.615027114744973015e-07
4.063380182998350748e-04 -5.165486278740460445e-06 4.729908346075602259e-07
4.032056354674639818e-04 -5.092752564560383500e-06 3.869537145368401978e-07
4.000973995811492301e-04 -5.019833360892523365e-06 3.033565065552771760e-07
3.970131244966569497e-04 -4.946768720372053128e-06 2.221642770360347162e-07
3.939526255047027061e-04 -4.873597543418988553e-06 1.433420226224080031e-07
3.909157193198920964e-04 -4.800357595007432969e-06 6.685468886579172792e-08
3.879022240697431478e-04 -4.727085521459223482e-06 -7.332811680430416888e-09
3.849119592837936641e-04 -4.653816867253426867e-06 -7.925558190292902918e-08
3.819447458827944942e-04 -4.580586091843318997e-06 -1.489487230983227841e-07
3.790004061679839542e-04 -4.507426586472546889e-06 -2.164473184629510665e-07
3.760787638104474127e-04 -4.434370690982727239e-06 -2.817864170943876971e-07
3.731796438405562402e-04 -4.361449710604665886e-06 -3.450010184967209446e-07
3.703028726374886699e-04 -4.288693932725838335e-06 -4.061260575815229407e-07
3.674482779188338708e-04 -4.216132643627021327e-06 -4.651963901564034597e-07
3.646156887302735416e-04 -4.143794145180981584e-06 -5.222467788932640252e-07
