# voxelSize	 Nz	 altura(um)	 radio(um)	 distancia (um)	 densidad
0.1250	1024	10.0000	1.0000	6.0000	0.1032
0.1250	1024	50.0000	1.0000	6.0000	0.1032
0.1250	1024	10.0000	1.0000	4.2500	0.2110
0.1250	1024	50.0000	1.0000	4.2500	0.2110
0.1250	1024	10.0000	1.0000	3.5000	0.3095
0.1250	1024	50.0000	1.0000	3.5000	0.3095
0.1250	1024	10.0000	1.0000	3.0000	0.4127
0.1250	1024	50.0000	1.0000	3.0000	0.4127
0.1250	1024	10.0000	1.0000	2.7500	0.4976
0.1250	1024	50.0000	1.0000	2.7500	0.4976
0.1250	1024	10.0000	1.0000	2.5000	0.6118
0.1250	1024	50.0000	1.0000	2.5000	0.6118
0.1250	1024	10.0000	1.0000	2.2500	0.7222
0.1250	1024	50.0000	1.0000	2.2500	0.7222
0.1250	1024	10.0000	2.0000	12.0000	0.1019
0.1250	1024	50.0000	2.0000	12.0000	0.1019
0.1250	1024	10.0000	2.0000	8.5000	0.2024
0.1250	1024	50.0000	2.0000	8.5000	0.2024
0.1250	1024	10.0000	2.0000	7.0000	0.3021
0.1250	1024	50.0000	2.0000	7.0000	0.3021
0.1250	1024	10.0000	2.0000	6.0000	0.4028
0.1250	1024	50.0000	2.0000	6.0000	0.4028
0.1250	1024	10.0000	2.0000	5.2500	0.5370
0.1250	1024	50.0000	2.0000	5.2500	0.5370
0.1250	1024	10.0000	2.0000	4.7500	0.6475
0.1250	1024	50.0000	2.0000	4.7500	0.6475
0.1250	1024	10.0000	2.0000	4.5000	0.7276
0.1250	1024	50.0000	2.0000	4.5000	0.7276
0.1250	1024	10.0000	2.0000	4.2500	0.8235
0.1250	1024	50.0000	2.0000	4.2500	0.8235
0.1250	1024	10.0000	5.0000	21.2500	0.2010
0.1250	1024	50.0000	5.0000	21.2500	0.2010
0.1250	1024	10.0000	5.0000	17.2500	0.3034
0.1250	1024	50.0000	5.0000	17.2500	0.3034
0.1250	1024	10.0000	5.0000	15.0000	0.4026
0.1250	1024	50.0000	5.0000	15.0000	0.4026
0.1250	1024	10.0000	5.0000	13.5000	0.4949
0.1250	1024	50.0000	5.0000	13.5000	0.4949
0.1250	1024	10.0000	5.0000	12.2500	0.6031
0.1250	1024	50.0000	5.0000	12.2500	0.6031
0.1250	1024	10.0000	5.0000	11.2500	0.7157
0.1250	1024	50.0000	5.0000	11.2500	0.7157
0.1250	1024	10.0000	5.0000	10.5000	0.8193
0.1250	1024	50.0000	5.0000	10.5000	0.8193
0.1250	1024	10.0000	5.0000	10.2500	0.8629
0.1250	1024	50.0000	5.0000	10.2500	0.8629
0.1250	1024	10.0000	10.0000	21.2500	0.8046
0.1250	1024	50.0000	10.0000	21.2500	0.8046
0.2500	512	10.0000	1.0000	6.0000	0.1032
0.2500	512	50.0000	1.0000	6.0000	0.1032
0.2500	512	10.0000	1.0000	4.0000	0.2321
0.2500	512	50.0000	1.0000	4.0000	0.2321
0.2500	512	10.0000	1.0000	3.5000	0.3095
0.2500	512	50.0000	1.0000	3.5000	0.3095
0.2500	512	10.0000	1.0000	3.0000	0.4333
0.2500	512	50.0000	1.0000	3.0000	0.4333
0.2500	512	10.0000	1.0000	2.5000	0.5778
0.2500	512	50.0000	1.0000	2.5000	0.5778
0.2500	512	10.0000	2.0000	12.0000	0.1032
0.2500	512	50.0000	2.0000	12.0000	0.1032
0.2500	512	10.0000	2.0000	8.5000	0.2110
0.2500	512	50.0000	2.0000	8.5000	0.2110
0.2500	512	10.0000	2.0000	7.0000	0.3095
0.2500	512	50.0000	2.0000	7.0000	0.3095
0.2500	512	10.0000	2.0000	6.0000	0.4127
0.2500	512	50.0000	2.0000	6.0000	0.4127
0.2500	512	10.0000	2.0000	5.5000	0.4976
0.2500	512	50.0000	2.0000	5.5000	0.4976
0.2500	512	10.0000	2.0000	5.0000	0.6118
0.2500	512	50.0000	2.0000	5.0000	0.6118
0.2500	512	10.0000	2.0000	4.5000	0.7222
0.2500	512	50.0000	2.0000	4.5000	0.7222
0.2500	512	10.0000	5.0000	30.0000	0.1013
0.2500	512	50.0000	5.0000	30.0000	0.1013
0.2500	512	10.0000	5.0000	21.0000	0.2061
0.2500	512	50.0000	5.0000	21.0000	0.2061
0.2500	512	10.0000	5.0000	17.5000	0.2960
0.2500	512	50.0000	5.0000	17.5000	0.2960
0.2500	512	10.0000	5.0000	15.0000	0.4051
0.2500	512	50.0000	5.0000	15.0000	0.4051
0.2500	512	10.0000	5.0000	13.5000	0.4980
0.2500	512	50.0000	5.0000	13.5000	0.4980
0.2500	512	10.0000	5.0000	12.0000	0.6270
0.2500	512	50.0000	5.0000	12.0000	0.6270
0.2500	512	10.0000	5.0000	11.5000	0.6870
0.2500	512	50.0000	5.0000	11.5000	0.6870
0.2500	512	10.0000	5.0000	10.5000	0.8360
0.2500	512	50.0000	5.0000	10.5000	0.8360
0.2500	512	10.0000	10.0000	42.5000	0.2010
0.2500	512	50.0000	10.0000	42.5000	0.2010
0.2500	512	10.0000	10.0000	34.5000	0.3034
0.2500	512	50.0000	10.0000	34.5000	0.3034
0.2500	512	10.0000	10.0000	30.0000	0.4026
0.2500	512	50.0000	10.0000	30.0000	0.4026
0.2500	512	10.0000	10.0000	27.0000	0.4949
0.2500	512	50.0000	10.0000	27.0000	0.4949
0.2500	512	10.0000	10.0000	24.5000	0.6031
0.2500	512	50.0000	10.0000	24.5000	0.6031
0.2500	512	10.0000	10.0000	22.5000	0.7157
0.2500	512	50.0000	10.0000	22.5000	0.7157
0.2500	512	10.0000	10.0000	21.0000	0.8193
0.2500	512	50.0000	10.0000	21.0000	0.8193
0.2500	512	10.0000	10.0000	20.5000	0.8629
0.2500	512	50.0000	10.0000	20.5000	0.8629
0.2500	512	10.0000	20.0000	42.5000	0.8046
0.2500	512	50.0000	20.0000	42.5000	0.8046
0.5000	512	10.0000	1.0000	6.0000	0.1000
0.5000	512	50.0000	1.0000	6.0000	0.1000
0.5000	512	10.0000	1.0000	4.0000	0.2143
0.5000	512	50.0000	1.0000	4.0000	0.2143
0.5000	512	10.0000	2.0000	12.0000	0.1032
0.5000	512	50.0000	2.0000	12.0000	0.1032
0.5000	512	10.0000	2.0000	8.0000	0.2321
0.5000	512	50.0000	2.0000	8.0000	0.2321
0.5000	512	10.0000	2.0000	7.0000	0.3095
0.5000	512	50.0000	2.0000	7.0000	0.3095
0.5000	512	10.0000	2.0000	6.0000	0.4333
0.5000	512	50.0000	2.0000	6.0000	0.4333
0.5000	512	10.0000	2.0000	5.0000	0.5778
0.5000	512	50.0000	2.0000	5.0000	0.5778
0.5000	512	10.0000	5.0000	30.0000	0.1013
0.5000	512	50.0000	5.0000	30.0000	0.1013
0.5000	512	10.0000	5.0000	21.0000	0.2090
0.5000	512	50.0000	5.0000	21.0000	0.2090
0.5000	512	10.0000	5.0000	17.0000	0.3205
0.5000	512	50.0000	5.0000	17.0000	0.3205
0.5000	512	10.0000	5.0000	15.0000	0.4051
0.5000	512	50.0000	5.0000	15.0000	0.4051
0.5000	512	10.0000	5.0000	13.0000	0.5284
0.5000	512	50.0000	5.0000	13.0000	0.5284
0.5000	512	10.0000	5.0000	12.0000	0.6270
0.5000	512	50.0000	5.0000	12.0000	0.6270
0.5000	512	10.0000	5.0000	11.0000	0.7560
0.5000	512	50.0000	5.0000	11.0000	0.7560
0.5000	512	10.0000	10.0000	60.0000	0.1013
0.5000	512	50.0000	10.0000	60.0000	0.1013
0.5000	512	10.0000	10.0000	42.0000	0.2061
0.5000	512	50.0000	10.0000	42.0000	0.2061
0.5000	512	10.0000	10.0000	35.0000	0.2960
0.5000	512	50.0000	10.0000	35.0000	0.2960
0.5000	512	10.0000	10.0000	30.0000	0.4051
0.5000	512	50.0000	10.0000	30.0000	0.4051
0.5000	512	10.0000	10.0000	27.0000	0.4980
0.5000	512	50.0000	10.0000	27.0000	0.4980
0.5000	512	10.0000	10.0000	24.0000	0.6270
0.5000	512	50.0000	10.0000	24.0000	0.6270
0.5000	512	10.0000	10.0000	23.0000	0.6870
0.5000	512	50.0000	10.0000	23.0000	0.6870
0.5000	512	10.0000	10.0000	21.0000	0.8360
0.5000	512	50.0000	10.0000	21.0000	0.8360
0.5000	512	10.0000	20.0000	85.0000	0.2010
0.5000	512	50.0000	20.0000	85.0000	0.2010
0.5000	512	10.0000	20.0000	69.0000	0.3034
0.5000	512	50.0000	20.0000	69.0000	0.3034
0.5000	512	10.0000	20.0000	60.0000	0.4026
0.5000	512	50.0000	20.0000	60.0000	0.4026
0.5000	512	10.0000	20.0000	54.0000	0.4949
0.5000	512	50.0000	20.0000	54.0000	0.4949
0.5000	512	10.0000	20.0000	49.0000	0.6031
0.5000	512	50.0000	20.0000	49.0000	0.6031
0.5000	512	10.0000	20.0000	45.0000	0.7157
0.5000	512	50.0000	20.0000	45.0000	0.7157
0.5000	512	10.0000	20.0000	42.0000	0.8193
0.5000	512	50.0000	20.0000	42.0000	0.8193
0.5000	512	10.0000	20.0000	41.0000	0.8629
0.5000	512	50.0000	20.0000	41.0000	0.8629
1.0000	512	10.0000	1.0000	8.0000	0.0714
1.0000	512	50.0000	1.0000	8.0000	0.0714
1.0000	512	10.0000	2.0000	12.0000	0.1000
1.0000	512	50.0000	2.0000	12.0000	0.1000
1.0000	512	10.0000	2.0000	8.0000	0.2143
1.0000	512	50.0000	2.0000	8.0000	0.2143
1.0000	512	10.0000	5.0000	30.0000	0.1026
1.0000	512	50.0000	5.0000	30.0000	0.1026
1.0000	512	10.0000	5.0000	20.0000	0.2353
1.0000	512	50.0000	5.0000	20.0000	0.2353
1.0000	512	10.0000	5.0000	16.0000	0.3571
1.0000	512	50.0000	5.0000	16.0000	0.3571
1.0000	512	10.0000	5.0000	14.0000	0.4762
1.0000	512	50.0000	5.0000	14.0000	0.4762
1.0000	512	10.0000	5.0000	12.0000	0.6667
1.0000	512	50.0000	5.0000	12.0000	0.6667
1.0000	512	10.0000	10.0000	60.0000	0.1013
1.0000	512	50.0000	10.0000	60.0000	0.1013
1.0000	512	10.0000	10.0000	42.0000	0.2090
1.0000	512	50.0000	10.0000	42.0000	0.2090
1.0000	512	10.0000	10.0000	34.0000	0.3205
1.0000	512	50.0000	10.0000	34.0000	0.3205
1.0000	512	10.0000	10.0000	30.0000	0.4051
1.0000	512	50.0000	10.0000	30.0000	0.4051
1.0000	512	10.0000	10.0000	26.0000	0.5284
1.0000	512	50.0000	10.0000	26.0000	0.5284
1.0000	512	10.0000	10.0000	24.0000	0.6270
1.0000	512	50.0000	10.0000	24.0000	0.6270
1.0000	512	10.0000	10.0000	22.0000	0.7560
1.0000	512	50.0000	10.0000	22.0000	0.7560
1.0000	512	10.0000	20.0000	120.0000	0.1013
1.0000	512	50.0000	20.0000	120.0000	0.1013
1.0000	512	10.0000	20.0000	84.0000	0.2061
1.0000	512	50.0000	20.0000	84.0000	0.2061
1.0000	512	10.0000	20.0000	70.0000	0.2960
1.0000	512	50.0000	20.0000	70.0000	0.2960
1.0000	512	10.0000	20.0000	60.0000	0.4051
1.0000	512	50.0000	20.0000	60.0000	0.4051
1.0000	512	10.0000	20.0000	54.0000	0.4980
1.0000	512	50.0000	20.0000	54.0000	0.4980
1.0000	512	10.0000	20.0000	48.0000	0.6270
1.0000	512	50.0000	20.0000	48.0000	0.6270
1.0000	512	10.0000	20.0000	46.0000	0.6870
1.0000	512	50.0000	20.0000	46.0000	0.6870
1.0000	512	10.0000	20.0000	42.0000	0.8360
1.0000	512	50.0000	20.0000	42.0000	0.8360
1.0000	512	10.0000	50.0000	150.0000	0.4031
1.0000	512	50.0000	50.0000	150.0000	0.4031
1.0000	512	10.0000	50.0000	134.0000	0.5057
1.0000	512	50.0000	50.0000	134.0000	0.5057
1.0000	512	10.0000	50.0000	122.0000	0.6078
1.0000	512	50.0000	50.0000	122.0000	0.6078
1.0000	512	10.0000	50.0000	114.0000	0.6964
1.0000	512	50.0000	50.0000	114.0000	0.6964
1.0000	512	10.0000	50.0000	106.0000	0.8060
1.0000	512	50.0000	50.0000	106.0000	0.8060
1.0000	512	10.0000	50.0000	102.0000	0.8757
1.0000	512	50.0000	50.0000	102.0000	0.8757
