0.000000000000000000e+00 -8.599065378094255863e+00
-1.499999999999999944e-02 -8.497073663021952328e+00
-2.999999999999999889e-02 -8.397814642844030786e+00
-4.499999999999999833e-02 -8.301479110260606475e+00
-5.999999999999999778e-02 -8.208280325379318398e+00
-7.499999999999999722e-02 -8.118432886290056771e+00
-8.999999999999999667e-02 -8.032141332744615170e+00
-1.049999999999999961e-01 -7.949606043104782138e+00
-1.199999999999999956e-01 -7.871019487188524622e+00
-1.350000000000000089e-01 -7.796567387866774723e+00
-1.499999999999999944e-01 -7.726426830639602450e+00
-1.649999999999999800e-01 -7.660766542747494690e+00
-1.799999999999999933e-01 -7.599745208770673166e+00
-1.950000000000000067e-01 -7.543511690205999543e+00
-2.099999999999999922e-01 -7.492203613707428822e+00
-2.249999999999999778e-01 -7.445947543104353805e+00
-2.399999999999999911e-01 -7.404857790188643207e+00
-2.550000000000000044e-01 -7.369036559234541706e+00
-2.700000000000000178e-01 -7.338573013420708335e+00
-2.849999999999999756e-01 -7.313543386252363554e+00
-2.999999999999999889e-01 -7.294010291499229304e+00
-3.150000000000000022e-01 -7.280022803152419009e+00
-3.299999999999999600e-01 -7.271616018897464784e+00
