0.000000000000000000e+00 -8.043717315427386438e+00
-1.499999999999999944e-02 -7.880946605017927986e+00
-2.999999999999999889e-02 -7.721632422125409789e+00
-4.499999999999999833e-02 -7.566087920792090138e+00
-5.999999999999999778e-02 -7.414812241995800690e+00
-7.499999999999999722e-02 -7.268317335239411925e+00
-8.999999999999999667e-02 -7.127097687858396036e+00
-1.049999999999999961e-01 -6.991621578485498922e+00
-1.199999999999999956e-01 -6.862330069212360328e+00
-1.350000000000000089e-01 -6.739633312689687017e+00
-1.499999999999999944e-01 -6.623909716380658175e+00
-1.649999999999999800e-01 -6.515504680725723752e+00
-1.799999999999999933e-01 -6.414730747338786010e+00
-1.950000000000000067e-01 -6.321867868806745783e+00
-2.099999999999999922e-01 -6.237164324504643531e+00
-2.249999999999999778e-01 -6.160837940280962322e+00
-2.399999999999999911e-01 -6.093077585284984998e+00
-2.550000000000000044e-01 -6.034044781547442504e+00
-2.700000000000000178e-01 -5.983875382562683143e+00
-2.849999999999999756e-01 -5.942681125011865184e+00
-2.999999999999999889e-01 -5.910551241142260714e+00
-3.150000000000000022e-01 -5.887553598874505134e+00
-3.299999999999999600e-01 -5.873735990767070092e+00
