0.000000000000000000e+00 -8.187450333391316448e+00
-1.499999999999999944e-02 -8.043370886861806568e+00
-2.999999999999999889e-02 -7.902394565941810001e+00
-4.499999999999999833e-02 -7.764908685944993394e+00
-5.999999999999999778e-02 -7.631313106485004383e+00
-7.499999999999999722e-02 -7.502017114901095240e+00
-8.999999999999999667e-02 -7.377414441209293017e+00
-1.049999999999999961e-01 -7.257886370789260688e+00
-1.199999999999999956e-01 -7.143794290390256485e+00
-1.350000000000000089e-01 -7.035481867425963820e+00
-1.499999999999999944e-01 -6.933270012179733044e+00
-1.649999999999999800e-01 -6.837458685965899008e+00
-1.799999999999999933e-01 -6.748323598270484780e+00
-1.950000000000000067e-01 -6.666117953379096406e+00
-2.099999999999999922e-01 -6.591070298655876236e+00
-2.249999999999999778e-01 -6.523386325140063668e+00
-2.399999999999999911e-01 -6.463247550887124326e+00
-2.550000000000000044e-01 -6.410813100081833582e+00
-2.700000000000000178e-01 -6.366218906458362525e+00
-2.849999999999999756e-01 -6.329579348719155618e+00
-2.999999999999999889e-01 -6.300986752283571413e+00
-3.150000000000000022e-01 -6.280512751674706351e+00
-3.299999999999999600e-01 -6.268207894576674377e+00
