-0.000000000000000000e+00 -2.000000000000000000e+01
-2.999999999999999889e-02 -1.970445533548507910e+01
-5.999999999999999778e-02 -1.941764533584248653e+01
-8.999999999999999667e-02 -1.913931185271228230e+01
-1.199999999999999956e-01 -1.886920436717157656e+01
-1.499999999999999944e-01 -1.860707976425057808e+01
-1.799999999999999933e-01 -1.835270211411272001e+01
-2.099999999999999922e-01 -1.810584245970186856e+01
-2.399999999999999911e-01 -1.786627861066553535e+01
-2.700000000000000178e-01 -1.763379494336853170e+01
-2.999999999999999889e-01 -1.740818220681718032e+01
-3.299999999999999600e-01 -1.718923733431926237e+01
-3.599999999999999867e-01 -1.697676326071031028e+01
-3.900000000000000133e-01 -1.677056874498164518e+01
-4.199999999999999845e-01 -1.657046819815056793e+01
-4.499999999999999556e-01 -1.637628151621773398e+01
-4.799999999999999822e-01 -1.618783391806140770e+01
-5.100000000000000089e-01 -1.600495578812265762e+01
-5.400000000000000355e-01 -1.582748252373989573e+01
-5.699999999999999512e-01 -1.565525438699537020e+01
-5.999999999999999778e-01 -1.548811636094026412e+01
-6.300000000000000044e-01 -1.532591801006897114e+01
-6.599999999999999201e-01 -1.516851334491699177e+01
-6.899999999999999467e-01 -1.501576069066055652e+01
-7.199999999999999734e-01 -1.486752255959971691e+01
-7.500000000000000000e-01 -1.472366552741014800e+01
-7.800000000000000266e-01 -1.458406011305223515e+01
-8.099999999999999423e-01 -1.444858066222941062e+01
-8.399999999999999689e-01 -1.431710523429079629e+01
-8.699999999999999956e-01 -1.418951549247639043e+01
-8.999999999999999112e-01 -1.406569659740599221e+01
-9.299999999999999378e-01 -1.394553710371601163e+01
-9.599999999999999645e-01 -1.382892885975111952e+01
-9.899999999999999911e-01 -1.371576691022045758e+01
-1.020000000000000018e+00 -1.360594940173078271e+01
-1.050000000000000044e+00 -1.349937749111155227e+01
-1.080000000000000071e+00 -1.339595525644939045e+01
-1.109999999999999876e+00 -1.329558961075189139e+01
-1.139999999999999902e+00 -1.319819021816303994e+01
-1.169999999999999929e+00 -1.310366941265485075e+01
-1.199999999999999956e+00 -1.301194211912202192e+01
-1.229999999999999982e+00 -1.292292577680859367e+01
-1.260000000000000009e+00 -1.283654026499770495e+01
-1.290000000000000036e+00 -1.275270783089752413e+01
-1.319999999999999840e+00 -1.267135301965850402e+01
-1.349999999999999867e+00 -1.259240260645891496e+01
-1.379999999999999893e+00 -1.251578553059756516e+01
-1.409999999999999920e+00 -1.244143283153437096e+01
-1.439999999999999947e+00 -1.236927758682121770e+01
-1.469999999999999973e+00 -1.229925485186723932e+01
-1.500000000000000000e+00 -1.223130160148429724e+01
-1.530000000000000027e+00 -1.216535667316007086e+01
-1.560000000000000053e+00 -1.210136071200764718e+01
-1.589999999999999858e+00 -1.203925611734213419e+01
-1.619999999999999885e+00 -1.197898699083614638e+01
-1.649999999999999911e+00 -1.192049908620754195e+01
-1.679999999999999938e+00 -1.186373976039410039e+01
-1.709999999999999964e+00 -1.180865792617122167e+01
-1.739999999999999991e+00 -1.175520400616996852e+01
-1.770000000000000018e+00 -1.170332988825409437e+01
-1.799999999999999822e+00 -1.165298888221586537e+01
-1.829999999999999849e+00 -1.160413567775172794e+01
-1.859999999999999876e+00 -1.155672630367997300e+01
