0.000000000000000000e+00 -7.639287187931603995e+00
-1.499999999999999944e-02 -7.408895076327148388e+00
-2.999999999999999889e-02 -7.182224293481594302e+00
-4.499999999999999833e-02 -6.960678818980108318e+00
-5.999999999999999778e-02 -6.745440600859660130e+00
-7.499999999999999722e-02 -6.537539306021446173e+00
-8.999999999999999667e-02 -6.337911118396427845e+00
-1.049999999999999961e-01 -6.147372365079586842e+00
-1.199999999999999956e-01 -5.966625664705088816e+00
-1.350000000000000089e-01 -5.796254521469506926e+00
-1.499999999999999944e-01 -5.636733176587697791e+00
-1.649999999999999800e-01 -5.488432379036162878e+00
-1.799999999999999933e-01 -5.351632867911325420e+00
-1.950000000000000067e-01 -5.226536046508162947e+00
-2.099999999999999922e-01 -5.113278340259034493e+00
-2.249999999999999778e-01 -5.011942685484627624e+00
-2.399999999999999911e-01 -4.922571491729607729e+00
-2.550000000000000044e-01 -4.845176613481302574e+00
-2.700000000000000178e-01 -4.779749832838478873e+00
-2.849999999999999756e-01 -4.726270300799122026e+00
-2.999999999999999889e-01 -4.684712240359427682e+00
-3.150000000000000022e-01 -4.655049631792629761e+00
-3.299999999999999600e-01 -4.637261327445579617e+00
