0.000000000000000000e+00 -8.614860948911854166e+00
-1.499999999999999944e-02 -8.514001412902809207e+00
-2.999999999999999889e-02 -8.416039735862167248e+00
-4.499999999999999833e-02 -8.321011388917998630e+00
-5.999999999999999778e-02 -8.229096957245666033e+00
-7.499999999999999722e-02 -8.140505173741825473e+00
-8.999999999999999667e-02 -8.055434697747806183e+00
-1.049999999999999961e-01 -7.974080861662235620e+00
-1.199999999999999956e-01 -7.896630987983940919e+00
-1.350000000000000089e-01 -7.823266005854348393e+00
-1.499999999999999944e-01 -7.754158355231148825e+00
-1.649999999999999800e-01 -7.689472426189621679e+00
-1.799999999999999933e-01 -7.629362808799821316e+00
-1.950000000000000067e-01 -7.573974584990835091e+00
-2.099999999999999922e-01 -7.523441892405380749e+00
-2.249999999999999778e-01 -7.477888132929780163e+00
-2.399999999999999911e-01 -7.437424772414250818e+00
-2.550000000000000044e-01 -7.402151504292627138e+00
-2.700000000000000178e-01 -7.372155309236680054e+00
-2.849999999999999756e-01 -7.347510576604027399e+00
-2.999999999999999889e-01 -7.328278408871349292e+00
-3.150000000000000022e-01 -7.314506707243910277e+00
-3.299999999999999600e-01 -7.306229730113244614e+00
