0.000000000000000000e+00 -6.968822552616258825e+00
-1.499999999999999944e-02 -6.500717077187291970e+00
-2.999999999999999889e-02 -6.049467512725264839e+00
-4.499999999999999833e-02 -5.621042258790780899e+00
-5.999999999999999778e-02 -5.220482500779660029e+00
-7.499999999999999722e-02 -4.850863526765119005e+00
-8.999999999999999667e-02 -4.513357952197356582e+00
-1.049999999999999961e-01 -4.207686075782464563e+00
-1.199999999999999956e-01 -3.932595685436703459e+00
-1.350000000000000089e-01 -3.686271218764898272e+00
-1.499999999999999944e-01 -3.466644020595078590e+00
-1.649999999999999800e-01 -3.271600991481255605e+00
-1.799999999999999933e-01 -3.099116091045237109e+00
-1.950000000000000067e-01 -2.947322264243562362e+00
-2.099999999999999922e-01 -2.814546708255319274e+00
-2.249999999999999778e-01 -2.699320849492585772e+00
-2.399999999999999911e-01 -2.600377827061418401e+00
-2.550000000000000044e-01 -2.516641665517977522e+00
-2.700000000000000178e-01 -2.447214630932354140e+00
-2.849999999999999756e-01 -2.391362994268477316e+00
-2.999999999999999889e-01 -2.348505033102508133e+00
-3.150000000000000022e-01 -2.318199511963176196e+00
-3.299999999999999600e-01 -2.300137835747120718e+00
