0.000000000000000000e+00 -8.574992486617611931e+00
-1.499999999999999944e-02 -8.470666730270226097e+00
-2.999999999999999889e-02 -8.369273717215621744e+00
-4.499999999999999833e-02 -8.270861095394373308e+00
-5.999999999999999778e-02 -8.175623356748305426e+00
-7.499999999999999722e-02 -8.083783428648050773e+00
-8.999999999999999667e-02 -7.995553936388094307e+00
-1.049999999999999961e-01 -7.911143804058256457e+00
-1.199999999999999956e-01 -7.830753473681192567e+00
-1.350000000000000089e-01 -7.754576454896992210e+00
-1.499999999999999944e-01 -7.682797140678120584e+00
-1.649999999999999800e-01 -7.615591203357856998e+00
-1.799999999999999933e-01 -7.553123779535896531e+00
-1.950000000000000067e-01 -7.495549734303774692e+00
-2.099999999999999922e-01 -7.443012180723147075e+00
-2.249999999999999778e-01 -7.395642675024138413e+00
-2.399999999999999911e-01 -7.353559989239839112e+00
-2.550000000000000044e-01 -7.316870272336513992e+00
-2.700000000000000178e-01 -7.285666095764511851e+00
-2.849999999999999756e-01 -7.260026578982794909e+00
-2.999999999999999889e-01 -7.240016688072200779e+00
-3.150000000000000022e-01 -7.225687327642936530e+00
-3.299999999999999600e-01 -7.217074897752770113e+00
