0.000000000000000000e+00 -7.479940853135851775e+00
-1.499999999999999944e-02 -7.211613637389287845e+00
-2.999999999999999889e-02 -6.948381216866284404e+00
-4.499999999999999833e-02 -6.691682948884972504e+00
-5.999999999999999778e-02 -6.443021070804316963e+00
-7.499999999999999722e-02 -6.203801443721133957e+00
-8.999999999999999667e-02 -5.975217734798071056e+00
-1.049999999999999961e-01 -5.758258253837407636e+00
-1.199999999999999956e-01 -5.553694096714759887e+00
-1.350000000000000089e-01 -5.362102241641117040e+00
-1.499999999999999944e-01 -5.183877866714809990e+00
-1.649999999999999800e-01 -5.019265850346221747e+00
-1.799999999999999933e-01 -4.868382150252066332e+00
-1.950000000000000067e-01 -4.731245141570900259e+00
-2.099999999999999922e-01 -4.607796596438122450e+00
-2.249999999999999778e-01 -4.497927805264133383e+00
-2.399999999999999911e-01 -4.401495992520644052e+00
-2.550000000000000044e-01 -4.318343725749505424e+00
-2.700000000000000178e-01 -4.248309976678625866e+00
-2.849999999999999756e-01 -4.191243413263409323e+00
-2.999999999999999889e-01 -4.147008882706438193e+00
-3.150000000000000022e-01 -4.115495879207148100e+00
-3.299999999999999600e-01 -4.096621558406917885e+00
