0.000000000000000000e+00 -7.303669297813280892e+00
-1.499999999999999944e-02 -6.985514063717559452e+00
-2.999999999999999889e-02 -6.673084174350257136e+00
-4.499999999999999833e-02 -6.369505366199323504e+00
-5.999999999999999778e-02 -6.077254083664655582e+00
-7.499999999999999722e-02 -5.798292726689436627e+00
-8.999999999999999667e-02 -5.534155327096542010e+00
-1.049999999999999961e-01 -5.285936916626196691e+00
-1.199999999999999956e-01 -5.054342195319265763e+00
-1.350000000000000089e-01 -4.839732004516435815e+00
-1.499999999999999944e-01 -4.642192753916705605e+00
-1.649999999999999800e-01 -4.461596462820963893e+00
-1.799999999999999933e-01 -4.297663667039583579e+00
-1.950000000000000067e-01 -4.150012966115146362e+00
-2.099999999999999922e-01 -4.018206310267891546e+00
-2.249999999999999778e-01 -3.901781863400551220e+00
-2.399999999999999911e-01 -3.800282146668118699e+00
-2.550000000000000044e-01 -3.713272777693777726e+00
-2.700000000000000178e-01 -3.640358302749536090e+00
-2.849999999999999756e-01 -3.581191455574073590e+00
-2.999999999999999889e-01 -3.535481486154106179e+00
-3.150000000000000022e-01 -3.502997862603818735e+00
-3.299999999999999600e-01 -3.483574588699314134e+00
