0.000000000000000000e+00 -5.994527273797085165e+00
-1.499999999999999944e-02 -4.618702553723253779e+00
-2.999999999999999889e-02 -3.602115213939230731e+00
-4.499999999999999833e-02 -2.892555369205450422e+00
-5.999999999999999778e-02 -2.386695600370704273e+00
-7.499999999999999722e-02 -2.010670549781378380e+00
-8.999999999999999667e-02 -1.720285222030214500e+00
-1.049999999999999961e-01 -1.488670118991643365e+00
-1.199999999999999956e-01 -1.299456092773553229e+00
-1.350000000000000089e-01 -1.141910277142767605e+00
-1.499999999999999944e-01 -1.009022276242160787e+00
-1.649999999999999800e-01 -8.957979692144661943e-01
-1.799999999999999933e-01 -7.988026245163030170e-01
-1.950000000000000067e-01 -7.154283810115916742e-01
-2.099999999999999922e-01 -6.438202343209065148e-01
-2.249999999999999778e-01 -5.824870432625458561e-01
-2.399999999999999911e-01 -5.303639805890635328e-01
-2.550000000000000044e-01 -4.865663765743111213e-01
-2.700000000000000178e-01 -4.504695842924690274e-01
-2.849999999999999756e-01 -4.215309680654397151e-01
-2.999999999999999889e-01 -3.993982446920886775e-01
-3.150000000000000022e-01 -3.837672980340523510e-01
-3.299999999999999600e-01 -3.744757157825131522e-01
