0.000000000000000000e+00 -8.508786566438367061e+00
-1.499999999999999944e-02 -8.398952013682636775e+00
-2.999999999999999889e-02 -8.291732969372903383e+00
-4.499999999999999833e-02 -8.187514074166067246e+00
-5.999999999999999778e-02 -8.086571833086626526e+00
-7.499999999999999722e-02 -7.989155277584795378e+00
-8.999999999999999667e-02 -7.895502727985042490e+00
-1.049999999999999961e-01 -7.805846514664136926e+00
-1.199999999999999956e-01 -7.720410200722858107e+00
-1.350000000000000089e-01 -7.639409053801948346e+00
-1.499999999999999944e-01 -7.563048186034911247e+00
-1.649999999999999800e-01 -7.491522580347523608e+00
-1.799999999999999933e-01 -7.425015393761738913e+00
-1.950000000000000067e-01 -7.363698053371808605e+00
-2.099999999999999922e-01 -7.307728792017973873e+00
-2.249999999999999778e-01 -7.257252776939697725e+00
-2.399999999999999911e-01 -7.212400919200684157e+00
-2.550000000000000044e-01 -7.173290014252759583e+00
-2.700000000000000178e-01 -7.140021806187660580e+00
-2.849999999999999756e-01 -7.112683119216225869e+00
-2.999999999999999889e-01 -7.091345193176201711e+00
-3.150000000000000022e-01 -7.076063786451893378e+00
-3.299999999999999600e-01 -7.066878752811687647e+00
