0.000000000000000000e+00 -5.604061380971053552e+00
-1.499999999999999944e-02 -7.357824670378863452e+00
-2.999999999999999889e-02 -7.667805302675850143e+00
-4.499999999999999833e-02 -7.838566972618414397e+00
-5.999999999999999778e-02 -7.861201560179853942e+00
-7.499999999999999722e-02 -7.880425257103421011e+00
-8.999999999999999667e-02 -7.856994171444320330e+00
-1.049999999999999961e-01 -7.841124645374035751e+00
-1.199999999999999956e-01 -7.807719422925346819e+00
-1.350000000000000089e-01 -7.782665561370889051e+00
-1.499999999999999944e-01 -7.749154192910658878e+00
-1.649999999999999800e-01 -7.723346064730085558e+00
-1.799999999999999933e-01 -7.693132574827381553e+00
-1.950000000000000067e-01 -7.669836103823064022e+00
-2.099999999999999922e-01 -7.644170424162566313e+00
-2.249999999999999778e-01 -7.624776138636552680e+00
-2.399999999999999911e-01 -7.604137917574701255e+00
-2.550000000000000044e-01 -7.589272957810886844e+00
-2.700000000000000178e-01 -7.573798414075491259e+00
-2.849999999999999756e-01 -7.563758750666826458e+00
-2.999999999999999889e-01 -7.553482926787300045e+00
-3.150000000000000022e-01 -7.548417566529911582e+00
-3.299999999999999600e-01 -7.543299991306452235e+00
