0.000000000000000000e+00 -8.081078476135193256e+00
-1.499999999999999944e-02 -7.923989647540003567e+00
-2.999999999999999889e-02 -7.769814130486421000e+00
-4.499999999999999833e-02 -7.619271742208587384e+00
-5.999999999999999778e-02 -7.472880270305714667e+00
-7.499999999999999722e-02 -7.331130553015106521e+00
-8.999999999999999667e-02 -7.194485786740435707e+00
-1.049999999999999961e-01 -7.063392482050777410e+00
-1.199999999999999956e-01 -6.938268012194035883e+00
-1.350000000000000089e-01 -6.819505724042956629e+00
-1.499999999999999944e-01 -6.707467856336226220e+00
-1.649999999999999800e-01 -6.602489268073603590e+00
-1.799999999999999933e-01 -6.504872974612835534e+00
-1.950000000000000067e-01 -6.414893729941055334e+00
-2.099999999999999922e-01 -6.332795539296490084e+00
-2.249999999999999778e-01 -6.258795192698607401e+00
-2.399999999999999911e-01 -6.193080876315133487e+00
-2.550000000000000044e-01 -6.135815568379346274e+00
-2.700000000000000178e-01 -6.087136371320204908e+00
-2.849999999999999756e-01 -6.047157555483624769e+00
-2.999999999999999889e-01 -6.015970096648369569e+00
-3.150000000000000022e-01 -5.993644197594900191e+00
-3.299999999999999600e-01 -5.980228819276652175e+00
