0.000000000000000000e+00 -5.546495788093506185e+00
-1.499999999999999944e-02 -3.624207638224631101e+00
-2.999999999999999889e-02 -2.606334006463530084e+00
-4.499999999999999833e-02 -2.004980770617656116e+00
-5.999999999999999778e-02 -1.615024347758056367e+00
-7.499999999999999722e-02 -1.331673168316112710e+00
-8.999999999999999667e-02 -1.117538052209027688e+00
-1.049999999999999961e-01 -9.448051619102120213e-01
-1.199999999999999956e-01 -8.042047084332660800e-01
-1.350000000000000089e-01 -6.850173806329923343e-01
-1.499999999999999944e-01 -5.844848077716617851e-01
-1.649999999999999800e-01 -4.972689988075258971e-01
-1.799999999999999933e-01 -4.225771796717621154e-01
-1.950000000000000067e-01 -3.572954235611353058e-01
-2.099999999999999922e-01 -3.013469441995840770e-01
-2.249999999999999778e-01 -2.526686255380956592e-01
-2.399999999999999911e-01 -2.114863851783983784e-01
-2.550000000000000044e-01 -1.763460824268343330e-01
-2.700000000000000178e-01 -1.476234711810070210e-01
-2.849999999999999756e-01 -1.241960783730891305e-01
-2.999999999999999889e-01 -1.065323360479484144e-01
-3.150000000000000022e-01 -9.375508442552142607e-02
-3.299999999999999600e-01 -8.640968522535280583e-02
