-0.000000000000000000e+00 -2.000000000000000000e+01
-2.999999999999999889e-02 -1.940891067097016176e+01
-5.999999999999999778e-02 -1.883529067168497306e+01
-8.999999999999999667e-02 -1.827862370542456460e+01
-1.199999999999999956e-01 -1.773840873434314958e+01
-1.499999999999999944e-01 -1.721415952850115616e+01
-1.799999999999999933e-01 -1.670540422822544002e+01
-2.099999999999999922e-01 -1.621168491940374068e+01
-2.399999999999999911e-01 -1.573255722133106893e+01
-2.700000000000000178e-01 -1.526758988673706341e+01
-2.999999999999999889e-01 -1.481636441363435708e+01
-3.299999999999999600e-01 -1.437847466863852297e+01
-3.599999999999999867e-01 -1.395352652142062055e+01
-3.900000000000000133e-01 -1.354113748996329392e+01
-4.199999999999999845e-01 -1.314093639630113586e+01
-4.499999999999999556e-01 -1.275256303243546618e+01
-4.799999999999999822e-01 -1.237566783612281718e+01
-5.100000000000000089e-01 -1.200991157624531880e+01
-5.400000000000000355e-01 -1.165496504747979323e+01
-5.699999999999999512e-01 -1.131050877399074217e+01
-5.999999999999999778e-01 -1.097623272188052823e+01
-6.300000000000000044e-01 -1.065183602013794406e+01
-6.599999999999999201e-01 -1.033702668983398532e+01
-6.899999999999999467e-01 -1.003152138132111126e+01
-7.199999999999999734e-01 -9.735045119199433827e+00
-7.500000000000000000e-01 -9.447331054820294227e+00
-7.800000000000000266e-01 -9.168120226104470305e+00
-8.099999999999999423e-01 -8.897161324458823017e+00
-8.399999999999999689e-01 -8.634210468581594355e+00
-8.699999999999999956e-01 -8.379030984952780869e+00
-8.999999999999999112e-01 -8.131393194811982639e+00
-9.299999999999999378e-01 -7.891074207432023258e+00
-9.599999999999999645e-01 -7.657857719502240812e+00
-9.899999999999999911e-01 -7.431533820440914262e+00
-1.020000000000000018e+00 -7.211898803461566310e+00
-1.050000000000000044e+00 -6.998754982223106325e+00
-1.080000000000000071e+00 -6.791910512898782670e+00
-1.109999999999999876e+00 -6.591179221503782770e+00
-1.139999999999999902e+00 -6.396380436326079000e+00
-1.169999999999999929e+00 -6.207338825309700603e+00
-1.199999999999999956e+00 -6.023884238244042955e+00
-1.229999999999999982e+00 -5.845851553617188223e+00
-1.260000000000000009e+00 -5.673080529995408128e+00
-1.290000000000000036e+00 -5.505415661795046489e+00
-1.319999999999999840e+00 -5.342706039317008049e+00
-1.349999999999999867e+00 -5.184805212917831696e+00
-1.379999999999999893e+00 -5.031571061195130312e+00
-1.409999999999999920e+00 -4.882865663068741924e+00
-1.439999999999999947e+00 -4.738555173642435392e+00
-1.469999999999999973e+00 -4.598509703734476872e+00
-1.500000000000000000e+00 -4.462603202968596250e+00
-1.530000000000000027e+00 -4.330713346320141710e+00
-1.560000000000000053e+00 -4.202721424015294360e+00
-1.589999999999999858e+00 -4.078512234684269266e+00
-1.619999999999999885e+00 -3.957973981672294084e+00
-1.649999999999999911e+00 -3.840998172415082568e+00
-1.679999999999999938e+00 -3.727479520788199441e+00
-1.709999999999999964e+00 -3.617315852342442017e+00
-1.739999999999999991e+00 -3.510408012339937045e+00
-1.770000000000000018e+00 -3.406659776508188742e+00
-1.799999999999999822e+00 -3.305977764431731192e+00
-1.829999999999999849e+00 -3.208271355503455879e+00
-1.859999999999999876e+00 -3.113452607359946889e+00
