0.000000000000000000e+00 -6.805380457987104670e+00
-1.499999999999999944e-02 -6.228603679821719474e+00
-2.999999999999999889e-02 -5.681808976665194244e+00
-4.499999999999999833e-02 -5.175027597831315163e+00
-5.999999999999999778e-02 -4.714686075952530864e+00
-7.499999999999999722e-02 -4.302719967380673971e+00
-8.999999999999999667e-02 -3.937678424266783939e+00
-1.049999999999999961e-01 -3.616169555522307455e+00
-1.199999999999999956e-01 -3.333974797809394541e+00
-1.350000000000000089e-01 -3.086750612324849818e+00
-1.499999999999999944e-01 -2.870418853789796998e+00
-1.649999999999999800e-01 -2.681335480270789606e+00
-1.799999999999999933e-01 -2.516344174530005695e+00
-1.950000000000000067e-01 -2.372759142247784059e+00
-2.099999999999999922e-01 -2.248325286787787647e+00
-2.249999999999999778e-01 -2.141163942955712773e+00
-2.399999999999999911e-01 -2.049723842257489714e+00
-2.550000000000000044e-01 -1.972732987252223236e+00
-2.700000000000000178e-01 -1.909161118934501467e+00
-2.849999999999999756e-01 -1.858185340162138210e+00
-2.999999999999999889e-01 -1.819165823564424356e+00
-3.150000000000000022e-01 -1.791623776416482849e+00
-3.299999999999999600e-01 -1.775228258270249437e+00
