0.000000000000000000e+00 -8.411671817211766822e+00
-1.499999999999999944e-02 -8.292028780936131938e+00
-2.999999999999999889e-02 -8.175412427199750809e+00
-4.499999999999999833e-02 -8.061979323323660296e+00
-5.999999999999999778e-02 -7.951999128104087156e+00
-7.499999999999999722e-02 -7.845750956465951553e+00
-8.999999999999999667e-02 -7.743514088915201654e+00
-1.049999999999999961e-01 -7.645558011850869029e+00
-1.199999999999999956e-01 -7.552143946546671316e+00
-1.350000000000000089e-01 -7.463521846187952669e+00
-1.499999999999999944e-01 -7.379929945040454520e+00
-1.649999999999999800e-01 -7.301593333035229172e+00
-1.799999999999999933e-01 -7.228723257563910209e+00
-1.950000000000000067e-01 -7.161516238364711739e+00
-2.099999999999999922e-01 -7.100153427123690797e+00
-2.249999999999999778e-01 -7.044800047931705222e+00
-2.399999999999999911e-01 -6.995604895831467829e+00
-2.550000000000000044e-01 -6.952699968268382769e+00
-2.700000000000000178e-01 -6.916200171821652809e+00
-2.849999999999999756e-01 -6.886203044540528673e+00
-2.999999999999999889e-01 -6.862788646215650878e+00
-3.150000000000000022e-01 -6.846019295306482455e+00
-3.299999999999999600e-01 -6.835939663215457429e+00
