0.000000000000000000e+00 -8.454566426891680919e+00
-1.499999999999999944e-02 -8.339136167226662621e+00
-2.999999999999999889e-02 -8.226720252604902583e+00
-4.499999999999999833e-02 -8.117426589387850555e+00
-5.999999999999999778e-02 -8.011505766281301177e+00
-7.499999999999999722e-02 -7.909223569188301717e+00
-8.999999999999999667e-02 -7.810840712913349471e+00
-1.049999999999999961e-01 -7.716609998775953549e+00
-1.199999999999999956e-01 -7.626775788499853270e+00
-1.350000000000000089e-01 -7.541572220209156185e+00
-1.499999999999999944e-01 -7.461222793637871220e+00
-1.649999999999999800e-01 -7.385939055720616153e+00
-1.799999999999999933e-01 -7.315919865799587640e+00
-1.950000000000000067e-01 -7.251350550599047651e+00
-2.099999999999999922e-01 -7.192402262723281758e+00
-2.249999999999999778e-01 -7.139231402598877452e+00
-2.399999999999999911e-01 -7.091979057865605895e+00
-2.550000000000000044e-01 -7.050770598809136480e+00
-2.700000000000000178e-01 -7.015715332997941367e+00
-2.849999999999999756e-01 -6.986906180778555964e+00
-2.999999999999999889e-01 -6.964419500353501213e+00
-3.150000000000000022e-01 -6.948314786886326644e+00
-3.299999999999999600e-01 -6.938634722628830076e+00
