0.000000000000000000e+00 -8.363327116280276030e+00
-1.499999999999999944e-02 -8.238962326056192609e+00
-2.999999999999999889e-02 -8.117514667268078910e+00
-4.499999999999999833e-02 -7.999288704066403355e+00
-5.999999999999999778e-02 -7.884593934372597701e+00
-7.499999999999999722e-02 -7.773739379909150315e+00
-8.999999999999999667e-02 -7.667025347470490360e+00
-1.049999999999999961e-01 -7.564744157443885619e+00
-1.199999999999999956e-01 -7.467176197501409263e+00
-1.350000000000000089e-01 -7.374590423991939758e+00
-1.499999999999999944e-01 -7.287241696572260174e+00
-1.649999999999999800e-01 -7.205371061924719989e+00
-1.799999999999999933e-01 -7.129203520927211102e+00
-1.950000000000000067e-01 -7.058948394745900856e+00
-2.099999999999999922e-01 -6.994797691252669480e+00
-2.249999999999999778e-01 -6.936926524256291415e+00
-2.399999999999999911e-01 -6.885491834022625213e+00
-2.550000000000000044e-01 -6.840632849924035419e+00
-2.700000000000000178e-01 -6.802470217807087494e+00
-2.849999999999999756e-01 -6.771106438196551558e+00
-2.999999999999999889e-01 -6.746625238119523083e+00
-3.150000000000000022e-01 -6.729091940664489790e+00
-3.299999999999999600e-01 -6.718553097002878616e+00
