0.000000000000000000e+00 -7.878127545004180554e+00
-1.499999999999999944e-02 -7.690764762368337060e+00
-2.999999999999999889e-02 -7.507110209455941430e+00
-4.499999999999999833e-02 -7.327640364241355009e+00
-5.999999999999999778e-02 -7.153037809377630118e+00
-7.499999999999999722e-02 -6.983973716181519187e+00
-8.999999999999999667e-02 -6.821089234224418263e+00
-1.049999999999999961e-01 -6.664976168893813835e+00
-1.199999999999999956e-01 -6.516179229048706389e+00
-1.350000000000000089e-01 -6.375188966716008210e+00
-1.499999999999999944e-01 -6.242444315256875598e+00
-1.649999999999999800e-01 -6.118330857804338940e+00
-1.799999999999999933e-01 -6.003184495111665520e+00
-1.950000000000000067e-01 -5.897292892567128852e+00
-2.099999999999999922e-01 -5.800900291206269266e+00
-2.249999999999999778e-01 -5.714210542672966575e+00
-2.399999999999999911e-01 -5.637392161158926385e+00
-2.550000000000000044e-01 -5.570581786016346015e+00
-2.700000000000000178e-01 -5.513889008511715595e+00
-2.849999999999999756e-01 -5.467399400442406687e+00
-2.999999999999999889e-01 -5.431178531456455794e+00
-3.150000000000000022e-01 -5.405274035840053060e+00
-3.299999999999999600e-01 -5.389718663784949015e+00
