0.000000000000000000e+00 -8.609041474456189391e+00
-1.499999999999999944e-02 -8.507915873499619863e+00
-2.999999999999999889e-02 -8.409494621087320709e+00
-4.499999999999999833e-02 -8.313990996161624736e+00
-5.999999999999999778e-02 -8.221614549042669751e+00
-7.499999999999999722e-02 -8.132571669407759885e+00
-8.999999999999999667e-02 -8.047063444421494793e+00
-1.049999999999999961e-01 -7.965286046457283220e+00
-1.199999999999999956e-01 -7.887428701029659983e+00
-1.350000000000000089e-01 -7.813674006502324687e+00
-1.499999999999999944e-01 -7.744196087802820649e+00
-1.649999999999999800e-01 -7.679160859609802436e+00
-1.799999999999999933e-01 -7.618724389165631550e+00
-1.950000000000000067e-01 -7.563033113523033535e+00
-2.099999999999999922e-01 -7.512222427193804286e+00
-2.249999999999999778e-01 -7.466416861075645173e+00
-2.399999999999999911e-01 -7.425728906132197160e+00
-2.550000000000000044e-01 -7.390259158060404232e+00
-2.700000000000000178e-01 -7.360095384038491950e+00
-2.849999999999999756e-01 -7.335312634524290054e+00
-2.999999999999999889e-01 -7.315972557026992007e+00
-3.150000000000000022e-01 -7.302123474724917074e+00
-3.299999999999999600e-01 -7.293799949091154033e+00
