0.000000000000000000e+00 -8.281202005340306371e+00
-1.499999999999999944e-02 -8.148119923142235876e+00
-2.999999999999999889e-02 -8.017951421215514074e+00
-4.499999999999999833e-02 -7.891096476186998387e+00
-5.999999999999999778e-02 -7.767930499552857526e+00
-7.499999999999999722e-02 -7.648803721374135556e+00
-8.999999999999999667e-02 -7.534059624837419200e+00
-1.049999999999999961e-01 -7.424027736705748559e+00
-1.199999999999999956e-01 -7.319025528153196625e+00
-1.350000000000000089e-01 -7.219354699449967327e+00
-1.499999999999999944e-01 -7.125300900770018764e+00
-1.649999999999999800e-01 -7.037131854064390346e+00
-1.799999999999999933e-01 -6.955096981551318613e+00
-1.950000000000000067e-01 -6.879426401058228002e+00
-2.099999999999999922e-01 -6.810330549854223925e+00
-2.249999999999999778e-01 -6.747999742775123266e+00
-2.399999999999999911e-01 -6.692604098223514875e+00
-2.550000000000000044e-01 -6.644293389281669349e+00
-2.700000000000000178e-01 -6.603197117325478871e+00
-2.849999999999999756e-01 -6.569424485461679453e+00
-2.999999999999999889e-01 -6.543064680841641945e+00
-3.150000000000000022e-01 -6.524186808714149244e+00
-3.299999999999999600e-01 -6.512840243638150284e+00
