0.000000000000000000e+00 -8.552487058124761177e+00
-1.499999999999999944e-02 -8.446192184820185744e+00
-2.999999999999999889e-02 -8.342813490228849105e+00
-4.499999999999999833e-02 -8.242438511068883145e+00
-5.999999999999999778e-02 -8.145279610018487659e+00
-7.499999999999999722e-02 -8.051561865215111524e+00
-8.999999999999999667e-02 -7.961507396418696203e+00
-1.049999999999999961e-01 -7.875331418920796800e+00
-1.199999999999999956e-01 -7.793242650726892151e+00
-1.350000000000000089e-01 -7.715441440659630778e+00
-1.499999999999999944e-01 -7.642119489253592413e+00
-1.649999999999999800e-01 -7.573458671180881119e+00
-1.799999999999999933e-01 -7.509630454248271469e+00
-1.950000000000000067e-01 -7.450795105508367655e+00
-2.099999999999999922e-01 -7.397101060800368444e+00
-2.249999999999999778e-01 -7.348684349890004519e+00
-2.399999999999999911e-01 -7.305668043464694783e+00
-2.550000000000000044e-01 -7.268161805059274450e+00
-2.700000000000000178e-01 -7.236261485534694060e+00
-2.849999999999999756e-01 -7.210048742454912230e+00
-2.999999999999999889e-01 -7.189590820606031940e+00
-3.150000000000000022e-01 -7.174940197200522007e+00
-3.299999999999999600e-01 -7.166134572678027226e+00
