0.000000000000000000e+00 -8.003854354369961399e+00
-1.499999999999999944e-02 -7.836026036988153365e+00
-2.999999999999999889e-02 -7.671335360869415254e+00
-4.499999999999999833e-02 -7.510439332196252593e+00
-5.999999999999999778e-02 -7.353931725170322231e+00
-7.499999999999999722e-02 -7.202360504126458451e+00
-8.999999999999999667e-02 -7.056252381690230280e+00
-1.049999999999999961e-01 -6.916102446627396816e+00
-1.199999999999999956e-01 -6.782375313371959535e+00
-1.350000000000000089e-01 -6.655500204072057890e+00
-1.499999999999999944e-01 -6.535870834626914316e+00
-1.649999999999999800e-01 -6.423843901052120664e+00
-1.799999999999999933e-01 -6.319739922130900744e+00
-1.950000000000000067e-01 -6.223843664771459672e+00
-2.099999999999999922e-01 -6.136405681246994703e+00
-2.249999999999999778e-01 -6.057643878764941370e+00
-2.399999999999999911e-01 -5.987745664759300368e+00
-2.550000000000000044e-01 -5.926869940254263724e+00
-2.700000000000000178e-01 -5.875149311912271521e+00
-2.849999999999999756e-01 -5.832691982901463845e+00
-2.999999999999999889e-01 -5.799583817538450425e+00
-3.150000000000000022e-01 -5.775889717602629148e+00
-3.299999999999999600e-01 -5.761655205699607762e+00
