0.000000000000000000e+00 -6.456773857060127852e+00
-1.499999999999999944e-02 -5.575223007030623457e+00
-2.999999999999999889e-02 -4.789136165194472383e+00
-4.499999999999999833e-02 -4.126112260791754416e+00
-5.999999999999999778e-02 -3.580682082462050886e+00
-7.499999999999999722e-02 -3.134549826118265159e+00
-8.999999999999999667e-02 -2.768092580599672559e+00
-1.049999999999999961e-01 -2.464519988127862771e+00
-1.199999999999999956e-01 -2.210650665201741472e+00
-1.350000000000000089e-01 -1.996474738752409550e+00
-1.499999999999999944e-01 -1.814454241469682705e+00
-1.649999999999999800e-01 -1.658906303058201637e+00
-1.799999999999999933e-01 -1.525512554000258314e+00
-1.950000000000000067e-01 -1.410967792055339176e+00
-2.099999999999999922e-01 -1.312715338765352069e+00
-2.249999999999999778e-01 -1.228766774067238332e+00
-2.399999999999999911e-01 -1.157564621756395296e+00
-2.550000000000000044e-01 -1.097889979763736923e+00
-2.700000000000000178e-01 -1.048787143653455489e+00
-2.849999999999999756e-01 -1.009515892990486607e+00
-2.999999999999999889e-01 -9.795115954481502518e-01
-3.150000000000000022e-01 -9.583613178148359113e-01
-3.299999999999999600e-01 -9.457809397784936456e-01
