0.000000000000000000e+00 -7.365224653202479210e+00
-1.499999999999999944e-02 -7.064800730875368195e+00
-2.999999999999999889e-02 -6.770477818901333933e+00
-4.499999999999999833e-02 -6.484161703108044073e+00
-5.999999999999999778e-02 -6.207810793257239723e+00
-7.499999999999999722e-02 -5.943184281677681646e+00
-8.999999999999999667e-02 -5.691692518613939100e+00
-1.049999999999999961e-01 -5.454417395890325260e+00
-1.199999999999999956e-01 -5.232113770313055134e+00
-1.350000000000000089e-01 -5.025256163564793432e+00
-1.499999999999999944e-01 -4.834073902779956633e+00
-1.649999999999999800e-01 -4.658605570927969453e+00
-1.799999999999999933e-01 -4.498739324673374895e+00
-1.950000000000000067e-01 -4.354260205573361908e+00
-2.099999999999999922e-01 -4.224882532633942311e+00
-2.249999999999999778e-01 -4.110284470300527460e+00
-2.399999999999999911e-01 -4.010129467789861124e+00
-2.550000000000000044e-01 -3.924088884577994207e+00
-2.700000000000000178e-01 -3.851854251551493302e+00
-2.849999999999999756e-01 -3.793151034494142149e+00
-2.999999999999999889e-01 -3.747744617003579748e+00
-3.150000000000000022e-01 -3.715448257191533710e+00
-3.299999999999999600e-01 -3.696125245615620170e+00
