0.000000000000000000e+00 -7.176924370663781971e+00
-1.499999999999999944e-02 -6.812894838270998399e+00
-2.999999999999999889e-02 -6.456415433933416992e+00
-4.499999999999999833e-02 -6.111933051863273292e+00
-5.999999999999999778e-02 -5.782788478437933755e+00
-7.499999999999999722e-02 -5.471448341956392625e+00
-8.999999999999999667e-02 -5.179617875017537898e+00
-1.049999999999999961e-01 -4.908289484497140975e+00
-1.199999999999999956e-01 -4.657860551347425826e+00
-1.350000000000000089e-01 -4.428257542185948914e+00
-1.499999999999999944e-01 -4.219066761123407616e+00
-1.649999999999999800e-01 -4.029646523023539650e+00
-1.799999999999999933e-01 -3.859222280465980592e+00
-1.950000000000000067e-01 -3.706958911206064133e+00
-2.099999999999999922e-01 -3.572015204021798507e+00
-2.249999999999999778e-01 -3.453581615299175400e+00
-2.399999999999999911e-01 -3.350906218944788684e+00
-2.550000000000000044e-01 -3.263310913455761852e+00
-2.700000000000000178e-01 -3.190201493884915251e+00
-2.849999999999999756e-01 -3.131072768945803553e+00
-2.999999999999999889e-01 -3.085511327735465770e+00
-3.150000000000000022e-01 -3.053195949212248461e+00
-3.299999999999999600e-01 -3.033897905210506174e+00
